2 0.5131835938 0.5136718750 0.4267578125 0.4218750000
1 0.0024414062 0.9340820312 0.0048828125 0.1318359375
2 0.0078125000 0.5908203125 0.0156250000 0.1113281250
3 0.8476562500 0.5195312500 0.1250000000 0.1894531250
1 0.0058593750 0.1430664062 0.0117187500 0.0341796875
1 0.0083007812 0.7524414062 0.0166015625 0.0341796875
1 0.0078125000 0.6757812500 0.0156250000 0.0332031250
1 0.1118164062 0.8378906250 0.0283203125 0.0703125000
1 0.2358398438 0.9980468750 0.0712890625 0.0039062500
1 0.2646484375 0.4653320312 0.0664062500 0.0341796875
1 0.7089843750 0.2548828125 0.0683593750 0.0449218750
1 0.3466796875 0.3129882812 0.0312500000 0.0654296875
3 0.1708984375 0.0112304688 0.3417968750 0.0224609375
3 0.6020507812 0.0092773438 0.4970703125 0.0185546875
3 0.9423828125 0.0107421875 0.1152343750 0.0214843750
0 0.2993164062 0.2954101562 0.0263671875 0.0810546875
