3 0.0551757812 0.3818359375 0.1103515625 0.7246093750
1 0.1801757812 0.8657226562 0.1376953125 0.0673828125
2 0.3608398438 0.9340820312 0.1630859375 0.1318359375
0 0.1816406250 0.7900390625 0.1113281250 0.0488281250
3 0.3955078125 0.5644531250 0.2265625000 0.1171875000
0 0.4980468750 0.9760742188 0.0800781250 0.0380859375
0 0.5068359375 0.9262695312 0.0761718750 0.0419921875
0 0.4931640625 0.8701171875 0.0742187500 0.0507812500
0 0.4970703125 0.8159179688 0.0742187500 0.0341796875
1 0.3330078125 0.8090820312 0.0781250000 0.0322265625
1 0.2358398438 0.5014648438 0.0361328125 0.0693359375
1 0.1909179688 0.5024414062 0.0380859375 0.0751953125
1 0.1381835938 0.5034179688 0.0361328125 0.0732421875
1 0.1357421875 0.3769531250 0.0371093750 0.0781250000
1 0.1357421875 0.2749023438 0.0312500000 0.0693359375
1 0.1386718750 0.2001953125 0.0429687500 0.0781250000
1 0.2045898438 0.2998046875 0.0400390625 0.0742187500
0 0.9160156250 0.0073242188 0.0625000000 0.0146484375
3 0.6816406250 0.6523437500 0.2441406250 0.6953125000
3 0.6054687500 0.1420898438 0.2421875000 0.2841796875
2 0.9863281250 0.4448242188 0.0273437500 0.8896484375
3 0.4057617188 0.0297851562 0.1162109375 0.0595703125
