3 0.2685546875 0.3100585938 0.1855468750 0.2197265625
3 0.3432617188 0.7084960938 0.6865234375 0.5029296875
3 0.2622070312 0.9824218750 0.1806640625 0.0351562500
3 0.5053710938 0.3974609375 0.1455078125 0.0800781250
2 0.9526367188 0.9960937500 0.0947265625 0.0078125000
0 0.4746093750 0.9721679688 0.0507812500 0.0205078125
3 0.9960937500 0.9121093750 0.0078125000 0.1484375000
3 0.9453125000 0.9140625000 0.0761718750 0.1445312500
0 0.8847656250 0.8984375000 0.0214843750 0.0468750000
1 0.8530273438 0.9345703125 0.0341796875 0.0566406250
0 0.7470703125 0.6669921875 0.0664062500 0.0312500000
0 0.8012695312 0.4897460938 0.0439453125 0.0205078125
3 0.8979492188 0.5297851562 0.1044921875 0.1826171875
1 0.6020507812 0.4018554688 0.0341796875 0.0654296875
1 0.9990234375 0.8125000000 0.0019531250 0.0195312500
2 0.9960937500 0.7207031250 0.0078125000 0.1210937500
1 0.9199218750 0.7373046875 0.0214843750 0.0410156250
1 0.9204101562 0.6762695312 0.0185546875 0.0439453125
1 0.9609375000 0.5576171875 0.0234375000 0.0488281250
0 0.9916992188 0.5639648438 0.0166015625 0.0283203125
1 0.5219726562 0.2221679688 0.0263671875 0.0458984375
0 0.5498046875 0.3393554688 0.0703125000 0.0322265625
0 0.5830078125 0.2084960938 0.0449218750 0.0205078125
1 0.6298828125 0.3378906250 0.0351562500 0.0351562500
0 0.6601562500 0.3754882812 0.0351562500 0.0361328125
0 0.6782226562 0.3940429688 0.0361328125 0.0361328125
1 0.7011718750 0.4155273438 0.0371093750 0.0400390625
1 0.7216796875 0.4443359375 0.0546875000 0.0546875000
2 0.7597656250 0.3120117188 0.1835937500 0.1904296875
0 0.8642578125 0.2319335938 0.0253906250 0.0517578125
0 0.8925781250 0.2314453125 0.0253906250 0.0507812500
0 0.8969726562 0.3876953125 0.0478515625 0.0214843750
0 0.9638671875 0.4057617188 0.0234375000 0.0419921875
0 0.9780273438 0.4409179688 0.0439453125 0.0166015625
0 0.9897460938 0.4809570312 0.0205078125 0.0419921875
3 0.9936523438 0.3725585938 0.0126953125 0.0810546875
3 0.8154296875 0.0981445312 0.3691406250 0.1943359375
0 0.8784179688 0.8208007812 0.0595703125 0.0302734375
3 0.9936523438 0.2714843750 0.0126953125 0.0839843750
