2 0.0727539062 0.5644531250 0.1455078125 0.1835937500
0 0.0395507812 0.3940429688 0.0634765625 0.0341796875
0 0.1171875000 0.4399414062 0.0566406250 0.0341796875
0 0.0991210938 0.7216796875 0.0341796875 0.0605468750
0 0.1162109375 0.7954101562 0.0625000000 0.0380859375
1 0.9375000000 0.6064453125 0.0703125000 0.0332031250
1 0.9404296875 0.6547851562 0.0742187500 0.0302734375
1 0.9360351562 0.7016601562 0.0673828125 0.0283203125
1 0.9140625000 0.5258789062 0.0449218750 0.1103515625
3 0.4277343750 0.5346679688 0.5507812500 0.2333984375
3 0.1923828125 0.1782226562 0.3847656250 0.3564453125
3 0.6933593750 0.2026367188 0.6132812500 0.3701171875
2 0.5864257812 0.8491210938 0.8271484375 0.3017578125
