1 0.9951171875 0.0356445312 0.0097656250 0.0517578125
2 0.8896484375 0.0170898438 0.0917968750 0.0341796875
0 0.9399414062 0.1586914062 0.0458984375 0.0224609375
1 0.7690429688 0.0327148438 0.0185546875 0.0439453125
3 0.7568359375 0.1162109375 0.1425781250 0.0781250000
0 0.7299804688 0.0346679688 0.0205078125 0.0419921875
1 0.8974609375 0.7426757812 0.0312500000 0.0380859375
0 0.8203125000 0.2319335938 0.0507812500 0.0576171875
0 0.7954101562 0.2602539062 0.0537109375 0.0537109375
1 0.8789062500 0.2265625000 0.0312500000 0.0312500000
0 0.7934570312 0.1748046875 0.0419921875 0.0195312500
3 0.6625976562 0.2070312500 0.1416015625 0.0761718750
3 0.6020507812 0.2929687500 0.1435546875 0.0761718750
3 0.5102539062 0.3862304688 0.1474609375 0.0830078125
3 0.5092773438 0.4790039062 0.1474609375 0.0791015625
3 0.4252929688 0.6005859375 0.0810546875 0.1445312500
3 0.3364257812 0.5996093750 0.0810546875 0.1464843750
1 0.8095703125 0.6459960938 0.0292968750 0.0341796875
1 0.7631835938 0.6098632812 0.0322265625 0.0361328125
0 0.7177734375 0.5898437500 0.0351562500 0.0332031250
0 0.6923828125 0.5605468750 0.0312500000 0.0351562500
3 0.7138671875 0.7167968750 0.1562500000 0.1523437500
1 0.4204101562 0.7817382812 0.0634765625 0.0322265625
1 0.3378906250 0.7812500000 0.0605468750 0.0351562500
0 0.7026367188 0.3798828125 0.0224609375 0.0429687500
1 0.7309570312 0.3535156250 0.0205078125 0.0410156250
1 0.7153320312 0.2890625000 0.0185546875 0.0429687500
2 0.2006835938 0.6967773438 0.1904296875 0.2294921875
3 0.0429687500 0.8505859375 0.0859375000 0.2812500000
3 0.2314453125 0.5019531250 0.0781250000 0.1484375000
3 0.1455078125 0.5039062500 0.0761718750 0.1445312500
0 0.0849609375 0.4882812500 0.0214843750 0.0468750000
1 0.0532226562 0.5244140625 0.0341796875 0.0566406250
0 0.0117187500 0.0795898438 0.0234375000 0.0205078125
0 0.2954101562 0.4746093750 0.0205078125 0.0410156250
3 0.0981445312 0.1196289062 0.1044921875 0.1826171875
1 0.2158203125 0.4023437500 0.0351562500 0.0195312500
0 0.2802734375 0.4018554688 0.0410156250 0.0205078125
2 0.2524414062 0.3105468750 0.1201171875 0.1210937500
1 0.1201171875 0.3271484375 0.0214843750 0.0410156250
1 0.1206054688 0.2661132812 0.0185546875 0.0439453125
1 0.1611328125 0.1474609375 0.0234375000 0.0488281250
0 0.2036132812 0.1538085938 0.0400390625 0.0283203125
0 0.1640625000 0.0083007812 0.0234375000 0.0166015625
0 0.1796875000 0.0307617188 0.0468750000 0.0166015625
0 0.1909179688 0.0708007812 0.0224609375 0.0419921875
3 0.2612304688 0.0014648438 0.1474609375 0.0029296875
1 0.3417968750 0.1059570312 0.0488281250 0.0224609375
2 0.5102539062 0.0073242188 0.0517578125 0.0146484375
0 0.4628906250 0.0043945312 0.0195312500 0.0087890625
0 0.4350585938 0.0053710938 0.0166015625 0.0107421875
2 0.2612304688 0.0825195312 0.1025390625 0.0888671875
0 0.5600585938 0.0063476562 0.0244140625 0.0126953125
0 0.5854492188 0.0058593750 0.0224609375 0.0117187500
0 0.6215820312 0.0434570312 0.0439453125 0.0185546875
2 0.5942382812 0.0883789062 0.0517578125 0.0498046875
3 0.5000000000 0.1181640625 0.1054687500 0.1796875000
2 0.4101562500 0.0673828125 0.0605468750 0.0585937500
0 0.4057617188 0.3105468750 0.0263671875 0.0429687500
1 0.3657226562 0.3159179688 0.0341796875 0.0634765625
0 0.4970703125 0.2211914062 0.0488281250 0.0224609375
0 0.4990234375 0.2490234375 0.0468750000 0.0234375000
1 0.3857421875 0.2607421875 0.0683593750 0.0332031250
1 0.4042968750 0.1909179688 0.0214843750 0.0419921875
1 0.3364257812 0.2460937500 0.0224609375 0.0429687500
0 0.6635742188 0.0053710938 0.0205078125 0.0107421875
0 0.6372070312 0.0053710938 0.0205078125 0.0107421875
0 0.6513671875 0.0971679688 0.0507812500 0.0224609375
0 0.6489257812 0.1298828125 0.0498046875 0.0273437500
3 0.3940429688 0.9125976562 0.6103515625 0.1748046875
3 0.8564453125 0.9096679688 0.2871093750 0.1787109375
1 0.3925781250 0.1264648438 0.0195312500 0.0380859375
0 0.4243164062 0.1298828125 0.0244140625 0.0410156250
1 0.2954101562 0.1889648438 0.0400390625 0.0185546875
1 0.2944335938 0.2163085938 0.0400390625 0.0185546875
0 0.0786132812 0.4106445312 0.0595703125 0.0302734375
2 0.8564453125 0.4638671875 0.2871093750 0.5371093750
