3 0.6860351562 0.0644531250 0.1552734375 0.1289062500
3 0.7993164062 0.0903320312 0.0634765625 0.1806640625
1 0.7587890625 0.1865234375 0.0195312500 0.0429687500
1 0.4829101562 0.0356445312 0.0205078125 0.0517578125
2 0.3720703125 0.0170898438 0.0917968750 0.0341796875
0 0.4223632812 0.1586914062 0.0458984375 0.0224609375
1 0.2514648438 0.0327148438 0.0185546875 0.0439453125
3 0.2392578125 0.1162109375 0.1425781250 0.0781250000
0 0.2124023438 0.0346679688 0.0205078125 0.0419921875
3 0.8959960938 0.4809570312 0.2021484375 0.3037109375
0 0.8168945312 0.8281250000 0.0439453125 0.0253906250
0 0.7753906250 0.6865234375 0.0449218750 0.0234375000
0 0.7768554688 0.7270507812 0.0458984375 0.0224609375
0 0.7749023438 0.7646484375 0.0537109375 0.0273437500
1 0.7519531250 0.5449218750 0.0351562500 0.0371093750
1 0.6538085938 0.6479492188 0.0400390625 0.0380859375
0 0.5288085938 0.7675781250 0.0322265625 0.0332031250
1 0.3798828125 0.7426757812 0.0312500000 0.0380859375
1 0.9174804688 0.2866210938 0.0283203125 0.0478515625
1 0.6513671875 0.2563476562 0.0332031250 0.0361328125
0 0.3027343750 0.2319335938 0.0507812500 0.0576171875
0 0.2778320312 0.2602539062 0.0537109375 0.0537109375
1 0.3613281250 0.2265625000 0.0312500000 0.0312500000
0 0.2758789062 0.1748046875 0.0419921875 0.0195312500
3 0.1450195312 0.2070312500 0.1416015625 0.0761718750
3 0.0844726562 0.2929687500 0.1435546875 0.0761718750
3 0.0332031250 0.3862304688 0.0664062500 0.0830078125
3 0.0327148438 0.4790039062 0.0654296875 0.0791015625
1 0.2919921875 0.6459960938 0.0292968750 0.0341796875
1 0.2456054688 0.6098632812 0.0322265625 0.0361328125
0 0.2001953125 0.5898437500 0.0351562500 0.0332031250
0 0.1748046875 0.5605468750 0.0312500000 0.0351562500
3 0.1962890625 0.7167968750 0.1562500000 0.1523437500
0 0.1850585938 0.3798828125 0.0224609375 0.0429687500
1 0.2133789062 0.3535156250 0.0205078125 0.0410156250
1 0.1977539062 0.2890625000 0.0185546875 0.0429687500
2 0.0092773438 0.0073242188 0.0185546875 0.0146484375
0 0.0424804688 0.0063476562 0.0244140625 0.0126953125
0 0.0678710938 0.0058593750 0.0224609375 0.0117187500
0 0.1040039062 0.0434570312 0.0439453125 0.0185546875
2 0.0766601562 0.0883789062 0.0517578125 0.0498046875
3 0.0175781250 0.1181640625 0.0351562500 0.1796875000
0 0.0019531250 0.2211914062 0.0039062500 0.0224609375
0 0.0024414062 0.2490234375 0.0048828125 0.0234375000
0 0.1459960938 0.0053710938 0.0205078125 0.0107421875
0 0.1196289062 0.0053710938 0.0205078125 0.0107421875
0 0.1337890625 0.0971679688 0.0507812500 0.0224609375
0 0.1313476562 0.1298828125 0.0498046875 0.0273437500
3 0.0908203125 0.9125976562 0.1816406250 0.1748046875
3 0.4497070312 0.9096679688 0.5087890625 0.1787109375
2 0.4609375000 0.4638671875 0.5312500000 0.5371093750
0 0.8930664062 0.6538085938 0.0439453125 0.0185546875
