1 0.0444335938 0.1259765625 0.0166015625 0.0410156250
1 0.0893554688 0.0605468750 0.0146484375 0.0390625000
1 0.1123046875 0.0615234375 0.0195312500 0.0332031250
1 0.0957031250 0.2114257812 0.0332031250 0.0205078125
2 0.2495117188 0.0708007812 0.2470703125 0.1416015625
2 0.2495117188 0.3286132812 0.2587890625 0.2568359375
1 0.3876953125 0.1552734375 0.0136718750 0.0371093750
1 0.4453125000 0.1884765625 0.0410156250 0.0136718750
1 0.5039062500 0.1748046875 0.0410156250 0.0136718750
1 0.4018554688 0.2094726562 0.0322265625 0.0205078125
1 0.4023437500 0.2294921875 0.0332031250 0.0195312500
2 0.5322265625 0.2915039062 0.1171875000 0.1376953125
1 0.4824218750 0.3715820312 0.0332031250 0.0205078125
1 0.5791015625 0.3769531250 0.0410156250 0.0136718750
1 0.4033203125 0.4433593750 0.0332031250 0.0195312500
1 0.4018554688 0.4633789062 0.0419921875 0.0146484375
1 0.0961914062 0.4438476562 0.0341796875 0.0185546875
1 0.0957031250 0.4653320312 0.0410156250 0.0146484375
2 0.0014648438 0.3979492188 0.0029296875 0.1181640625
1 0.0146484375 0.4106445312 0.0156250000 0.0361328125
1 0.0024414062 0.4692382812 0.0048828125 0.0205078125
1 0.0625000000 0.5200195312 0.0410156250 0.0166015625
3 0.2998046875 0.7910156250 0.5996093750 0.2421875000
1 0.6982421875 0.0092773438 0.0351562500 0.0185546875
1 0.5976562500 0.0502929688 0.0273437500 0.0458984375
1 0.6284179688 0.0498046875 0.0283203125 0.0449218750
1 0.6572265625 0.0498046875 0.0292968750 0.0468750000
1 0.6884765625 0.0498046875 0.0273437500 0.0468750000
3 0.7792968750 0.2543945312 0.2460937500 0.2587890625
0 0.6308593750 0.1860351562 0.0390625000 0.0146484375
0 0.6308593750 0.2070312500 0.0390625000 0.0136718750
0 0.6308593750 0.2270507812 0.0410156250 0.0146484375
0 0.6308593750 0.2480468750 0.0410156250 0.0136718750
0 0.6308593750 0.2680664062 0.0410156250 0.0146484375
0 0.6308593750 0.2880859375 0.0390625000 0.0136718750
0 0.6308593750 0.3085937500 0.0410156250 0.0156250000
0 0.6308593750 0.3286132812 0.0410156250 0.0146484375
1 0.7519531250 0.4091796875 0.0429687500 0.0156250000
2 0.7709960938 0.6323242188 0.0615234375 0.0537109375
0 0.8212890625 0.6103515625 0.0332031250 0.0195312500
0 0.8154296875 0.6411132812 0.0195312500 0.0322265625
0 0.7280273438 0.6582031250 0.0185546875 0.0332031250
0 0.6088867188 0.4785156250 0.0185546875 0.0332031250
0 0.6855468750 0.5097656250 0.0332031250 0.0195312500
0 0.6835937500 0.4692382812 0.0195312500 0.0322265625
1 0.6494140625 0.5107421875 0.0332031250 0.0195312500
1 0.7753906250 0.5888671875 0.0410156250 0.0136718750
1 0.7075195312 0.6210937500 0.0185546875 0.0390625000
1 0.7275390625 0.6210937500 0.0175781250 0.0332031250
1 0.7817382812 0.6718750000 0.0322265625 0.0175781250
0 0.0063476562 0.6123046875 0.0126953125 0.0195312500
0 0.0297851562 0.6123046875 0.0341796875 0.0195312500
0 0.0639648438 0.6113281250 0.0341796875 0.0195312500
0 0.0063476562 0.6528320312 0.0126953125 0.0205078125
0 0.0297851562 0.6523437500 0.0341796875 0.0195312500
0 0.0639648438 0.6523437500 0.0341796875 0.0195312500
0 0.0981445312 0.6518554688 0.0341796875 0.0205078125
0 0.1313476562 0.6518554688 0.0341796875 0.0205078125
0 0.0981445312 0.6113281250 0.0341796875 0.0214843750
0 0.1318359375 0.6113281250 0.0351562500 0.0214843750
0 0.1650390625 0.6113281250 0.0351562500 0.0195312500
0 0.1655273438 0.6508789062 0.0361328125 0.0205078125
0 0.1992187500 0.6113281250 0.0351562500 0.0195312500
0 0.1997070312 0.6508789062 0.0341796875 0.0205078125
1 0.0068359375 0.6318359375 0.0136718750 0.0195312500
1 0.0297851562 0.6323242188 0.0341796875 0.0205078125
1 0.0634765625 0.6318359375 0.0351562500 0.0195312500
1 0.0976562500 0.6318359375 0.0351562500 0.0195312500
1 0.1318359375 0.6313476562 0.0351562500 0.0205078125
1 0.1655273438 0.6313476562 0.0361328125 0.0205078125
1 0.1997070312 0.6313476562 0.0341796875 0.0205078125
1 0.2338867188 0.6308593750 0.0341796875 0.0214843750
1 0.2675781250 0.6308593750 0.0351562500 0.0214843750
1 0.3017578125 0.6308593750 0.0351562500 0.0214843750
1 0.3354492188 0.6303710938 0.0341796875 0.0205078125
1 0.3691406250 0.6303710938 0.0351562500 0.0205078125
1 0.4033203125 0.6303710938 0.0351562500 0.0205078125
1 0.4370117188 0.6303710938 0.0341796875 0.0205078125
1 0.4707031250 0.6308593750 0.0351562500 0.0195312500
1 0.5048828125 0.6298828125 0.0351562500 0.0195312500
1 0.5385742188 0.6293945312 0.0341796875 0.0205078125
1 0.5727539062 0.6289062500 0.0341796875 0.0195312500
1 0.6064453125 0.6289062500 0.0351562500 0.0195312500
1 0.6396484375 0.6293945312 0.0351562500 0.0185546875
0 0.3017578125 0.6103515625 0.0351562500 0.0195312500
0 0.3349609375 0.6103515625 0.0351562500 0.0195312500
0 0.3691406250 0.6098632812 0.0351562500 0.0205078125
0 0.4033203125 0.6098632812 0.0351562500 0.0205078125
0 0.4370117188 0.6098632812 0.0341796875 0.0205078125
0 0.4711914062 0.6098632812 0.0341796875 0.0205078125
0 0.5048828125 0.6098632812 0.0351562500 0.0205078125
0 0.5385742188 0.6093750000 0.0341796875 0.0195312500
0 0.5727539062 0.6093750000 0.0341796875 0.0195312500
0 0.6059570312 0.6088867188 0.0341796875 0.0205078125
0 0.6391601562 0.6088867188 0.0341796875 0.0205078125
0 0.3012695312 0.6503906250 0.0361328125 0.0195312500
0 0.3349609375 0.6508789062 0.0351562500 0.0205078125
0 0.3691406250 0.6499023438 0.0351562500 0.0205078125
0 0.4033203125 0.6503906250 0.0351562500 0.0195312500
0 0.4370117188 0.6503906250 0.0341796875 0.0195312500
0 0.4707031250 0.6499023438 0.0351562500 0.0205078125
0 0.5048828125 0.6494140625 0.0351562500 0.0214843750
0 0.5390625000 0.6499023438 0.0351562500 0.0205078125
0 0.5722656250 0.6489257812 0.0351562500 0.0205078125
0 0.6064453125 0.6499023438 0.0351562500 0.0205078125
0 0.6396484375 0.6484375000 0.0332031250 0.0214843750
0 0.2333984375 0.6513671875 0.0351562500 0.0195312500
0 0.2670898438 0.6508789062 0.0341796875 0.0185546875
0 0.2333984375 0.6103515625 0.0351562500 0.0195312500
0 0.2675781250 0.6108398438 0.0351562500 0.0205078125
