3 0.8403320312 0.6914062500 0.3193359375 0.1835937500
3 0.3745117188 0.2607421875 0.1337890625 0.5214843750
3 0.8393554688 0.5117187500 0.3212890625 0.0742187500
2 0.0488281250 0.1054687500 0.0976562500 0.1718750000
2 0.4736328125 0.6196289062 0.1386718750 0.1357421875
2 0.4047851562 0.7651367188 0.0673828125 0.0947265625
2 0.0395507812 0.4541015625 0.0498046875 0.0468750000
0 0.8027343750 0.4614257812 0.0546875000 0.0302734375
0 0.8046875000 0.4306640625 0.0507812500 0.0332031250
0 0.6176757812 0.5029296875 0.0556640625 0.0351562500
0 0.5009765625 0.4570312500 0.0292968750 0.0527343750
0 0.4702148438 0.4951171875 0.0322265625 0.0585937500
0 0.6362304688 0.5810546875 0.0576171875 0.0332031250
0 0.5888671875 0.6079101562 0.0566406250 0.0380859375
0 0.5766601562 0.6743164062 0.0341796875 0.0595703125
0 0.6562500000 0.6752929688 0.0292968750 0.0517578125
0 0.5737304688 0.7763671875 0.0322265625 0.0585937500
0 0.4873046875 0.7446289062 0.0566406250 0.0361328125
0 0.3837890625 0.5502929688 0.0566406250 0.0302734375
0 0.3569335938 0.5268554688 0.0634765625 0.0244140625
0 0.1767578125 0.0092773438 0.0449218750 0.0185546875
0 0.1748046875 0.0322265625 0.0488281250 0.0253906250
1 0.2119140625 0.0234375000 0.0273437500 0.0468750000
1 0.1362304688 0.0234375000 0.0263671875 0.0468750000
1 0.1489257812 0.0556640625 0.0517578125 0.0234375000
1 0.1679687500 0.0800781250 0.0546875000 0.0273437500
1 0.1474609375 0.1049804688 0.0605468750 0.0283203125
1 0.0737304688 0.2651367188 0.0224609375 0.0439453125
1 0.0493164062 0.2675781250 0.0224609375 0.0468750000
1 0.2807617188 0.6967773438 0.0341796875 0.0576171875
1 0.3662109375 0.6835937500 0.0312500000 0.0566406250
1 0.3388671875 0.6142578125 0.0507812500 0.0273437500
1 0.5141601562 0.5083007812 0.0302734375 0.0537109375
1 0.5727539062 0.5615234375 0.0322265625 0.0566406250
1 0.9003906250 0.4501953125 0.0429687500 0.0488281250
1 0.7885742188 0.3403320312 0.0517578125 0.0498046875
1 0.6425781250 0.1982421875 0.0468750000 0.0507812500
2 0.8188476562 0.2133789062 0.3623046875 0.4267578125
