3 0.8403320312 0.8857421875 0.3193359375 0.1835937500
3 0.0092773438 0.0307617188 0.0185546875 0.0615234375
3 0.3745117188 0.3579101562 0.1337890625 0.7158203125
3 0.8393554688 0.7060546875 0.3212890625 0.0742187500
2 0.0488281250 0.2998046875 0.0976562500 0.1718750000
2 0.4736328125 0.8139648438 0.1386718750 0.1357421875
2 0.4047851562 0.9560546875 0.0673828125 0.0878906250
2 0.0395507812 0.6484375000 0.0498046875 0.0468750000
3 0.5595703125 0.0825195312 0.1367187500 0.0751953125
0 0.8027343750 0.6557617188 0.0546875000 0.0302734375
0 0.8046875000 0.6250000000 0.0507812500 0.0332031250
0 0.6176757812 0.6972656250 0.0556640625 0.0351562500
0 0.5009765625 0.6513671875 0.0292968750 0.0527343750
0 0.4702148438 0.6894531250 0.0322265625 0.0585937500
0 0.6362304688 0.7753906250 0.0576171875 0.0332031250
0 0.5888671875 0.8022460938 0.0566406250 0.0380859375
0 0.5766601562 0.8686523438 0.0341796875 0.0595703125
0 0.6562500000 0.8696289062 0.0292968750 0.0517578125
0 0.5737304688 0.9707031250 0.0322265625 0.0585937500
0 0.4873046875 0.9389648438 0.0566406250 0.0361328125
0 0.3837890625 0.7446289062 0.0566406250 0.0302734375
0 0.3569335938 0.7211914062 0.0634765625 0.0244140625
0 0.4506835938 0.0009765625 0.0263671875 0.0019531250
0 0.4775390625 0.0014648438 0.0253906250 0.0029296875
0 0.5258789062 0.0014648438 0.0283203125 0.0029296875
0 0.5512695312 0.0014648438 0.0263671875 0.0029296875
0 0.6025390625 0.0009765625 0.0273437500 0.0019531250
0 0.6367187500 0.0014648438 0.0371093750 0.0029296875
0 0.1767578125 0.2001953125 0.0449218750 0.0253906250
0 0.1748046875 0.2265625000 0.0488281250 0.0253906250
0 0.7548828125 0.0175781250 0.0390625000 0.0351562500
0 0.7382812500 0.0327148438 0.0371093750 0.0400390625
1 0.0942382812 0.1630859375 0.0263671875 0.0585937500
1 0.0693359375 0.1621093750 0.0234375000 0.0566406250
1 0.2119140625 0.2124023438 0.0273437500 0.0576171875
1 0.1362304688 0.2128906250 0.0263671875 0.0566406250
1 0.1489257812 0.2500000000 0.0517578125 0.0234375000
1 0.1679687500 0.2744140625 0.0546875000 0.0273437500
1 0.1474609375 0.2993164062 0.0605468750 0.0283203125
1 0.0737304688 0.4594726562 0.0224609375 0.0439453125
1 0.0493164062 0.4619140625 0.0224609375 0.0468750000
1 0.2807617188 0.8911132812 0.0341796875 0.0576171875
1 0.3662109375 0.8779296875 0.0312500000 0.0566406250
1 0.3388671875 0.8085937500 0.0507812500 0.0273437500
1 0.5141601562 0.7026367188 0.0302734375 0.0537109375
1 0.5727539062 0.7558593750 0.0322265625 0.0566406250
1 0.9003906250 0.6445312500 0.0429687500 0.0488281250
1 0.7885742188 0.5346679688 0.0517578125 0.0498046875
1 0.6425781250 0.3925781250 0.0468750000 0.0507812500
1 0.6044921875 0.1791992188 0.0488281250 0.0302734375
1 0.7172851562 0.0517578125 0.0439453125 0.0468750000
2 0.8188476562 0.3105468750 0.3623046875 0.6210937500
