3 0.3334960938 0.2309570312 0.1982421875 0.1337890625
2 0.6718750000 0.3764648438 0.1992187500 0.1962890625
3 0.5356445312 0.7900390625 0.5654296875 0.1425781250
3 0.2124023438 0.7319335938 0.0693359375 0.1376953125
0 0.4028320312 0.6103515625 0.0283203125 0.0527343750
0 0.4331054688 0.6127929688 0.0302734375 0.0576171875
0 0.4765625000 0.6132812500 0.0332031250 0.0566406250
0 0.5092773438 0.6118164062 0.0322265625 0.0556640625
0 0.4003906250 0.6889648438 0.0332031250 0.0537109375
0 0.4335937500 0.6918945312 0.0292968750 0.0556640625
0 0.4780273438 0.6879882812 0.0302734375 0.0576171875
0 0.5083007812 0.6889648438 0.0302734375 0.0615234375
0 0.6020507812 0.6938476562 0.0302734375 0.0517578125
0 0.6352539062 0.6948242188 0.0302734375 0.0537109375
0 0.6791992188 0.6962890625 0.0302734375 0.0566406250
0 0.7104492188 0.6938476562 0.0322265625 0.0517578125
0 0.9765625000 0.9936523438 0.0449218750 0.0126953125
1 0.1538085938 0.5668945312 0.0341796875 0.0576171875
1 0.2875976562 0.6713867188 0.0517578125 0.0947265625
1 0.5332031250 0.2885742188 0.0292968750 0.0517578125
1 0.6137695312 0.2343750000 0.0263671875 0.0546875000
1 0.6401367188 0.2299804688 0.0244140625 0.0595703125
1 0.5214843750 0.3349609375 0.0546875000 0.0292968750
1 0.5039062500 0.3735351562 0.0546875000 0.0283203125
1 0.5048828125 0.4013671875 0.0625000000 0.0292968750
1 0.5102539062 0.4511718750 0.0595703125 0.0371093750
1 0.5893554688 0.5292968750 0.0244140625 0.0527343750
1 0.6152343750 0.5312500000 0.0234375000 0.0566406250
1 0.6586914062 0.5322265625 0.0263671875 0.0566406250
1 0.6855468750 0.5317382812 0.0273437500 0.0576171875
1 0.7324218750 0.5322265625 0.0312500000 0.0566406250
1 0.7602539062 0.5312500000 0.0302734375 0.0605468750
1 0.8208007812 0.3706054688 0.0537109375 0.0302734375
1 0.8208007812 0.3984375000 0.0576171875 0.0292968750
1 0.9550781250 0.4941406250 0.0566406250 0.0332031250
1 0.8940429688 0.9628906250 0.0263671875 0.0585937500
1 0.8691406250 0.9619140625 0.0234375000 0.0566406250
1 0.9990234375 0.9916992188 0.0019531250 0.0166015625
1 0.9360351562 0.9921875000 0.0263671875 0.0156250000
