3 0.5356445312 0.0307617188 0.5654296875 0.0615234375
3 0.2124023438 0.0004882812 0.0693359375 0.0009765625
2 0.8129882812 0.2998046875 0.1689453125 0.1718750000
2 0.4194335938 0.6884765625 0.1669921875 0.1718750000
2 0.0429687500 0.2636718750 0.0468750000 0.0449218750
2 0.0571289062 0.4111328125 0.0693359375 0.0527343750
2 0.0556640625 0.5971679688 0.0468750000 0.0673828125
2 0.1025390625 0.6958007812 0.0859375000 0.0654296875
2 0.2207031250 0.2636718750 0.0468750000 0.0449218750
2 0.3544921875 0.3730468750 0.0488281250 0.0468750000
2 0.5756835938 0.8994140625 0.0478515625 0.0390625000
2 0.7348632812 0.9150390625 0.0478515625 0.0449218750
2 0.8393554688 0.6484375000 0.0498046875 0.0468750000
2 0.7226562500 0.6967773438 0.0449218750 0.0478515625
0 0.4663085938 0.5537109375 0.0302734375 0.0585937500
0 0.3906250000 0.5639648438 0.0273437500 0.0595703125
0 0.3339843750 0.5639648438 0.0273437500 0.0498046875
0 0.3486328125 0.4897460938 0.0546875000 0.0302734375
0 0.0126953125 0.9658203125 0.0253906250 0.0312500000
0 0.9765625000 0.2001953125 0.0449218750 0.0253906250
0 0.9746093750 0.2265625000 0.0488281250 0.0253906250
1 0.0073242188 0.3139648438 0.0146484375 0.0556640625
1 0.0830078125 0.3032226562 0.0507812500 0.0302734375
1 0.1811523438 0.3022460938 0.0576171875 0.0322265625
1 0.3037109375 0.2905273438 0.0546875000 0.0283203125
1 0.2426757812 0.4780273438 0.0341796875 0.0595703125
1 0.1010742188 0.4873046875 0.0263671875 0.0546875000
1 0.0131835938 0.5727539062 0.0263671875 0.0263671875
1 0.0180664062 0.6547851562 0.0322265625 0.0576171875
1 0.1015625000 0.6406250000 0.0605468750 0.0312500000
1 0.0102539062 0.7490234375 0.0205078125 0.0273437500
1 0.0590820312 0.9501953125 0.0283203125 0.0585937500
1 0.0249023438 0.8242187500 0.0498046875 0.0312500000
1 0.3540039062 0.8198242188 0.0263671875 0.0556640625
1 0.4052734375 0.8203125000 0.0253906250 0.0566406250
1 0.5297851562 0.8657226562 0.0478515625 0.0244140625
1 0.5327148438 0.8354492188 0.0478515625 0.0263671875
1 0.6318359375 0.5258789062 0.0292968750 0.0556640625
1 0.6215820312 0.6499023438 0.0283203125 0.0537109375
1 0.6752929688 0.6635742188 0.0517578125 0.0302734375
1 0.6752929688 0.2812500000 0.0556640625 0.0273437500
1 0.6748046875 0.2543945312 0.0566406250 0.0302734375
1 0.8940429688 0.1630859375 0.0263671875 0.0585937500
1 0.8691406250 0.1621093750 0.0234375000 0.0566406250
1 0.9990234375 0.2124023438 0.0019531250 0.0576171875
1 0.9360351562 0.2128906250 0.0263671875 0.0566406250
1 0.9487304688 0.2500000000 0.0517578125 0.0234375000
1 0.9677734375 0.2744140625 0.0546875000 0.0273437500
1 0.9472656250 0.2993164062 0.0605468750 0.0283203125
1 0.8735351562 0.4594726562 0.0224609375 0.0439453125
1 0.8491210938 0.4619140625 0.0224609375 0.0468750000
1 0.4379882812 0.5541992188 0.0263671875 0.0595703125
