2 0.8129882812 0.1054687500 0.1689453125 0.1718750000
2 0.4194335938 0.4941406250 0.1669921875 0.1718750000
2 0.0429687500 0.0693359375 0.0468750000 0.0449218750
2 0.0571289062 0.2167968750 0.0693359375 0.0527343750
2 0.0556640625 0.4028320312 0.0468750000 0.0673828125
2 0.1025390625 0.5014648438 0.0859375000 0.0654296875
2 0.2207031250 0.0693359375 0.0468750000 0.0449218750
2 0.3544921875 0.1787109375 0.0488281250 0.0468750000
2 0.5756835938 0.7050781250 0.0478515625 0.0390625000
2 0.7348632812 0.7207031250 0.0478515625 0.0449218750
2 0.8393554688 0.4541015625 0.0498046875 0.0468750000
2 0.7226562500 0.5024414062 0.0449218750 0.0478515625
0 0.4663085938 0.3593750000 0.0302734375 0.0585937500
0 0.3906250000 0.3696289062 0.0273437500 0.0595703125
0 0.3339843750 0.3696289062 0.0273437500 0.0498046875
0 0.3486328125 0.2954101562 0.0546875000 0.0302734375
0 0.0126953125 0.7714843750 0.0253906250 0.0312500000
0 0.9765625000 0.0092773438 0.0449218750 0.0185546875
0 0.9746093750 0.0322265625 0.0488281250 0.0253906250
1 0.0073242188 0.1196289062 0.0146484375 0.0556640625
1 0.0830078125 0.1088867188 0.0507812500 0.0302734375
1 0.1811523438 0.1079101562 0.0576171875 0.0322265625
1 0.3037109375 0.0961914062 0.0546875000 0.0283203125
1 0.2426757812 0.2836914062 0.0341796875 0.0595703125
1 0.1010742188 0.2929687500 0.0263671875 0.0546875000
1 0.0131835938 0.3784179688 0.0263671875 0.0263671875
1 0.0180664062 0.4604492188 0.0322265625 0.0576171875
1 0.1015625000 0.4462890625 0.0605468750 0.0312500000
1 0.0102539062 0.5546875000 0.0205078125 0.0273437500
1 0.0590820312 0.7558593750 0.0283203125 0.0585937500
1 0.0249023438 0.6298828125 0.0498046875 0.0312500000
1 0.3540039062 0.6254882812 0.0263671875 0.0556640625
1 0.4052734375 0.6259765625 0.0253906250 0.0566406250
1 0.5297851562 0.6713867188 0.0478515625 0.0244140625
1 0.5327148438 0.6411132812 0.0478515625 0.0263671875
1 0.6318359375 0.3315429688 0.0292968750 0.0556640625
1 0.6215820312 0.4555664062 0.0283203125 0.0537109375
1 0.6752929688 0.4692382812 0.0517578125 0.0302734375
1 0.6752929688 0.0869140625 0.0556640625 0.0273437500
1 0.6748046875 0.0600585938 0.0566406250 0.0302734375
1 0.9990234375 0.0234375000 0.0019531250 0.0468750000
1 0.9360351562 0.0234375000 0.0263671875 0.0468750000
1 0.9487304688 0.0556640625 0.0517578125 0.0234375000
1 0.9677734375 0.0800781250 0.0546875000 0.0273437500
1 0.9472656250 0.1049804688 0.0605468750 0.0283203125
1 0.8735351562 0.2651367188 0.0224609375 0.0439453125
1 0.8491210938 0.2675781250 0.0224609375 0.0468750000
1 0.4379882812 0.3598632812 0.0263671875 0.0595703125
