3 0.1982421875 0.8857421875 0.3964843750 0.1835937500
3 0.7055664062 0.8300781250 0.5322265625 0.2421875000
3 0.7441406250 0.3852539062 0.4648437500 0.2548828125
3 0.4082031250 0.3559570312 0.2089843750 0.7119140625
2 0.1098632812 0.7177734375 0.2197265625 0.1503906250
2 0.1582031250 0.0659179688 0.0937500000 0.0927734375
0 0.2519531250 0.0351562500 0.0312500000 0.0507812500
0 0.2080078125 0.5053710938 0.0605468750 0.0361328125
3 0.5346679688 0.0615234375 0.0537109375 0.1230468750
1 0.0776367188 0.0209960938 0.0478515625 0.0419921875
1 0.1953125000 0.1674804688 0.0507812500 0.0517578125
1 0.1865234375 0.3779296875 0.0527343750 0.0585937500
1 0.1494140625 0.4135742188 0.0605468750 0.0615234375
1 0.0991210938 0.4643554688 0.0615234375 0.0615234375
1 0.0649414062 0.5004882812 0.0537109375 0.0556640625
1 0.1259765625 0.5458984375 0.0507812500 0.0273437500
1 0.0971679688 0.6250000000 0.0576171875 0.0292968750
2 0.0888671875 0.3105468750 0.1777343750 0.6210937500
