3 0.3950195312 0.6914062500 0.7900390625 0.1835937500
3 0.9165039062 0.6357421875 0.1669921875 0.2421875000
3 0.9526367188 0.1909179688 0.0947265625 0.2548828125
3 0.1323242188 0.5117187500 0.2646484375 0.0742187500
3 0.8017578125 0.2587890625 0.2089843750 0.5175781250
2 0.4921875000 0.5234375000 0.2421875000 0.1503906250
0 0.6015625000 0.3110351562 0.0605468750 0.0361328125
0 0.0151367188 0.4614257812 0.0302734375 0.0302734375
0 0.0151367188 0.4306640625 0.0302734375 0.0332031250
1 0.3125000000 0.5634765625 0.0585937500 0.0351562500
1 0.1005859375 0.4501953125 0.0429687500 0.0488281250
1 0.0073242188 0.3403320312 0.0146484375 0.0498046875
1 0.5800781250 0.1835937500 0.0527343750 0.0585937500
1 0.5429687500 0.2192382812 0.0605468750 0.0615234375
1 0.4926757812 0.2700195312 0.0615234375 0.0615234375
1 0.4584960938 0.3061523438 0.0537109375 0.0556640625
1 0.3173828125 0.4428710938 0.0605468750 0.0634765625
1 0.5195312500 0.3515625000 0.0507812500 0.0273437500
1 0.4907226562 0.4306640625 0.0576171875 0.0292968750
2 0.2856445312 0.2133789062 0.5712890625 0.4267578125
