3 0.0590820312 0.2333984375 0.1181640625 0.1347656250
3 0.4082031250 0.8867187500 0.2089843750 0.2265625000
3 0.5405273438 0.6601562500 0.1943359375 0.2070312500
2 0.3100585938 0.3666992188 0.0986328125 0.0947265625
2 0.3232421875 0.6831054688 0.0781250000 0.0556640625
3 0.0590820312 0.3867187500 0.1181640625 0.0781250000
1 0.4350585938 0.3710937500 0.0537109375 0.0937500000
1 0.3896484375 0.3681640625 0.0332031250 0.0585937500
1 0.3125000000 0.2324218750 0.0917968750 0.0507812500
1 0.3154296875 0.2875976562 0.0859375000 0.0517578125
1 0.3095703125 0.5024414062 0.0917968750 0.0478515625
1 0.3139648438 0.4497070312 0.0849609375 0.0537109375
2 0.1582031250 0.8657226562 0.0937500000 0.0927734375
0 0.4956054688 0.2900390625 0.0341796875 0.0605468750
0 0.4057617188 0.2778320312 0.0556640625 0.0302734375
0 0.4052734375 0.3066406250 0.0546875000 0.0312500000
0 0.4072265625 0.4580078125 0.0527343750 0.0253906250
0 0.4067382812 0.4843750000 0.0517578125 0.0253906250
0 0.2138671875 0.6953125000 0.0488281250 0.0253906250
0 0.2133789062 0.6708984375 0.0498046875 0.0253906250
0 0.2519531250 0.8349609375 0.0312500000 0.0507812500
0 0.0927734375 0.6855468750 0.0625000000 0.0371093750
0 0.0732421875 0.6357421875 0.0566406250 0.0292968750
0 0.0751953125 0.6049804688 0.0566406250 0.0322265625
0 0.0727539062 0.5498046875 0.0556640625 0.0312500000
0 0.0122070312 0.4868164062 0.0244140625 0.0341796875
0 0.0288085938 0.7719726562 0.0400390625 0.0361328125
0 0.1582031250 0.3662109375 0.0566406250 0.0312500000
3 0.5346679688 0.8525390625 0.0537109375 0.1406250000
1 0.0776367188 0.8203125000 0.0478515625 0.0429687500
1 0.1953125000 0.9672851562 0.0507812500 0.0517578125
1 0.0166015625 0.7495117188 0.0332031250 0.0458984375
2 0.0888671875 0.8452148438 0.1777343750 0.3095703125
