1 0.0083007812 0.1000976562 0.0166015625 0.0166015625
1 0.0405273438 0.1191406250 0.0126953125 0.0234375000
1 0.1044921875 0.0454101562 0.0156250000 0.0244140625
1 0.1220703125 0.0991210938 0.0214843750 0.0185546875
1 0.1225585938 0.1230468750 0.0244140625 0.0156250000
1 0.0820312500 0.1259765625 0.0234375000 0.0136718750
1 0.0532226562 0.1499023438 0.0224609375 0.0146484375
1 0.0141601562 0.1694335938 0.0244140625 0.0146484375
1 0.1713867188 0.1508789062 0.0263671875 0.0166015625
1 0.2797851562 0.0971679688 0.0244140625 0.0166015625
1 0.2402343750 0.0976562500 0.0234375000 0.0156250000
1 0.3583984375 0.0400390625 0.0156250000 0.0234375000
0 0.1801757812 0.0541992188 0.0205078125 0.0439453125
0 0.2045898438 0.0541992188 0.0205078125 0.0439453125
0 0.2304687500 0.0537109375 0.0214843750 0.0449218750
0 0.2548828125 0.0532226562 0.0214843750 0.0478515625
0 0.2788085938 0.0517578125 0.0205078125 0.0468750000
0 0.3041992188 0.0527343750 0.0205078125 0.0449218750
0 0.3305664062 0.0527343750 0.0244140625 0.0468750000
0 0.7578125000 0.0957031250 0.0234375000 0.0449218750
1 0.0332031250 0.2797851562 0.0175781250 0.0244140625
1 0.0727539062 0.2792968750 0.0166015625 0.0253906250
1 0.1367187500 0.2836914062 0.0175781250 0.0244140625
1 0.1713867188 0.2583007812 0.0263671875 0.0146484375
1 0.2231445312 0.3090820312 0.0263671875 0.0146484375
1 0.2622070312 0.3095703125 0.0263671875 0.0175781250
1 0.2827148438 0.3623046875 0.0244140625 0.0175781250
1 0.2426757812 0.3632812500 0.0283203125 0.0175781250
1 0.1713867188 0.3886718750 0.0244140625 0.0156250000
1 0.1440429688 0.4008789062 0.0263671875 0.0146484375
1 0.0844726562 0.3901367188 0.0263671875 0.0166015625
1 0.0566406250 0.4160156250 0.0253906250 0.0175781250
1 0.0429687500 0.3847656250 0.0136718750 0.0273437500
1 0.0097656250 0.3652343750 0.0195312500 0.0156250000
1 0.0166015625 0.4340820312 0.0253906250 0.0185546875
0 0.1625976562 0.2084960938 0.0478515625 0.0244140625
0 0.1943359375 0.3041992188 0.0234375000 0.0458984375
0 0.3251953125 0.5107421875 0.0234375000 0.0468750000
0 0.6074218750 0.3574218750 0.0214843750 0.0468750000
0 0.6669921875 0.2402343750 0.0468750000 0.0214843750
1 0.7382812500 0.2773437500 0.0273437500 0.0156250000
1 0.7456054688 0.3056640625 0.0478515625 0.0214843750
3 0.1542968750 0.8242187500 0.3085937500 0.1757812500
3 0.3466796875 0.8115234375 0.0488281250 0.1757812500
1 0.0278320312 0.5761718750 0.0244140625 0.0175781250
1 0.0810546875 0.5449218750 0.0156250000 0.0253906250
1 0.1401367188 0.5454101562 0.0166015625 0.0263671875
1 0.1743164062 0.5249023438 0.0244140625 0.0166015625
1 0.2197265625 0.5507812500 0.0234375000 0.0175781250
1 0.2441406250 0.5761718750 0.0234375000 0.0156250000
1 0.2832031250 0.5747070312 0.0253906250 0.0166015625
1 0.6000976562 0.5776367188 0.0146484375 0.0263671875
1 0.6308593750 0.5576171875 0.0468750000 0.0214843750
0 0.6093750000 0.6542968750 0.0214843750 0.0429687500
1 0.6206054688 0.8310546875 0.0244140625 0.0156250000
1 0.6318359375 0.8554687500 0.0507812500 0.0234375000
1 0.7133789062 0.9096679688 0.1435546875 0.0732421875
