0 0.0009765625 0.3818359375 0.0019531250 0.0429687500
0 0.0156250000 0.3818359375 0.0214843750 0.0429687500
1 0.0410156250 0.3818359375 0.0195312500 0.0449218750
1 0.0034179688 0.1596679688 0.0068359375 0.1357421875
1 0.1201171875 0.0620117188 0.0429687500 0.0224609375
1 0.1533203125 0.1586914062 0.0703125000 0.1357421875
1 0.0644531250 0.3735351562 0.0136718750 0.0224609375
1 0.0654296875 0.4663085938 0.0136718750 0.0224609375
0 0.1767578125 0.3940429688 0.0468750000 0.0224609375
1 0.2177734375 0.1660156250 0.0234375000 0.0156250000
1 0.3730468750 0.4506835938 0.0683593750 0.1357421875
0 0.4550781250 0.5058593750 0.0429687500 0.0234375000
2 0.4550781250 0.4531250000 0.0625000000 0.0644531250
1 0.5268554688 0.4531250000 0.0673828125 0.1347656250
1 0.5996093750 0.4536132812 0.0664062500 0.1357421875
1 0.6728515625 0.4541015625 0.0683593750 0.1347656250
1 0.7929687500 0.4980468750 0.0214843750 0.0429687500
0 0.7763671875 0.0454101562 0.0429687500 0.0205078125
2 0.8964843750 0.4140625000 0.1503906250 0.1972656250
3 0.9853515625 0.4160156250 0.0292968750 0.4726562500
0 0.0009765625 0.4765625000 0.0019531250 0.0449218750
0 0.0175781250 0.4765625000 0.0195312500 0.0449218750
0 0.0419921875 0.4755859375 0.0195312500 0.0449218750
2 0.1000976562 0.6215820312 0.2001953125 0.2236328125
2 0.0996093750 0.8784179688 0.1992187500 0.2236328125
1 0.2832031250 0.6171875000 0.0664062500 0.1367187500
1 0.2832031250 0.8579101562 0.0664062500 0.1357421875
2 0.5439453125 0.7377929688 0.4160156250 0.4130859375
1 0.8007812500 0.6201171875 0.0683593750 0.1347656250
1 0.7807617188 0.7045898438 0.0419921875 0.0224609375
1 0.7807617188 0.7744140625 0.0419921875 0.0214843750
1 0.7998046875 0.8559570312 0.0683593750 0.1357421875
0 0.9116210938 0.5747070312 0.0419921875 0.0205078125
0 0.9116210938 0.5981445312 0.0419921875 0.0205078125
0 0.9116210938 0.6225585938 0.0419921875 0.0205078125
2 0.9492187500 0.7060546875 0.0625000000 0.0742187500
0 0.9667968750 0.7709960938 0.0214843750 0.0439453125
2 0.9970703125 0.7998046875 0.0058593750 0.2070312500
2 0.9897460938 0.9521484375 0.0205078125 0.0644531250
1 0.4492187500 0.9833984375 0.0292968750 0.0332031250
1 0.6411132812 0.9785156250 0.0673828125 0.0429687500
1 0.7133789062 0.9785156250 0.0693359375 0.0429687500
1 0.5473632812 0.9892578125 0.0146484375 0.0214843750
1 0.5273437500 0.9858398438 0.0195312500 0.0283203125
