3 0.1059570312 0.1645507812 0.2119140625 0.3291015625
0 0.2753906250 0.0302734375 0.0332031250 0.0156250000
1 0.2670898438 0.1347656250 0.0498046875 0.0214843750
2 0.4003906250 0.0800781250 0.1445312500 0.1230468750
0 0.5214843750 0.0380859375 0.0332031250 0.0156250000
1 0.5219726562 0.0576171875 0.0517578125 0.0214843750
1 0.5209960938 0.0834960938 0.0517578125 0.0185546875
1 0.5219726562 0.1118164062 0.0517578125 0.0205078125
1 0.5214843750 0.1376953125 0.0507812500 0.0214843750
3 0.7612304688 0.2690429688 0.0576171875 0.0537109375
1 0.9257812500 0.2622070312 0.0136718750 0.0322265625
1 0.9580078125 0.2617187500 0.0410156250 0.0917968750
1 0.9902343750 0.2607421875 0.0195312500 0.0527343750
3 0.1293945312 0.7778320312 0.2587890625 0.2548828125
3 0.2319335938 0.9941406250 0.0556640625 0.0117187500
3 0.6469726562 0.6171875000 0.0537109375 0.0605468750
0 0.4863281250 0.4926757812 0.0312500000 0.0166015625
3 0.6904296875 0.4511718750 0.1640625000 0.1640625000
3 0.9165039062 0.4511718750 0.1669921875 0.1699218750
1 0.6201171875 0.7456054688 0.1992187500 0.0908203125
