2 0.3095703125 0.3740234375 0.6191406250 0.6269531250
0 0.7988281250 0.2348632812 0.0351562500 0.0146484375
0 0.7993164062 0.2558593750 0.0341796875 0.0156250000
0 0.7988281250 0.2783203125 0.0332031250 0.0156250000
0 0.7983398438 0.2998046875 0.0341796875 0.0156250000
0 0.7983398438 0.3203125000 0.0341796875 0.0136718750
0 0.7983398438 0.3417968750 0.0341796875 0.0156250000
0 0.7993164062 0.3642578125 0.0322265625 0.0156250000
0 0.7988281250 0.3852539062 0.0332031250 0.0166015625
0 0.7978515625 0.4057617188 0.0332031250 0.0146484375
0 0.7973632812 0.4282226562 0.0322265625 0.0146484375
0 0.7983398438 0.4487304688 0.0322265625 0.0146484375
0 0.7973632812 0.4711914062 0.0322265625 0.0146484375
0 0.7973632812 0.4921875000 0.0361328125 0.0156250000
0 0.7963867188 0.5141601562 0.0341796875 0.0146484375
0 0.7968750000 0.5356445312 0.0351562500 0.0146484375
0 0.8364257812 0.5527343750 0.0146484375 0.0312500000
0 0.8569335938 0.5522460938 0.0146484375 0.0302734375
0 0.8789062500 0.5527343750 0.0156250000 0.0332031250
0 0.8999023438 0.5532226562 0.0146484375 0.0361328125
0 0.9208984375 0.5532226562 0.0156250000 0.0361328125
0 0.9428710938 0.5517578125 0.0166015625 0.0332031250
0 0.9643554688 0.5522460938 0.0146484375 0.0341796875
0 0.9858398438 0.5537109375 0.0146484375 0.0351562500
0 0.8364257812 0.2128906250 0.0146484375 0.0351562500
0 0.8579101562 0.2133789062 0.0166015625 0.0341796875
0 0.8793945312 0.2133789062 0.0166015625 0.0361328125
0 0.9008789062 0.2128906250 0.0146484375 0.0351562500
0 0.9218750000 0.2128906250 0.0136718750 0.0351562500
0 0.9443359375 0.2133789062 0.0136718750 0.0341796875
0 0.9648437500 0.2124023438 0.0136718750 0.0322265625
0 0.9868164062 0.2128906250 0.0146484375 0.0332031250
2 0.9301757812 0.3798828125 0.1396484375 0.2695312500
3 0.8320312500 0.6967773438 0.0566406250 0.0556640625
3 0.8720703125 0.1225585938 0.0566406250 0.0595703125
