0 0.0078125000 0.1982421875 0.0156250000 0.0351562500
0 0.0292968750 0.1992187500 0.0156250000 0.0371093750
0 0.0776367188 0.2236328125 0.0341796875 0.0156250000
0 0.0776367188 0.2451171875 0.0341796875 0.0175781250
0 0.0776367188 0.2666015625 0.0341796875 0.0156250000
0 0.0761718750 0.2880859375 0.0312500000 0.0175781250
0 0.0771484375 0.3105468750 0.0332031250 0.0156250000
0 0.0776367188 0.3320312500 0.0341796875 0.0175781250
0 0.0786132812 0.3540039062 0.0322265625 0.0166015625
0 0.0781250000 0.3764648438 0.0351562500 0.0166015625
0 0.0786132812 0.3969726562 0.0341796875 0.0166015625
0 0.0776367188 0.4189453125 0.0322265625 0.0156250000
0 0.0786132812 0.4409179688 0.0322265625 0.0185546875
0 0.0791015625 0.4633789062 0.0351562500 0.0166015625
0 0.0781250000 0.4848632812 0.0312500000 0.0166015625
0 0.0786132812 0.5068359375 0.0322265625 0.0156250000
0 0.0791015625 0.5278320312 0.0312500000 0.0185546875
0 0.0791015625 0.5498046875 0.0332031250 0.0156250000
0 0.0791015625 0.5722656250 0.0312500000 0.0175781250
0 0.0805664062 0.5947265625 0.0341796875 0.0156250000
0 0.0097656250 0.5541992188 0.0195312500 0.0146484375
0 0.0034179688 0.6269531250 0.0068359375 0.0351562500
0 0.0214843750 0.6264648438 0.0156250000 0.0361328125
0 0.0429687500 0.6274414062 0.0136718750 0.0361328125
0 0.0654296875 0.6279296875 0.0117187500 0.0351562500
1 0.0122070312 0.3803710938 0.0244140625 0.0146484375
1 0.0131835938 0.3979492188 0.0263671875 0.0146484375
1 0.2368164062 0.1782226562 0.1962890625 0.0869140625
1 0.1494140625 0.2436523438 0.0527343750 0.0205078125
1 0.2661132812 0.2641601562 0.1103515625 0.0478515625
1 0.2602539062 0.3515625000 0.1982421875 0.0878906250
1 0.2514648438 0.4018554688 0.0517578125 0.0224609375
1 0.2558593750 0.4418945312 0.1093750000 0.0458984375
1 0.2509765625 0.4780273438 0.0527343750 0.0205078125
1 0.5087890625 0.2592773438 0.1972656250 0.0888671875
1 0.4550781250 0.3886718750 0.1113281250 0.0468750000
1 0.4560546875 0.4482421875 0.1113281250 0.0468750000
0 0.5776367188 0.4194335938 0.0361328125 0.0146484375
0 0.5776367188 0.4672851562 0.0341796875 0.0185546875
0 0.5795898438 0.5136718750 0.0341796875 0.0136718750
0 0.9033203125 0.3725585938 0.0312500000 0.0146484375
0 0.8974609375 0.5209960938 0.0332031250 0.0166015625
1 0.6884765625 0.5673828125 0.1992187500 0.0859375000
1 0.6860351562 0.6645507812 0.1962890625 0.0869140625
1 0.6938476562 0.7475585938 0.1103515625 0.0458984375
1 0.4545898438 0.5668945312 0.1962890625 0.0830078125
1 0.4570312500 0.6489257812 0.1992187500 0.0810546875
1 0.2587890625 0.5380859375 0.1992187500 0.0859375000
1 0.2573242188 0.6376953125 0.1982421875 0.0878906250
1 0.7080078125 0.7954101562 0.0371093750 0.0166015625
1 0.7084960938 0.8217773438 0.0361328125 0.0166015625
1 0.7001953125 0.8725585938 0.0527343750 0.0205078125
1 0.6015625000 0.8720703125 0.0546875000 0.0214843750
1 0.9204101562 0.9677734375 0.1123046875 0.0468750000
1 0.4780273438 0.6997070312 0.0361328125 0.0166015625
1 0.4306640625 0.7421875000 0.1093750000 0.0449218750
1 0.4287109375 0.8022460938 0.1093750000 0.0458984375
1 0.4379882812 0.8745117188 0.1962890625 0.0849609375
1 0.3876953125 0.7006835938 0.0507812500 0.0224609375
1 0.2846679688 0.7114257812 0.1064453125 0.0458984375
1 0.2900390625 0.7661132812 0.1093750000 0.0458984375
1 0.2856445312 0.7978515625 0.0537109375 0.0195312500
1 0.2851562500 0.8188476562 0.0527343750 0.0205078125
1 0.2856445312 0.8398437500 0.0517578125 0.0195312500
1 0.2875976562 0.8583984375 0.0341796875 0.0156250000
0 0.2895507812 0.8793945312 0.0615234375 0.0283203125
0 0.2905273438 0.9135742188 0.0595703125 0.0283203125
1 0.2910156250 0.9448242188 0.0527343750 0.0224609375
1 0.2924804688 0.9707031250 0.0537109375 0.0195312500
1 0.1806640625 0.7333984375 0.0195312500 0.0566406250
1 0.1542968750 0.7299804688 0.0195312500 0.0517578125
0 0.1269531250 0.7333984375 0.0273437500 0.0605468750
0 0.0932617188 0.7338867188 0.0283203125 0.0615234375
1 0.0659179688 0.7333984375 0.0205078125 0.0527343750
1 0.0429687500 0.7353515625 0.0195312500 0.0546875000
1 0.0151367188 0.7368164062 0.0185546875 0.0537109375
1 0.0019531250 0.7333984375 0.0039062500 0.0488281250
1 0.1704101562 0.8417968750 0.0322265625 0.0156250000
1 0.1694335938 0.8569335938 0.0322265625 0.0166015625
1 0.1884765625 0.8959960938 0.0312500000 0.0166015625
1 0.1704101562 0.9121093750 0.0341796875 0.0156250000
1 0.1176757812 0.9677734375 0.0341796875 0.0156250000
1 0.1152343750 0.8583984375 0.0351562500 0.0156250000
1 0.0454101562 0.9130859375 0.0380859375 0.0156250000
1 0.0454101562 0.9848632812 0.0341796875 0.0185546875
0 0.2065429688 0.9980468750 0.0302734375 0.0039062500
0 0.7744140625 0.9550781250 0.0156250000 0.0351562500
0 0.7519531250 0.9555664062 0.0156250000 0.0361328125
0 0.7309570312 0.9545898438 0.0146484375 0.0380859375
0 0.7089843750 0.9560546875 0.0156250000 0.0390625000
0 0.6865234375 0.9560546875 0.0156250000 0.0371093750
0 0.6650390625 0.9555664062 0.0156250000 0.0361328125
0 0.6445312500 0.9560546875 0.0136718750 0.0390625000
0 0.6215820312 0.9555664062 0.0146484375 0.0361328125
0 0.6010742188 0.9560546875 0.0146484375 0.0371093750
0 0.5786132812 0.9560546875 0.0146484375 0.0371093750
0 0.5576171875 0.9565429688 0.0136718750 0.0361328125
0 0.5351562500 0.9570312500 0.0156250000 0.0390625000
0 0.4033203125 0.9545898438 0.0136718750 0.0361328125
0 0.4267578125 0.9580078125 0.0136718750 0.0371093750
0 0.4487304688 0.9570312500 0.0146484375 0.0390625000
0 0.4687500000 0.9555664062 0.0156250000 0.0361328125
0 0.4912109375 0.9560546875 0.0156250000 0.0371093750
0 0.5131835938 0.9550781250 0.0146484375 0.0371093750
0 0.8061523438 0.9990234375 0.0322265625 0.0019531250
0 0.3745117188 0.9848632812 0.0322265625 0.0126953125
0 0.3740234375 0.9995117188 0.0312500000 0.0009765625
0 0.0029296875 0.9882812500 0.0058593750 0.0234375000
