2 0.8129882812 0.1044921875 0.1376953125 0.1230468750
3 0.6000976562 0.1958007812 0.0966796875 0.3916015625
3 0.8012695312 0.3569335938 0.0537109375 0.0576171875
3 0.6284179688 0.6953125000 0.0517578125 0.4121093750
3 0.4819335938 0.9042968750 0.0615234375 0.0546875000
1 0.2031250000 0.0336914062 0.1933593750 0.0673828125
1 0.3803710938 0.0385742188 0.0595703125 0.0302734375
1 0.3295898438 0.0927734375 0.0595703125 0.0292968750
1 0.3291015625 0.1372070312 0.0527343750 0.0205078125
1 0.0810546875 0.0639648438 0.0332031250 0.0146484375
1 0.0971679688 0.1015625000 0.0458984375 0.0195312500
1 0.0957031250 0.1420898438 0.0468750000 0.0185546875
1 0.0947265625 0.1816406250 0.0527343750 0.0195312500
1 0.4038085938 0.1748046875 0.0283203125 0.0605468750
1 0.4047851562 0.2602539062 0.0302734375 0.0615234375
1 0.3281250000 0.2504882812 0.0839843750 0.1923828125
2 0.1948242188 0.2133789062 0.1376953125 0.1787109375
0 0.0351562500 0.0620117188 0.0507812500 0.0205078125
0 0.0815429688 0.0810546875 0.0341796875 0.0156250000
0 0.0815429688 0.1215820312 0.0302734375 0.0166015625
0 0.0825195312 0.1625976562 0.0322265625 0.0166015625
1 0.0024414062 0.5737304688 0.0048828125 0.0869140625
1 0.0815429688 0.3881835938 0.0517578125 0.0224609375
1 0.0693359375 0.6264648438 0.0507812500 0.0224609375
3 0.1679687500 0.5732421875 0.0527343750 0.0585937500
1 0.0463867188 0.7421875000 0.0927734375 0.0683593750
3 0.0771484375 0.4541015625 0.1328125000 0.0878906250
