1 0.2407226562 0.2958984375 0.2021484375 0.0917968750
1 0.4995117188 0.2871093750 0.1982421875 0.0878906250
1 0.1777343750 0.5703125000 0.0859375000 0.1992187500
1 0.1987304688 0.3725585938 0.1103515625 0.0439453125
1 0.5024414062 0.3481445312 0.0166015625 0.0341796875
1 0.2607421875 0.4121093750 0.0332031250 0.0136718750
1 0.2607421875 0.4296875000 0.0351562500 0.0175781250
1 0.2260742188 0.4501953125 0.0361328125 0.0156250000
0 0.2558593750 0.4711914062 0.0332031250 0.0146484375
0 0.2568359375 0.4863281250 0.0312500000 0.0156250000
0 0.2631835938 0.5722656250 0.0361328125 0.0156250000
1 0.2636718750 0.5932617188 0.0351562500 0.0146484375
1 0.2255859375 0.6875000000 0.0507812500 0.0214843750
1 0.6679687500 0.3305664062 0.0195312500 0.0517578125
1 0.7744140625 0.2797851562 0.1093750000 0.0458984375
1 0.7807617188 0.3466796875 0.1123046875 0.0449218750
1 0.7832031250 0.4038085938 0.1093750000 0.0458984375
1 0.8022460938 0.4565429688 0.0498046875 0.0263671875
1 0.8276367188 0.5864257812 0.0849609375 0.1982421875
1 0.7500000000 0.5683593750 0.0332031250 0.0175781250
1 0.7485351562 0.5986328125 0.0341796875 0.0156250000
1 0.8066406250 0.7094726562 0.0546875000 0.0244140625
1 0.7480468750 0.7446289062 0.0351562500 0.0185546875
1 0.2221679688 0.7163085938 0.0537109375 0.0205078125
0 0.1284179688 0.7207031250 0.0341796875 0.0156250000
0 0.1293945312 0.7431640625 0.0322265625 0.0175781250
0 0.1748046875 0.7441406250 0.0292968750 0.0117187500
2 0.5078125000 0.5844726562 0.4238281250 0.4267578125
1 0.7910156250 0.8017578125 0.1113281250 0.0488281250
0 0.0488281250 0.8642578125 0.0312500000 0.0175781250
1 0.2705078125 0.8066406250 0.0546875000 0.0234375000
1 0.2729492188 0.8725585938 0.0439453125 0.0947265625
1 0.3486328125 0.8310546875 0.0136718750 0.0332031250
1 0.3657226562 0.9018554688 0.0517578125 0.0205078125
1 0.3696289062 0.9306640625 0.0556640625 0.0234375000
1 0.3217773438 0.9707031250 0.1123046875 0.0488281250
1 0.4404296875 0.8471679688 0.0507812500 0.0224609375
1 0.5214843750 0.8295898438 0.0136718750 0.0322265625
0 0.5693359375 0.8237304688 0.0136718750 0.0341796875
1 0.6752929688 0.8505859375 0.0517578125 0.0234375000
1 0.5249023438 0.9165039062 0.1982421875 0.0869140625
1 0.5205078125 0.9868164062 0.1992187500 0.0263671875
