0 0.0288085938 0.0537109375 0.0166015625 0.0351562500
0 0.0766601562 0.0537109375 0.0146484375 0.0351562500
0 0.1176757812 0.0537109375 0.0126953125 0.0351562500
0 0.1650390625 0.0532226562 0.0156250000 0.0341796875
0 0.2138671875 0.0522460938 0.0156250000 0.0361328125
0 0.2553710938 0.0532226562 0.0146484375 0.0341796875
0 0.3027343750 0.0537109375 0.0156250000 0.0351562500
0 0.3505859375 0.0537109375 0.0156250000 0.0351562500
0 0.3989257812 0.0527343750 0.0166015625 0.0351562500
0 0.4409179688 0.0527343750 0.0146484375 0.0351562500
0 0.7792968750 0.0795898438 0.0332031250 0.0146484375
0 0.8876953125 0.0805664062 0.0312500000 0.0146484375
3 0.9453125000 0.5556640625 0.1093750000 0.1171875000
3 0.1123046875 0.5585937500 0.2246093750 0.1191406250
