1 0.9023437500 0.0205078125 0.1113281250 0.0410156250
1 0.9003906250 0.0986328125 0.1113281250 0.0468750000
1 0.3901367188 0.0405273438 0.0517578125 0.0205078125
1 0.3901367188 0.0620117188 0.0341796875 0.0146484375
1 0.6406250000 0.0034179688 0.1992187500 0.0068359375
1 0.6333007812 0.0561523438 0.1123046875 0.0478515625
1 0.3349609375 0.3066406250 0.1113281250 0.0488281250
1 0.4287109375 0.2929687500 0.0332031250 0.0136718750
1 0.4267578125 0.3227539062 0.0332031250 0.0146484375
1 0.3305664062 0.3964843750 0.1982421875 0.0878906250
1 0.3300781250 0.5063476562 0.1992187500 0.0869140625
0 0.5078125000 0.3916015625 0.0156250000 0.0351562500
0 0.5537109375 0.3935546875 0.0175781250 0.0351562500
0 0.6020507812 0.3930664062 0.0146484375 0.0361328125
0 0.6430664062 0.3945312500 0.0126953125 0.0332031250
0 0.6914062500 0.3935546875 0.0156250000 0.0351562500
0 0.7324218750 0.3930664062 0.0136718750 0.0341796875
0 0.7802734375 0.3920898438 0.0156250000 0.0341796875
0 0.8286132812 0.3916015625 0.0166015625 0.0351562500
0 0.8764648438 0.3916015625 0.0146484375 0.0351562500
0 0.9174804688 0.3916015625 0.0126953125 0.0351562500
0 0.9648437500 0.3911132812 0.0156250000 0.0341796875
3 0.8925781250 0.8964843750 0.2148437500 0.1191406250
3 0.0502929688 0.9047851562 0.1005859375 0.1240234375
