0 0.2197265625 0.0249023438 0.0312500000 0.0146484375
0 0.2202148438 0.0385742188 0.0341796875 0.0146484375
3 0.1665039062 0.1401367188 0.0537109375 0.0537109375
0 0.4667968750 0.0249023438 0.0312500000 0.0146484375
0 0.4667968750 0.0385742188 0.0332031250 0.0146484375
2 0.8955078125 0.3740234375 0.2089843750 0.6269531250
0 0.1616210938 0.3413085938 0.0322265625 0.0166015625
1 0.1157226562 0.3378906250 0.0517578125 0.0175781250
0 0.0708007812 0.3393554688 0.0322265625 0.0146484375
3 0.1083984375 0.3769531250 0.1406250000 0.0507812500
0 0.0737304688 0.4287109375 0.0322265625 0.0117187500
0 0.1635742188 0.4291992188 0.0322265625 0.0146484375
3 0.1542968750 0.4633789062 0.0488281250 0.0498046875
2 0.4130859375 0.3872070312 0.3046875000 0.2705078125
0 0.2231445312 0.2514648438 0.0322265625 0.0146484375
0 0.2231445312 0.2719726562 0.0341796875 0.0146484375
0 0.2221679688 0.2934570312 0.0302734375 0.0126953125
0 0.2226562500 0.3144531250 0.0312500000 0.0136718750
0 0.2221679688 0.3359375000 0.0322265625 0.0156250000
0 0.2226562500 0.3574218750 0.0312500000 0.0136718750
0 0.2226562500 0.3789062500 0.0332031250 0.0156250000
0 0.2221679688 0.3999023438 0.0322265625 0.0146484375
0 0.2207031250 0.4223632812 0.0312500000 0.0146484375
0 0.2216796875 0.4418945312 0.0332031250 0.0146484375
0 0.2221679688 0.4643554688 0.0322265625 0.0166015625
0 0.2216796875 0.4863281250 0.0332031250 0.0156250000
0 0.2221679688 0.5083007812 0.0322265625 0.0166015625
0 0.2377929688 0.5512695312 0.0146484375 0.0322265625
0 0.2592773438 0.5502929688 0.0146484375 0.0341796875
0 0.2802734375 0.5507812500 0.0136718750 0.0332031250
0 0.3022460938 0.5507812500 0.0146484375 0.0332031250
0 0.3232421875 0.5522460938 0.0136718750 0.0341796875
0 0.3457031250 0.5522460938 0.0136718750 0.0361328125
0 0.3662109375 0.5522460938 0.0156250000 0.0341796875
0 0.3881835938 0.5512695312 0.0146484375 0.0341796875
0 0.4086914062 0.5512695312 0.0146484375 0.0341796875
0 0.4306640625 0.5512695312 0.0136718750 0.0361328125
0 0.4526367188 0.5512695312 0.0146484375 0.0341796875
0 0.4726562500 0.5517578125 0.0156250000 0.0351562500
0 0.4956054688 0.5507812500 0.0146484375 0.0332031250
0 0.5166015625 0.5517578125 0.0156250000 0.0332031250
0 0.5380859375 0.5517578125 0.0136718750 0.0332031250
0 0.5600585938 0.5507812500 0.0146484375 0.0332031250
0 0.5810546875 0.5507812500 0.0136718750 0.0351562500
0 0.6015625000 0.5517578125 0.0136718750 0.0351562500
0 0.2397460938 0.2143554688 0.0146484375 0.0322265625
0 0.2607421875 0.2138671875 0.0156250000 0.0312500000
0 0.2817382812 0.2158203125 0.0146484375 0.0332031250
0 0.3032226562 0.2148437500 0.0146484375 0.0332031250
0 0.3242187500 0.2153320312 0.0136718750 0.0322265625
0 0.3466796875 0.2153320312 0.0156250000 0.0341796875
0 0.3681640625 0.2153320312 0.0136718750 0.0322265625
0 0.3886718750 0.2148437500 0.0156250000 0.0332031250
0 0.4101562500 0.2153320312 0.0156250000 0.0322265625
0 0.4326171875 0.2153320312 0.0156250000 0.0341796875
0 0.4531250000 0.2153320312 0.0156250000 0.0341796875
0 0.4746093750 0.2158203125 0.0136718750 0.0332031250
0 0.4965820312 0.2158203125 0.0166015625 0.0332031250
0 0.5175781250 0.2153320312 0.0156250000 0.0361328125
0 0.5390625000 0.2158203125 0.0156250000 0.0371093750
0 0.5595703125 0.2163085938 0.0136718750 0.0361328125
0 0.5810546875 0.2172851562 0.0156250000 0.0341796875
0 0.6030273438 0.2163085938 0.0146484375 0.0361328125
0 0.6386718750 0.2304687500 0.0351562500 0.0136718750
0 0.6396484375 0.2509765625 0.0351562500 0.0136718750
0 0.6381835938 0.2729492188 0.0322265625 0.0146484375
0 0.6386718750 0.2944335938 0.0332031250 0.0126953125
0 0.6391601562 0.3149414062 0.0322265625 0.0146484375
0 0.6386718750 0.3374023438 0.0332031250 0.0146484375
0 0.6381835938 0.3583984375 0.0322265625 0.0136718750
0 0.6376953125 0.3798828125 0.0312500000 0.0156250000
0 0.6376953125 0.4008789062 0.0351562500 0.0146484375
0 0.6386718750 0.4223632812 0.0332031250 0.0146484375
0 0.6386718750 0.4443359375 0.0332031250 0.0136718750
0 0.6381835938 0.4663085938 0.0322265625 0.0146484375
0 0.6381835938 0.4873046875 0.0322265625 0.0156250000
0 0.6376953125 0.5087890625 0.0312500000 0.0156250000
0 0.6372070312 0.5297851562 0.0341796875 0.0146484375
3 0.5708007812 0.6318359375 0.0576171875 0.0566406250
3 0.1059570312 0.7880859375 0.2119140625 0.4238281250
0 0.2753906250 0.8300781250 0.0332031250 0.0156250000
1 0.2670898438 0.9345703125 0.0498046875 0.0214843750
2 0.4003906250 0.8798828125 0.1445312500 0.1230468750
0 0.5214843750 0.8378906250 0.0332031250 0.0156250000
1 0.5219726562 0.8574218750 0.0517578125 0.0214843750
1 0.5209960938 0.8833007812 0.0517578125 0.0185546875
1 0.5219726562 0.9116210938 0.0517578125 0.0205078125
1 0.5214843750 0.9375000000 0.0507812500 0.0214843750
