1 0.1025390625 0.0205078125 0.1113281250 0.0410156250
1 0.1005859375 0.0986328125 0.1113281250 0.0468750000
0 0.0288085938 0.3916015625 0.0166015625 0.0351562500
0 0.0766601562 0.3916015625 0.0146484375 0.0351562500
0 0.1176757812 0.3916015625 0.0126953125 0.0351562500
0 0.1650390625 0.3911132812 0.0156250000 0.0341796875
0 0.2138671875 0.3901367188 0.0156250000 0.0361328125
0 0.2553710938 0.3911132812 0.0146484375 0.0341796875
0 0.3027343750 0.3916015625 0.0156250000 0.0351562500
0 0.3505859375 0.3916015625 0.0156250000 0.0351562500
0 0.3989257812 0.3906250000 0.0166015625 0.0351562500
0 0.4409179688 0.3906250000 0.0146484375 0.0351562500
1 0.3115234375 0.0258789062 0.1992187500 0.0517578125
1 0.3168945312 0.1166992188 0.2001953125 0.0849609375
1 0.5556640625 0.0229492188 0.1972656250 0.0458984375
1 0.7944335938 0.0292968750 0.1982421875 0.0585937500
1 0.5166015625 0.0898437500 0.1113281250 0.0468750000
1 0.7963867188 0.0854492188 0.1103515625 0.0478515625
1 0.7934570312 0.1372070312 0.1123046875 0.0458984375
0 0.7792968750 0.4174804688 0.0332031250 0.0146484375
0 0.8876953125 0.4184570312 0.0312500000 0.0146484375
1 0.9873046875 0.0258789062 0.0253906250 0.0205078125
1 0.9775390625 0.0737304688 0.0449218750 0.0458984375
1 0.9770507812 0.1357421875 0.0458984375 0.0468750000
3 0.9453125000 0.8935546875 0.1093750000 0.1171875000
3 0.1123046875 0.8964843750 0.2246093750 0.1191406250
