0 0.0424804688 0.0385742188 0.0341796875 0.0185546875
0 0.1069335938 0.0390625000 0.0322265625 0.0156250000
0 0.0458984375 0.1323242188 0.0332031250 0.0146484375
1 0.1313476562 0.3256835938 0.0556640625 0.0205078125
1 0.1381835938 0.3623046875 0.1123046875 0.0488281250
1 0.1352539062 0.4033203125 0.0537109375 0.0214843750
0 0.1367187500 0.4414062500 0.0312500000 0.0175781250
0 0.1357421875 0.4882812500 0.0312500000 0.0136718750
1 0.1879882812 0.5756835938 0.2021484375 0.0869140625
1 0.1948242188 0.6948242188 0.1982421875 0.0888671875
1 0.7548828125 0.5161132812 0.1152343750 0.0498046875
1 0.7270507812 0.5546875000 0.0380859375 0.0195312500
1 0.6591796875 0.6342773438 0.0390625000 0.0166015625
1 0.6728515625 0.7153320312 0.0351562500 0.0205078125
1 0.7592773438 0.7148437500 0.0341796875 0.0175781250
1 0.8437500000 0.7163085938 0.0390625000 0.0185546875
1 0.8432617188 0.7890625000 0.0361328125 0.0195312500
1 0.6708984375 0.7895507812 0.0351562500 0.0185546875
1 0.7641601562 0.7539062500 0.1083984375 0.0468750000
1 0.7622070312 0.7890625000 0.0322265625 0.0175781250
1 0.9482421875 0.6147460938 0.1035156250 0.0478515625
0 0.9902343750 0.5146484375 0.0195312500 0.0195312500
1 0.9511718750 0.6748046875 0.0546875000 0.0234375000
1 0.6718750000 0.9584960938 0.0351562500 0.0166015625
1 0.7622070312 0.9584960938 0.0556640625 0.0224609375
1 0.8422851562 0.9584960938 0.0341796875 0.0185546875
1 0.7690429688 0.9990234375 0.1123046875 0.0019531250
0 0.8486328125 0.0644531250 0.0312500000 0.0175781250
