2 0.2988281250 0.4619140625 0.2675781250 0.3027343750
0 0.1357421875 0.2832031250 0.0332031250 0.0136718750
0 0.1347656250 0.3046875000 0.0312500000 0.0136718750
0 0.1352539062 0.3251953125 0.0302734375 0.0136718750
0 0.1347656250 0.3466796875 0.0332031250 0.0136718750
0 0.1357421875 0.3676757812 0.0312500000 0.0146484375
0 0.1352539062 0.3896484375 0.0322265625 0.0136718750
0 0.1347656250 0.4106445312 0.0332031250 0.0146484375
0 0.1342773438 0.4321289062 0.0322265625 0.0146484375
0 0.1342773438 0.4541015625 0.0322265625 0.0156250000
0 0.1337890625 0.4755859375 0.0332031250 0.0136718750
0 0.1347656250 0.4960937500 0.0332031250 0.0136718750
0 0.1342773438 0.5170898438 0.0341796875 0.0166015625
0 0.1337890625 0.5385742188 0.0332031250 0.0146484375
0 0.1337890625 0.5605468750 0.0312500000 0.0136718750
0 0.1328125000 0.5810546875 0.0312500000 0.0136718750
0 0.1342773438 0.6035156250 0.0322265625 0.0156250000
0 0.1337890625 0.6245117188 0.0332031250 0.0146484375
0 0.1357421875 0.6455078125 0.0292968750 0.0156250000
0 0.1572265625 0.6958007812 0.0156250000 0.0361328125
0 0.1782226562 0.6943359375 0.0146484375 0.0351562500
0 0.2001953125 0.6958007812 0.0156250000 0.0341796875
0 0.2211914062 0.6953125000 0.0146484375 0.0351562500
0 0.2416992188 0.6948242188 0.0146484375 0.0341796875
0 0.2636718750 0.6943359375 0.0156250000 0.0332031250
0 0.2861328125 0.6953125000 0.0156250000 0.0351562500
0 0.3066406250 0.6948242188 0.0156250000 0.0341796875
0 0.3281250000 0.6958007812 0.0156250000 0.0361328125
0 0.3500976562 0.6958007812 0.0166015625 0.0361328125
0 0.3706054688 0.6958007812 0.0126953125 0.0361328125
0 0.3920898438 0.6958007812 0.0146484375 0.0361328125
0 0.4135742188 0.6962890625 0.0146484375 0.0351562500
0 0.4355468750 0.6967773438 0.0156250000 0.0361328125
0 0.4565429688 0.6958007812 0.0166015625 0.0361328125
0 0.1904296875 0.2729492188 0.0156250000 0.0322265625
0 0.2114257812 0.2739257812 0.0166015625 0.0361328125
0 0.2324218750 0.2729492188 0.0156250000 0.0341796875
0 0.2543945312 0.2729492188 0.0166015625 0.0341796875
0 0.2763671875 0.2719726562 0.0156250000 0.0322265625
0 0.2978515625 0.2739257812 0.0156250000 0.0341796875
0 0.3188476562 0.2734375000 0.0166015625 0.0332031250
0 0.3403320312 0.2734375000 0.0146484375 0.0371093750
0 0.3618164062 0.2734375000 0.0166015625 0.0371093750
0 0.3828125000 0.2734375000 0.0156250000 0.0351562500
0 0.4042968750 0.2744140625 0.0156250000 0.0371093750
0 0.4257812500 0.2734375000 0.0136718750 0.0351562500
0 0.4467773438 0.2719726562 0.0166015625 0.0361328125
0 0.4829101562 0.2832031250 0.0322265625 0.0156250000
0 0.4829101562 0.3037109375 0.0322265625 0.0156250000
0 0.4848632812 0.3256835938 0.0341796875 0.0146484375
0 0.4838867188 0.3466796875 0.0322265625 0.0175781250
0 0.4848632812 0.3686523438 0.0322265625 0.0166015625
0 0.4833984375 0.3901367188 0.0351562500 0.0166015625
0 0.4833984375 0.4116210938 0.0312500000 0.0166015625
0 0.4843750000 0.4326171875 0.0332031250 0.0175781250
0 0.4833984375 0.4541015625 0.0332031250 0.0175781250
0 0.4833984375 0.4760742188 0.0332031250 0.0166015625
0 0.4829101562 0.4970703125 0.0322265625 0.0156250000
0 0.4838867188 0.5185546875 0.0322265625 0.0156250000
0 0.4833984375 0.5395507812 0.0332031250 0.0146484375
0 0.4833984375 0.5615234375 0.0332031250 0.0175781250
0 0.4838867188 0.5825195312 0.0341796875 0.0166015625
0 0.4829101562 0.6030273438 0.0322265625 0.0166015625
0 0.4829101562 0.6250000000 0.0341796875 0.0156250000
0 0.4824218750 0.6474609375 0.0332031250 0.0175781250
3 0.6596679688 0.4716796875 0.1396484375 0.0585937500
0 0.6147460938 0.4331054688 0.0341796875 0.0146484375
0 0.7153320312 0.4335937500 0.0341796875 0.0156250000
0 0.6142578125 0.5268554688 0.0312500000 0.0146484375
1 0.6684570312 0.5273437500 0.0498046875 0.0195312500
0 0.7221679688 0.5288085938 0.0302734375 0.0185546875
3 0.6577148438 0.5664062500 0.1396484375 0.0507812500
3 0.8852539062 0.6352539062 0.0556640625 0.0595703125
2 0.3095703125 0.9301757812 0.6191406250 0.1396484375
0 0.8364257812 0.9975585938 0.0146484375 0.0048828125
0 0.8579101562 0.9980468750 0.0166015625 0.0039062500
0 0.8793945312 0.9975585938 0.0166015625 0.0048828125
0 0.9008789062 0.9975585938 0.0146484375 0.0048828125
0 0.9218750000 0.9975585938 0.0136718750 0.0048828125
0 0.9443359375 0.9980468750 0.0136718750 0.0039062500
0 0.9648437500 0.9980468750 0.0136718750 0.0039062500
0 0.9868164062 0.9980468750 0.0146484375 0.0039062500
3 0.8720703125 0.9223632812 0.0566406250 0.0595703125
