1 0.3305664062 0.0585937500 0.1982421875 0.0878906250
1 0.3300781250 0.1684570312 0.1992187500 0.0869140625
0 0.5078125000 0.0537109375 0.0156250000 0.0351562500
0 0.5537109375 0.0556640625 0.0175781250 0.0351562500
0 0.6020507812 0.0551757812 0.0146484375 0.0361328125
0 0.6430664062 0.0566406250 0.0126953125 0.0332031250
0 0.6914062500 0.0556640625 0.0156250000 0.0351562500
0 0.7324218750 0.0551757812 0.0136718750 0.0341796875
0 0.7802734375 0.0541992188 0.0156250000 0.0341796875
0 0.8286132812 0.0537109375 0.0166015625 0.0351562500
0 0.8764648438 0.0537109375 0.0146484375 0.0351562500
0 0.9174804688 0.0537109375 0.0126953125 0.0351562500
0 0.9648437500 0.0532226562 0.0156250000 0.0341796875
3 0.8925781250 0.5585937500 0.2148437500 0.1191406250
3 0.0502929688 0.5668945312 0.1005859375 0.1240234375
