3 0.0854492188 0.6352539062 0.0556640625 0.0595703125
0 0.5224609375 0.4868164062 0.0332031250 0.0146484375
0 0.5224609375 0.5014648438 0.0332031250 0.0146484375
3 0.8291015625 0.6479492188 0.3417968750 0.7041015625
0 0.5200195312 0.7089843750 0.0341796875 0.0156250000
0 0.5195312500 0.7236328125 0.0351562500 0.0156250000
0 0.0366210938 0.9975585938 0.0146484375 0.0048828125
0 0.0581054688 0.9980468750 0.0166015625 0.0039062500
0 0.0795898438 0.9975585938 0.0166015625 0.0048828125
0 0.1010742188 0.9975585938 0.0146484375 0.0048828125
0 0.1220703125 0.9975585938 0.0136718750 0.0048828125
0 0.1445312500 0.9980468750 0.0136718750 0.0039062500
0 0.1650390625 0.9980468750 0.0136718750 0.0039062500
0 0.1870117188 0.9980468750 0.0146484375 0.0039062500
0 0.2089843750 0.9980468750 0.0156250000 0.0039062500
0 0.2299804688 0.9990234375 0.0146484375 0.0019531250
0 0.2504882812 0.9985351562 0.0166015625 0.0029296875
0 0.2729492188 0.9980468750 0.0146484375 0.0039062500
0 0.2939453125 0.9980468750 0.0156250000 0.0039062500
0 0.3149414062 0.9985351562 0.0146484375 0.0029296875
0 0.3369140625 0.9980468750 0.0136718750 0.0039062500
0 0.3588867188 0.9985351562 0.0146484375 0.0029296875
0 0.3803710938 0.9985351562 0.0146484375 0.0029296875
0 0.4018554688 0.9990234375 0.0146484375 0.0019531250
3 0.0722656250 0.9223632812 0.0566406250 0.0595703125
