1 0.0600585938 0.3461914062 0.0322265625 0.0146484375
0 0.2954101562 0.2851562500 0.0322265625 0.0156250000
0 0.2934570312 0.3276367188 0.0302734375 0.0146484375
0 0.2958984375 0.4169921875 0.0332031250 0.0136718750
0 0.2958984375 0.4638671875 0.0332031250 0.0136718750
0 0.2915039062 0.5122070312 0.0341796875 0.0146484375
0 0.4326171875 0.3300781250 0.0332031250 0.0156250000
0 0.4316406250 0.3779296875 0.0332031250 0.0175781250
0 0.5649414062 0.5717773438 0.0322265625 0.0185546875
1 0.9697265625 0.2958984375 0.0605468750 0.0917968750
1 0.9672851562 0.5703125000 0.0654296875 0.1992187500
1 0.9716796875 0.3725585938 0.0566406250 0.0439453125
1 0.9975585938 0.7163085938 0.0048828125 0.0205078125
0 0.9282226562 0.7207031250 0.0341796875 0.0156250000
0 0.9291992188 0.7431640625 0.0322265625 0.0175781250
0 0.9746093750 0.7441406250 0.0292968750 0.0117187500
0 0.0424804688 0.8383789062 0.0341796875 0.0185546875
0 0.1069335938 0.8388671875 0.0322265625 0.0156250000
0 0.0458984375 0.9321289062 0.0332031250 0.0146484375
0 0.8486328125 0.8642578125 0.0312500000 0.0175781250
