1 0.0146484375 0.2797851562 0.0292968750 0.0458984375
1 0.0185546875 0.3466796875 0.0371093750 0.0449218750
1 0.0190429688 0.4038085938 0.0380859375 0.0458984375
1 0.0136718750 0.4565429688 0.0273437500 0.0263671875
1 0.0351562500 0.5864257812 0.0703125000 0.1982421875
1 0.0170898438 0.7094726562 0.0341796875 0.0244140625
1 0.5161132812 0.3286132812 0.1943359375 0.0908203125
1 0.5258789062 0.4741210938 0.2001953125 0.0869140625
1 0.7426757812 0.2998046875 0.2001953125 0.0859375000
1 0.7470703125 0.4013671875 0.2011718750 0.0859375000
1 0.9418945312 0.1997070312 0.1162109375 0.0849609375
1 0.9477539062 0.6059570312 0.1044921875 0.0888671875
1 0.7094726562 0.4863281250 0.1123046875 0.0468750000
1 0.7255859375 0.1992187500 0.1093750000 0.0468750000
1 0.4829101562 0.5585937500 0.1103515625 0.0488281250
1 0.5917968750 0.5522460938 0.0332031250 0.0146484375
1 0.5903320312 0.5776367188 0.0341796875 0.0166015625
1 0.6401367188 0.6440429688 0.1982421875 0.0869140625
1 0.8276367188 0.5751953125 0.1103515625 0.0488281250
1 0.9741210938 0.2783203125 0.0517578125 0.0488281250
1 0.9868164062 0.3188476562 0.0263671875 0.0205078125
1 0.9863281250 0.3442382812 0.0273437500 0.0205078125
1 0.9809570312 0.5405273438 0.0380859375 0.0224609375
1 0.9697265625 0.6708984375 0.0605468750 0.0429687500
1 0.9809570312 0.7114257812 0.0380859375 0.0244140625
1 0.9692382812 0.7485351562 0.0615234375 0.0458984375
1 0.9375000000 0.7851562500 0.0546875000 0.0175781250
1 0.9423828125 0.8134765625 0.0566406250 0.0195312500
1 0.9433593750 0.8417968750 0.0546875000 0.0195312500
0 0.9414062500 0.8774414062 0.0585937500 0.0283203125
0 0.9506835938 0.9423828125 0.0595703125 0.0292968750
1 0.9443359375 0.9086914062 0.0507812500 0.0185546875
1 0.9458007812 0.9687500000 0.0498046875 0.0214843750
1 0.8261718750 0.6337890625 0.1093750000 0.0468750000
1 0.8266601562 0.6953125000 0.1103515625 0.0468750000
1 0.8203125000 0.7402343750 0.0527343750 0.0273437500
1 0.8266601562 0.7783203125 0.1083984375 0.0468750000
1 0.8271484375 0.8334960938 0.1113281250 0.0478515625
1 0.8461914062 0.8662109375 0.0322265625 0.0156250000
0 0.8535156250 0.8847656250 0.0332031250 0.0156250000
1 0.6264648438 0.8681640625 0.0517578125 0.0214843750
1 0.6293945312 0.8120117188 0.1123046875 0.0478515625
1 0.6391601562 0.7324218750 0.2001953125 0.0839843750
1 0.4863281250 0.8037109375 0.0546875000 0.0273437500
1 0.3208007812 0.7333984375 0.1982421875 0.0859375000
1 0.3164062500 0.8417968750 0.1992187500 0.0898437500
1 0.0234375000 0.8017578125 0.0468750000 0.0488281250
1 0.2646484375 0.9882812500 0.1113281250 0.0234375000
0 0.4155273438 0.9550781250 0.0146484375 0.0312500000
0 0.4370117188 0.9541015625 0.0126953125 0.0312500000
0 0.4594726562 0.9541015625 0.0146484375 0.0332031250
0 0.4809570312 0.9545898438 0.0126953125 0.0322265625
0 0.5029296875 0.9550781250 0.0136718750 0.0312500000
0 0.5253906250 0.9541015625 0.0156250000 0.0332031250
0 0.5468750000 0.9541015625 0.0117187500 0.0332031250
0 0.5683593750 0.9541015625 0.0136718750 0.0332031250
0 0.5908203125 0.9536132812 0.0136718750 0.0341796875
0 0.6123046875 0.9531250000 0.0136718750 0.0332031250
0 0.6352539062 0.9536132812 0.0146484375 0.0322265625
0 0.6562500000 0.9531250000 0.0136718750 0.0312500000
0 0.6787109375 0.9541015625 0.0136718750 0.0332031250
0 0.7001953125 0.9531250000 0.0136718750 0.0332031250
0 0.7216796875 0.9526367188 0.0136718750 0.0341796875
0 0.7441406250 0.9526367188 0.0156250000 0.0341796875
0 0.7661132812 0.9521484375 0.0146484375 0.0332031250
0 0.7880859375 0.9526367188 0.0156250000 0.0341796875
0 0.8212890625 0.9697265625 0.0312500000 0.0175781250
0 0.8212890625 0.9912109375 0.0312500000 0.0156250000
0 0.3852539062 0.9926757812 0.0341796875 0.0146484375
