1 0.1259765625 0.2622070312 0.0136718750 0.0322265625
1 0.1582031250 0.2617187500 0.0410156250 0.0917968750
1 0.1914062500 0.2607421875 0.0214843750 0.0527343750
1 0.3291015625 0.2534179688 0.0136718750 0.0341796875
0 0.3266601562 0.3388671875 0.0322265625 0.0136718750
1 0.3618164062 0.2573242188 0.0419921875 0.0927734375
1 0.4023437500 0.2573242188 0.0175781250 0.0537109375
0 0.5424804688 0.3339843750 0.0341796875 0.0156250000
3 0.7133789062 0.2680664062 0.0576171875 0.0498046875
3 0.1166992188 0.4511718750 0.1669921875 0.1699218750
3 0.3178710938 0.9755859375 0.0654296875 0.0488281250
1 0.7177734375 0.7470703125 0.1484375000 0.0683593750
3 0.7744140625 0.6201171875 0.0546875000 0.0546875000
3 0.6293945312 0.4877929688 0.5380859375 0.1005859375
3 0.9951171875 0.4897460938 0.0097656250 0.1005859375
