2 0.1175000000 0.2071713147 0.0850000000 0.1593625498
2 0.2518750000 0.2041832669 0.0912500000 0.1653386454
2 0.3943750000 0.2061752988 0.0912500000 0.1573705179
2 0.5468750000 0.2031872510 0.0837500000 0.1593625498
2 0.7000000000 0.2041832669 0.0925000000 0.1613545817
2 0.8412500000 0.2031872510 0.0900000000 0.1633466135
2 0.8418750000 0.7958167331 0.0887500000 0.1573705179
2 0.6975000000 0.7918326693 0.0875000000 0.1653386454
2 0.5468750000 0.7948207171 0.0962500000 0.1593625498
2 0.3931250000 0.7928286853 0.0887500000 0.1553784861
2 0.2493750000 0.7958167331 0.0862500000 0.1573705179
2 0.1181250000 0.7918326693 0.0862500000 0.1613545817
2 0.1281250000 0.5009960159 0.0962500000 0.1414342629
0 0.9331250000 0.4601593625 0.0362500000 0.0318725100
0 0.9331250000 0.4910358566 0.0362500000 0.0298804781
0 0.5537500000 0.5607569721 0.0125000000 0.0617529880
0 0.4075000000 0.6145418327 0.0175000000 0.0577689243
0 0.3168750000 0.4860557769 0.0187500000 0.0557768924
0 0.2881250000 0.4262948207 0.0362500000 0.0278884462
1 0.8150000000 0.6573705179 0.0200000000 0.0557768924
1 0.8150000000 0.4262948207 0.0200000000 0.0597609562
1 0.6087500000 0.7350597610 0.0175000000 0.0557768924
1 0.6268750000 0.1464143426 0.0162500000 0.0537848606
1 0.3412500000 0.4850597610 0.0175000000 0.0577689243
1 0.2237500000 0.4711155378 0.0375000000 0.0338645418
1 0.2243750000 0.4262948207 0.0412500000 0.0278884462
1 0.1862500000 0.3575697211 0.0400000000 0.0338645418
1 0.1837500000 0.1454183267 0.0325000000 0.0278884462
3 0.5006250000 0.0547808765 0.9737500000 0.0976095618
3 0.5018750000 0.9432270916 0.9737500000 0.0976095618
3 0.9118750000 0.1494023904 0.0262500000 0.0916334661
3 0.9693750000 0.5019920319 0.0337500000 0.1394422311
3 0.9106250000 0.8505976096 0.0287500000 0.0876494024
3 0.2875000000 0.4950199203 0.0350000000 0.0976095618
