2 0.3603515625 0.2392578125 0.5820312500 0.4785156250
1 0.7836914062 0.6528320312 0.1044921875 0.1513671875
1 0.7045898438 0.5825195312 0.0498046875 0.0771484375
1 0.6567382812 0.5473632812 0.0458984375 0.0751953125
0 0.5854492188 0.5498046875 0.0478515625 0.0800781250
1 0.7719726562 0.5185546875 0.0751953125 0.0449218750
1 0.7236328125 0.4707031250 0.0781250000 0.0429687500
0 0.3618164062 0.5722656250 0.0458984375 0.0800781250
1 0.3959960938 0.7084960938 0.0458984375 0.0830078125
1 0.3393554688 0.7075195312 0.0458984375 0.0810546875
1 0.0683593750 0.5498046875 0.0410156250 0.0800781250
1 0.0219726562 0.5859375000 0.0439453125 0.0781250000
1 0.0156250000 0.4770507812 0.0312500000 0.0458984375
