3 0.3652343750 0.4536132812 0.7304687500 0.0869140625
3 0.2260742188 0.1523437500 0.1474609375 0.1367187500
0 0.9843750000 0.2939453125 0.0312500000 0.0527343750
0 0.6113281250 0.1655273438 0.0507812500 0.0966796875
1 0.7216796875 0.0507812500 0.0917968750 0.0488281250
1 0.6708984375 0.1679687500 0.0507812500 0.1015625000
1 0.7299804688 0.1694335938 0.0517578125 0.0986328125
1 0.6489257812 0.2929687500 0.0947265625 0.0546875000
1 0.7573242188 0.2919921875 0.0986328125 0.0566406250
1 0.8784179688 0.2939453125 0.0986328125 0.0527343750
2 0.8906250000 0.1220703125 0.2187500000 0.2070312500
