3 0.6254882812 0.1845703125 0.7490234375 0.1425781250
3 0.3652343750 0.8823242188 0.7304687500 0.0869140625
3 0.2260742188 0.5810546875 0.1474609375 0.1367187500
0 0.9843750000 0.7226562500 0.0312500000 0.0527343750
0 0.6113281250 0.5942382812 0.0507812500 0.0966796875
1 0.7216796875 0.4794921875 0.0917968750 0.0488281250
1 0.6708984375 0.5966796875 0.0507812500 0.1015625000
1 0.7299804688 0.5981445312 0.0517578125 0.0986328125
1 0.6489257812 0.7216796875 0.0947265625 0.0546875000
1 0.7573242188 0.7207031250 0.0986328125 0.0566406250
1 0.8784179688 0.7226562500 0.0986328125 0.0527343750
2 0.8906250000 0.5507812500 0.2187500000 0.2070312500
