3 0.8725585938 0.2016601562 0.2548828125 0.4033203125
2 0.1987304688 0.0756835938 0.3974609375 0.1513671875
1 0.4667968750 0.0717773438 0.0937500000 0.0380859375
1 0.4560546875 0.1162109375 0.0703125000 0.0292968750
0 0.6650390625 0.0078125000 0.0742187500 0.0156250000
0 0.6665039062 0.0463867188 0.0712890625 0.0302734375
0 0.0541992188 0.2119140625 0.0322265625 0.0761718750
1 0.0996093750 0.2099609375 0.0312500000 0.0722656250
1 0.1386718750 0.2099609375 0.0292968750 0.0742187500
0 0.1791992188 0.2094726562 0.0283203125 0.0771484375
1 0.2187500000 0.2104492188 0.0292968750 0.0712890625
1 0.2612304688 0.2109375000 0.0302734375 0.0742187500
1 0.3012695312 0.2104492188 0.0302734375 0.0732421875
1 0.1108398438 0.3222656250 0.0908203125 0.0351562500
0 0.1279296875 0.3564453125 0.0742187500 0.0312500000
0 0.0278320312 0.4130859375 0.0556640625 0.0312500000
1 0.0273437500 0.4497070312 0.0546875000 0.0302734375
1 0.1357421875 0.3935546875 0.0703125000 0.0332031250
2 0.3193359375 0.4272460938 0.2285156250 0.2314453125
0 0.3603515625 0.5776367188 0.0722656250 0.0322265625
1 0.4672851562 0.4926757812 0.0341796875 0.0986328125
1 0.2871093750 0.2812500000 0.0917968750 0.0351562500
1 0.3813476562 0.2304687500 0.0947265625 0.0351562500
1 0.3823242188 0.2788085938 0.0712890625 0.0302734375
1 0.4658203125 0.3798828125 0.0292968750 0.0722656250
0 0.7368164062 0.2890625000 0.0322265625 0.1015625000
1 0.6386718750 0.3759765625 0.1230468750 0.0625000000
0 0.6772460938 0.5327148438 0.0986328125 0.0322265625
0 0.6420898438 0.6601562500 0.0986328125 0.0312500000
3 0.8627929688 0.9399414062 0.2744140625 0.1201171875
0 0.6015625000 0.8500976562 0.0742187500 0.0322265625
3 0.7719726562 0.7680664062 0.4560546875 0.1767578125
