3 0.0644531250 0.0693359375 0.1289062500 0.1386718750
3 0.6547851562 0.1391601562 0.2880859375 0.1962890625
3 0.5058593750 0.6372070312 0.7539062500 0.7255859375
0 0.0488281250 0.6235351562 0.0742187500 0.0302734375
0 0.0478515625 0.6669921875 0.0722656250 0.0312500000
1 0.0483398438 0.7124023438 0.0732421875 0.0302734375
1 0.0424804688 0.7563476562 0.0849609375 0.0361328125
0 0.0488281250 0.8007812500 0.0742187500 0.0292968750
0 0.0502929688 0.8461914062 0.0712890625 0.0302734375
0 0.1362304688 0.7387695312 0.0400390625 0.0283203125
