3 0.1054687500 0.3833007812 0.2109375000 0.0830078125
3 0.0737304688 0.5375976562 0.1474609375 0.0966796875
1 0.4272460938 0.6791992188 0.1455078125 0.0712890625
3 0.3925781250 0.8608398438 0.0800781250 0.2783203125
3 0.6611328125 0.8598632812 0.0800781250 0.2802734375
1 0.9331054688 0.5102539062 0.1337890625 0.0634765625
3 0.9077148438 0.6943359375 0.1845703125 0.0546875000
0 0.8208007812 0.8369140625 0.0283203125 0.0742187500
0 0.8608398438 0.8369140625 0.0283203125 0.0742187500
2 0.9140625000 0.8339843750 0.0546875000 0.0703125000
