1 0.1523437500 0.5102539062 0.1718750000 0.0634765625
3 0.1528320312 0.6943359375 0.2744140625 0.0546875000
0 0.0209960938 0.8369140625 0.0283203125 0.0742187500
0 0.0610351562 0.8369140625 0.0283203125 0.0742187500
2 0.1142578125 0.8339843750 0.0546875000 0.0703125000
1 0.2983398438 0.5517578125 0.0693359375 0.1445312500
1 0.3759765625 0.4814453125 0.0312500000 0.0722656250
1 0.3090820312 0.7661132812 0.0361328125 0.1083984375
1 0.3544921875 0.7714843750 0.0292968750 0.0703125000
0 0.4101562500 0.3471679688 0.0292968750 0.0751953125
0 0.4536132812 0.3383789062 0.0263671875 0.0556640625
0 0.5195312500 0.3378906250 0.0312500000 0.0585937500
0 0.7548828125 0.3486328125 0.0292968750 0.0742187500
0 0.7958984375 0.3476562500 0.0253906250 0.0742187500
1 0.7333984375 0.4697265625 0.0292968750 0.0722656250
2 0.8989257812 0.6083984375 0.2021484375 0.2519531250
1 0.7480468750 0.6152343750 0.0488281250 0.1191406250
2 0.5068359375 0.6030273438 0.3222656250 0.2548828125
1 0.5776367188 0.4311523438 0.1689453125 0.0576171875
1 0.5039062500 0.7934570312 0.2070312500 0.0810546875
1 0.8857421875 0.4443359375 0.1738281250 0.0683593750
1 0.9169921875 0.7944335938 0.1660156250 0.0849609375
2 0.5766601562 0.3452148438 0.0556640625 0.0478515625
