3 0.5058593750 0.2016601562 0.7539062500 0.4033203125
0 0.0488281250 0.0078125000 0.0742187500 0.0156250000
0 0.0502929688 0.0463867188 0.0712890625 0.0302734375
0 0.1206054688 0.2890625000 0.0322265625 0.1015625000
1 0.0419921875 0.3759765625 0.0839843750 0.0625000000
0 0.0610351562 0.5327148438 0.0986328125 0.0322265625
0 0.0375976562 0.6601562500 0.0751953125 0.0312500000
0 0.6660156250 0.6000976562 0.0722656250 0.0302734375
0 0.6650390625 0.6440429688 0.0722656250 0.0302734375
3 0.4594726562 0.9399414062 0.7001953125 0.1201171875
0 0.0112304688 0.8500976562 0.0224609375 0.0322265625
3 0.4995117188 0.7680664062 0.9990234375 0.1767578125
