3 0.5058593750 0.0327148438 0.7539062500 0.0654296875
0 0.1206054688 0.0009765625 0.0322265625 0.0019531250
1 0.0419921875 0.0380859375 0.0839843750 0.0625000000
0 0.0610351562 0.1948242188 0.0986328125 0.0322265625
0 0.0375976562 0.3222656250 0.0751953125 0.0312500000
0 0.6660156250 0.2622070312 0.0722656250 0.0302734375
0 0.6650390625 0.3061523438 0.0722656250 0.0302734375
3 0.4594726562 0.6987304688 0.7001953125 0.3134765625
0 0.0112304688 0.5122070312 0.0224609375 0.0322265625
3 0.4995117188 0.4301757812 0.9990234375 0.1767578125
