0 0.2041015625 0.2744140625 0.0722656250 0.0312500000
0 0.2031250000 0.3193359375 0.0722656250 0.0312500000
1 0.6416015625 0.0097656250 0.0292968750 0.0195312500
1 0.7109375000 0.0092773438 0.0292968750 0.0185546875
1 0.7651367188 0.0092773438 0.0283203125 0.0185546875
1 0.8100585938 0.0092773438 0.0302734375 0.0185546875
1 0.8725585938 0.0185546875 0.0302734375 0.0371093750
0 0.9243164062 0.0102539062 0.0283203125 0.0205078125
1 0.9858398438 0.0263671875 0.0283203125 0.0527343750
3 0.0756835938 0.4409179688 0.1513671875 0.0830078125
3 0.1049804688 0.6054687500 0.2099609375 0.0800781250
3 0.6533203125 0.5888671875 0.2773437500 0.0546875000
