3 0.0766601562 0.1655273438 0.1025390625 0.3310546875
1 0.5024414062 0.0175781250 0.0693359375 0.0312500000
1 0.5014648438 0.0693359375 0.0712890625 0.0273437500
2 0.7944335938 0.1337890625 0.4111328125 0.2675781250
1 0.5024414062 0.1259765625 0.0966796875 0.0351562500
0 0.2041015625 0.6123046875 0.0722656250 0.0312500000
0 0.2031250000 0.6572265625 0.0722656250 0.0312500000
1 0.5566406250 0.3105468750 0.0917968750 0.0371093750
1 0.6416015625 0.3203125000 0.0292968750 0.0742187500
1 0.7109375000 0.3198242188 0.0292968750 0.0732421875
1 0.7651367188 0.3203125000 0.0283203125 0.0722656250
1 0.8100585938 0.3203125000 0.0302734375 0.0722656250
1 0.8725585938 0.3383789062 0.0302734375 0.0732421875
0 0.9243164062 0.3212890625 0.0283203125 0.0742187500
1 0.9858398438 0.3364257812 0.0283203125 0.1083984375
3 0.0756835938 0.7788085938 0.1513671875 0.0830078125
3 0.1049804688 0.9433593750 0.2099609375 0.0800781250
3 0.6533203125 0.9267578125 0.2773437500 0.0546875000
