0 0.0043945312 0.3476562500 0.0087890625 0.0742187500
2 0.1738281250 0.6083984375 0.3476562500 0.2519531250
1 0.0864257812 0.4443359375 0.1728515625 0.0683593750
3 0.6406250000 0.4975585938 0.2089843750 0.2080078125
2 0.4389648438 0.6601562500 0.1279296875 0.2070312500
1 0.3330078125 0.4365234375 0.1660156250 0.0644531250
0 0.3354492188 0.3486328125 0.0322265625 0.0996093750
0 0.3798828125 0.3486328125 0.0332031250 0.1015625000
3 0.6420898438 0.8349609375 0.2060546875 0.2070312500
1 0.1479492188 0.7944335938 0.2275390625 0.0849609375
