1 0.0126953125 0.0092773438 0.0253906250 0.0185546875
1 0.0727539062 0.0185546875 0.0302734375 0.0371093750
0 0.1245117188 0.0102539062 0.0283203125 0.0205078125
1 0.1914062500 0.0263671875 0.0390625000 0.0527343750
1 0.9106445312 0.0009765625 0.0908203125 0.0019531250
0 0.9277343750 0.0185546875 0.0742187500 0.0312500000
0 0.7060546875 0.0219726562 0.0742187500 0.0302734375
0 0.8188476562 0.0751953125 0.0732421875 0.0312500000
0 0.6972656250 0.1918945312 0.0273437500 0.0751953125
1 0.8183593750 0.1118164062 0.0722656250 0.0302734375
1 0.9355468750 0.0556640625 0.0703125000 0.0332031250
0 0.6958007812 0.2919921875 0.0283203125 0.0761718750
