2 0.1010742188 0.1337890625 0.2021484375 0.2675781250
1 0.2792968750 0.0317382812 0.0703125000 0.0322265625
1 0.2788085938 0.0668945312 0.0732421875 0.0322265625
1 0.2836914062 0.1459960938 0.0966796875 0.0361328125
1 0.7114257812 0.0161132812 0.0732421875 0.0322265625
0 0.6616210938 0.2026367188 0.0283203125 0.0751953125
0 0.7055664062 0.2016601562 0.0283203125 0.0751953125
1 0.7744140625 0.2109375000 0.0332031250 0.0957031250
2 0.8955078125 0.0756835938 0.2089843750 0.1513671875
1 0.0126953125 0.3203125000 0.0253906250 0.0722656250
1 0.0727539062 0.3383789062 0.0302734375 0.0732421875
0 0.1245117188 0.3212890625 0.0283203125 0.0742187500
1 0.1914062500 0.3364257812 0.0390625000 0.1083984375
1 0.2802734375 0.2280273438 0.0722656250 0.0322265625
0 0.8540039062 0.2119140625 0.0322265625 0.0761718750
1 0.8994140625 0.2099609375 0.0312500000 0.0722656250
1 0.9384765625 0.2099609375 0.0292968750 0.0742187500
0 0.9790039062 0.2094726562 0.0283203125 0.0771484375
1 0.9106445312 0.3222656250 0.0908203125 0.0351562500
0 0.9277343750 0.3564453125 0.0742187500 0.0312500000
0 0.7060546875 0.3598632812 0.0742187500 0.0302734375
0 0.8188476562 0.4130859375 0.0732421875 0.0312500000
0 0.6972656250 0.5297851562 0.0273437500 0.0751953125
1 0.8183593750 0.4497070312 0.0722656250 0.0302734375
1 0.9355468750 0.3935546875 0.0703125000 0.0332031250
0 0.6958007812 0.6298828125 0.0283203125 0.0761718750
