0 0.8291015625 0.1166992188 0.0644531250 0.1083984375
3 0.9277343750 0.0991210938 0.1308593750 0.1279296875
2 0.9926757812 0.2338867188 0.0146484375 0.0419921875
3 0.0493164062 0.3027343750 0.0986328125 0.2246093750
3 0.0483398438 0.5112304688 0.0966796875 0.1806640625
3 0.1059570312 0.8911132812 0.1318359375 0.2177734375
0 0.4257812500 0.4555664062 0.0351562500 0.0576171875
0 0.4687500000 0.4580078125 0.0332031250 0.0566406250
3 0.6728515625 0.8525390625 0.4023437500 0.1015625000
3 0.6669921875 0.9638671875 0.3964843750 0.0722656250
2 0.9379882812 0.8334960938 0.1240234375 0.3330078125
3 0.6152343750 0.2250976562 0.2675781250 0.0888671875
