0 0.0434570312 0.7822265625 0.0302734375 0.0566406250
0 0.0332031250 0.7368164062 0.0566406250 0.0322265625
0 0.0122070312 0.6845703125 0.0244140625 0.0566406250
1 0.0117187500 0.6157226562 0.0234375000 0.0576171875
0 0.0434570312 0.6142578125 0.0341796875 0.0566406250
2 0.0913085938 0.6855468750 0.0947265625 0.0625000000
1 0.1235351562 0.7543945312 0.0380859375 0.0576171875
1 0.1362304688 0.6210937500 0.0302734375 0.0566406250
0 0.2309570312 0.6665039062 0.0615234375 0.1435546875
1 0.2026367188 0.5053710938 0.1201171875 0.0595703125
1 0.4306640625 0.5600585938 0.0625000000 0.1240234375
1 0.0156250000 0.2944335938 0.0312500000 0.0556640625
1 0.0517578125 0.2949218750 0.0312500000 0.0585937500
3 0.1059570312 0.1113281250 0.1318359375 0.2226562500
1 0.6152343750 0.7617187500 0.0312500000 0.0566406250
1 0.6562500000 0.7695312500 0.0371093750 0.0683593750
3 0.6728515625 0.0151367188 0.4023437500 0.0302734375
3 0.6669921875 0.1069335938 0.3964843750 0.1044921875
3 0.6630859375 0.2543945312 0.4003906250 0.0986328125
3 0.6577148438 0.3862304688 0.3974609375 0.0966796875
2 0.9379882812 0.3173828125 0.1240234375 0.6347656250
3 0.7084960938 0.6684570312 0.0498046875 0.1298828125
