3 0.0507812500 0.2001953125 0.1015625000 0.2285156250
1 0.0161132812 0.3354492188 0.0322265625 0.0341796875
1 0.0141601562 0.4331054688 0.0283203125 0.0322265625
0 0.0200195312 0.3862304688 0.0302734375 0.0537109375
1 0.0659179688 0.3364257812 0.0498046875 0.0322265625
1 0.1459960938 0.1562500000 0.0556640625 0.0351562500
1 0.2031250000 0.1572265625 0.0546875000 0.0351562500
1 0.2617187500 0.1572265625 0.0527343750 0.0351562500
1 0.3183593750 0.1567382812 0.0527343750 0.0322265625
1 0.3764648438 0.1572265625 0.0537109375 0.0332031250
1 0.4360351562 0.1572265625 0.0556640625 0.0351562500
1 0.4946289062 0.1577148438 0.0537109375 0.0341796875
1 0.5522460938 0.1572265625 0.0537109375 0.0351562500
1 0.1435546875 0.4804687500 0.0527343750 0.0332031250
1 0.2016601562 0.4809570312 0.0517578125 0.0341796875
1 0.2607421875 0.4814453125 0.0527343750 0.0351562500
1 0.3183593750 0.4814453125 0.0527343750 0.0351562500
1 0.3764648438 0.4824218750 0.0537109375 0.0371093750
1 0.4350585938 0.4819335938 0.0537109375 0.0361328125
1 0.4921875000 0.4809570312 0.0527343750 0.0341796875
1 0.5507812500 0.4824218750 0.0546875000 0.0371093750
1 0.0332031250 0.7456054688 0.0664062500 0.2177734375
1 0.1718750000 0.7519531250 0.2128906250 0.2070312500
1 0.3857421875 0.7509765625 0.2011718750 0.2070312500
1 0.3837890625 0.9326171875 0.2011718750 0.1347656250
1 0.1694335938 0.5800781250 0.0791015625 0.1542968750
1 0.2885742188 0.5791015625 0.0751953125 0.1640625000
1 0.4067382812 0.5830078125 0.0751953125 0.1582031250
1 0.5239257812 0.5810546875 0.0771484375 0.1582031250
3 0.3583984375 0.3188476562 0.4824218750 0.2392578125
3 0.7192382812 0.3071289062 0.1416015625 0.4287109375
3 0.9003906250 0.3085937500 0.1523437500 0.4296875000
0 0.0019531250 0.8867187500 0.0039062500 0.0566406250
0 0.0249023438 0.8852539062 0.0341796875 0.0556640625
0 0.0625000000 0.8847656250 0.0351562500 0.0527343750
0 0.0009765625 0.9624023438 0.0019531250 0.0576171875
0 0.1962890625 0.9394531250 0.0761718750 0.0429687500
1 0.1132812500 0.9384765625 0.0761718750 0.0390625000
1 0.1040039062 0.9804687500 0.0537109375 0.0351562500
0 0.0239257812 0.9624023438 0.0341796875 0.0595703125
1 0.2832031250 0.9008789062 0.0312500000 0.0556640625
1 0.1884765625 0.9868164062 0.0332031250 0.0263671875
2 0.0820312500 0.9975585938 0.1523437500 0.0048828125
1 0.4619140625 0.8491210938 0.0351562500 0.0205078125
1 0.4624023438 0.8793945312 0.0380859375 0.0224609375
1 0.4916992188 0.6953125000 0.0166015625 0.0371093750
0 0.4897460938 0.8144531250 0.0166015625 0.0371093750
