1 0.1293945312 0.2172851562 0.1474609375 0.0654296875
1 0.0039062500 0.3105468750 0.0078125000 0.0644531250
2 0.0605468750 0.4057617188 0.1210937500 0.1142578125
1 0.0039062500 0.4965820312 0.0078125000 0.0556640625
0 0.5673828125 0.8984375000 0.0546875000 0.0292968750
1 0.0043945312 0.5791015625 0.0087890625 0.0585937500
1 0.1337890625 0.8588867188 0.1328125000 0.0634765625
1 0.0039062500 0.7651367188 0.0078125000 0.0673828125
2 0.0595703125 0.6704101562 0.1191406250 0.1162109375
3 0.5888671875 0.8588867188 0.1386718750 0.0673828125
3 0.5854492188 0.9628906250 0.0986328125 0.0371093750
0 0.1445312500 0.9560546875 0.0351562500 0.0527343750
0 0.1909179688 0.9580078125 0.0361328125 0.0527343750
0 0.2290039062 0.9570312500 0.0380859375 0.0566406250
1 0.0283203125 0.9565429688 0.0371093750 0.0556640625
