3 0.5717773438 0.2377929688 0.2138671875 0.2978515625
3 0.7910156250 0.2001953125 0.2207031250 0.2285156250
0 0.5795898438 0.5146484375 0.0380859375 0.0527343750
1 0.5805664062 0.4291992188 0.0341796875 0.0537109375
1 0.5786132812 0.6054687500 0.0341796875 0.0507812500
1 0.8041992188 0.3354492188 0.0556640625 0.0341796875
1 0.8027343750 0.4331054688 0.0507812500 0.0322265625
0 0.8198242188 0.3862304688 0.0302734375 0.0537109375
1 0.8657226562 0.3364257812 0.0498046875 0.0322265625
3 0.4194335938 0.8198242188 0.3896484375 0.3603515625
0 0.7465820312 0.8842773438 0.0322265625 0.0576171875
0 0.7451171875 0.9609375000 0.0351562500 0.0527343750
1 0.9458007812 0.1562500000 0.0556640625 0.0351562500
1 0.9877929688 0.1572265625 0.0244140625 0.0351562500
1 0.9433593750 0.4804687500 0.0527343750 0.0332031250
1 0.9877929688 0.4809570312 0.0244140625 0.0341796875
1 0.7558593750 0.7456054688 0.2207031250 0.2177734375
1 0.9326171875 0.7519531250 0.1347656250 0.2070312500
1 0.9648437500 0.5800781250 0.0703125000 0.1542968750
3 0.9584960938 0.3188476562 0.0830078125 0.2392578125
0 0.7861328125 0.8867187500 0.0351562500 0.0566406250
0 0.8247070312 0.8852539062 0.0341796875 0.0556640625
0 0.8623046875 0.8847656250 0.0351562500 0.0527343750
0 0.7856445312 0.9624023438 0.0322265625 0.0576171875
0 0.9790039062 0.9394531250 0.0419921875 0.0429687500
1 0.9130859375 0.9384765625 0.0761718750 0.0390625000
1 0.9038085938 0.9804687500 0.0537109375 0.0351562500
0 0.8237304688 0.9624023438 0.0341796875 0.0595703125
1 0.7465820312 0.9975585938 0.0341796875 0.0048828125
1 0.7851562500 0.9970703125 0.0273437500 0.0058593750
1 0.9858398438 0.9868164062 0.0283203125 0.0263671875
2 0.8818359375 0.9975585938 0.1523437500 0.0048828125
