1 0.6259765625 0.1499023438 0.1464843750 0.0634765625
1 0.6245117188 0.2133789062 0.1474609375 0.0595703125
1 0.8320312500 0.3061523438 0.1445312500 0.0634765625
1 0.8632812500 0.3623046875 0.0527343750 0.0351562500
1 0.8642578125 0.4023437500 0.0546875000 0.0351562500
1 0.8676757812 0.4418945312 0.0400390625 0.0205078125
1 0.8300781250 0.4921875000 0.1464843750 0.0625000000
1 0.8305664062 0.5742187500 0.1435546875 0.0605468750
1 0.8642578125 0.6289062500 0.0527343750 0.0332031250
1 0.8637695312 0.6694335938 0.0517578125 0.0322265625
1 0.8681640625 0.7089843750 0.0371093750 0.0214843750
1 0.8281250000 0.7602539062 0.1425781250 0.0595703125
1 0.8291015625 0.8466796875 0.1464843750 0.0605468750
2 0.7426757812 0.3984375000 0.1806640625 0.1132812500
0 0.9326171875 0.3623046875 0.0546875000 0.0351562500
0 0.9321289062 0.4018554688 0.0537109375 0.0341796875
0 0.9321289062 0.4418945312 0.0517578125 0.0322265625
1 0.9970703125 0.4511718750 0.0058593750 0.0507812500
3 0.1005859375 0.3085937500 0.1523437500 0.4296875000
3 0.9311523438 0.2607421875 0.1376953125 0.3222656250
2 0.7412109375 0.6660156250 0.1835937500 0.1171875000
2 0.7407226562 0.9389648438 0.1806640625 0.1142578125
1 0.8637695312 0.9003906250 0.0556640625 0.0332031250
1 0.8618164062 0.9423828125 0.0537109375 0.0371093750
1 0.8662109375 0.9809570312 0.0410156250 0.0283203125
