3 0.4023437500 0.0224609375 0.1386718750 0.0449218750
1 0.9985351562 0.4780273438 0.0029296875 0.0791015625
1 0.9985351562 0.3720703125 0.0029296875 0.0761718750
1 0.7685546875 0.2890625000 0.1015625000 0.0839843750
1 0.9716796875 0.2958984375 0.0351562500 0.0605468750
0 0.9130859375 0.2988281250 0.0664062500 0.0449218750
1 0.9921875000 0.2333984375 0.0156250000 0.0644531250
0 0.9667968750 0.2348632812 0.0292968750 0.0595703125
0 0.9516601562 0.1743164062 0.0322265625 0.0595703125
0 0.8886718750 0.1718750000 0.0273437500 0.0585937500
0 0.7910156250 0.1733398438 0.0332031250 0.0615234375
1 0.9204101562 0.1728515625 0.0341796875 0.0644531250
1 0.8603515625 0.1723632812 0.0351562500 0.0634765625
1 0.8237304688 0.1733398438 0.0341796875 0.0615234375
1 0.7719726562 0.2343750000 0.0615234375 0.0292968750
2 0.8608398438 0.2348632812 0.0458984375 0.0498046875
1 0.4858398438 0.2309570312 0.0380859375 0.0634765625
1 0.5268554688 0.3554687500 0.0595703125 0.0312500000
0 0.4287109375 0.3833007812 0.0253906250 0.0576171875
0 0.4028320312 0.3295898438 0.0341796875 0.0576171875
1 0.4018554688 0.3857421875 0.0341796875 0.0585937500
1 0.0488281250 0.3583984375 0.0585937500 0.0351562500
1 0.0483398438 0.2446289062 0.0615234375 0.0380859375
2 0.0473632812 0.3017578125 0.0341796875 0.0546875000
3 0.6293945312 0.4702148438 0.0771484375 0.1396484375
1 0.5922851562 0.8647460938 0.0576171875 0.0361328125
1 0.5913085938 0.9023437500 0.0595703125 0.0273437500
1 0.5903320312 0.9965820312 0.0615234375 0.0068359375
1 0.5903320312 0.9746093750 0.0615234375 0.0351562500
1 0.5913085938 0.9365234375 0.0595703125 0.0371093750
1 0.7314453125 0.7866210938 0.0332031250 0.0654296875
1 0.7666015625 0.7861328125 0.0332031250 0.0625000000
1 0.8037109375 0.7871093750 0.0292968750 0.0585937500
1 0.8383789062 0.7900390625 0.0322265625 0.0605468750
1 0.8730468750 0.7875976562 0.0371093750 0.0654296875
1 0.9111328125 0.7885742188 0.0351562500 0.0634765625
1 0.9462890625 0.7866210938 0.0332031250 0.0595703125
1 0.9824218750 0.7861328125 0.0351562500 0.0625000000
2 0.8491210938 0.9443359375 0.3017578125 0.1113281250
