1 0.5922851562 0.0649414062 0.0576171875 0.0361328125
1 0.5913085938 0.1025390625 0.0595703125 0.0273437500
1 0.5913085938 0.3173828125 0.0556640625 0.0332031250
1 0.5927734375 0.2802734375 0.0566406250 0.0351562500
1 0.5913085938 0.2451171875 0.0595703125 0.0351562500
1 0.5903320312 0.2099609375 0.0615234375 0.0332031250
1 0.5903320312 0.1748046875 0.0615234375 0.0351562500
1 0.5913085938 0.1367187500 0.0595703125 0.0371093750
1 0.5913085938 0.3544921875 0.0634765625 0.0371093750
1 0.5888671875 0.3979492188 0.0605468750 0.0380859375
1 0.5893554688 0.4355468750 0.0595703125 0.0351562500
1 0.5903320312 0.4697265625 0.0615234375 0.0351562500
1 0.5903320312 0.5048828125 0.0576171875 0.0351562500
1 0.5888671875 0.5415039062 0.0605468750 0.0302734375
1 0.5903320312 0.5776367188 0.0615234375 0.0361328125
1 0.5903320312 0.6162109375 0.0615234375 0.0351562500
1 0.5903320312 0.6508789062 0.0576171875 0.0341796875
1 0.5888671875 0.6855468750 0.0605468750 0.0351562500
1 0.7314453125 0.0097656250 0.0332031250 0.0195312500
1 0.7666015625 0.0087890625 0.0332031250 0.0175781250
1 0.8037109375 0.0083007812 0.0292968750 0.0166015625
1 0.8383789062 0.0102539062 0.0322265625 0.0205078125
1 0.8730468750 0.0102539062 0.0371093750 0.0205078125
1 0.9111328125 0.0102539062 0.0351562500 0.0205078125
1 0.9462890625 0.0083007812 0.0332031250 0.0166015625
1 0.9824218750 0.0087890625 0.0351562500 0.0175781250
1 0.7280273438 0.7734375000 0.0341796875 0.0625000000
1 0.7646484375 0.7734375000 0.0351562500 0.0644531250
1 0.7998046875 0.7709960938 0.0332031250 0.0634765625
1 0.8364257812 0.7724609375 0.0361328125 0.0664062500
1 0.8740234375 0.7714843750 0.0332031250 0.0605468750
1 0.9072265625 0.7719726562 0.0332031250 0.0654296875
1 0.9433593750 0.7709960938 0.0371093750 0.0634765625
1 0.9799804688 0.7705078125 0.0361328125 0.0644531250
1 0.9990234375 0.7709960938 0.0019531250 0.0634765625
2 0.8491210938 0.2143554688 0.3017578125 0.2509765625
2 0.8481445312 0.5366210938 0.3037109375 0.2587890625
