1 0.0092773438 0.0083007812 0.0185546875 0.0166015625
1 0.0385742188 0.0102539062 0.0322265625 0.0205078125
1 0.0732421875 0.0102539062 0.0371093750 0.0205078125
1 0.1113281250 0.0102539062 0.0351562500 0.0205078125
1 0.1464843750 0.0083007812 0.0332031250 0.0166015625
1 0.1831054688 0.0087890625 0.0361328125 0.0175781250
1 0.2177734375 0.0097656250 0.0332031250 0.0195312500
1 0.0083007812 0.7709960938 0.0166015625 0.0634765625
1 0.0366210938 0.7724609375 0.0361328125 0.0664062500
1 0.0742187500 0.7714843750 0.0332031250 0.0605468750
1 0.1074218750 0.7719726562 0.0332031250 0.0654296875
1 0.1435546875 0.7709960938 0.0371093750 0.0634765625
1 0.1801757812 0.7705078125 0.0361328125 0.0644531250
1 0.2158203125 0.7709960938 0.0351562500 0.0634765625
1 0.9633789062 0.0024414062 0.0595703125 0.0048828125
1 0.9633789062 0.6889648438 0.0595703125 0.0322265625
1 0.9638671875 0.7255859375 0.0625000000 0.0371093750
1 0.9638671875 0.7636718750 0.0625000000 0.0351562500
1 0.9628906250 0.7998046875 0.0605468750 0.0371093750
1 0.9633789062 0.8354492188 0.0595703125 0.0380859375
1 0.9628906250 0.8715820312 0.0605468750 0.0361328125
1 0.9633789062 0.9052734375 0.0595703125 0.0351562500
1 0.9653320312 0.9418945312 0.0595703125 0.0419921875
1 0.9663085938 0.9790039062 0.0615234375 0.0419921875
1 0.9624023438 0.9985351562 0.0654296875 0.0029296875
1 0.3242187500 0.3769531250 0.0351562500 0.0644531250
1 0.3583984375 0.3754882812 0.0351562500 0.0693359375
1 0.3959960938 0.3769531250 0.0380859375 0.0742187500
1 0.4360351562 0.3735351562 0.0341796875 0.0615234375
1 0.4707031250 0.3750000000 0.0351562500 0.0644531250
1 0.5068359375 0.3764648438 0.0351562500 0.0673828125
1 0.5439453125 0.3759765625 0.0351562500 0.0664062500
1 0.5776367188 0.3774414062 0.0302734375 0.0654296875
1 0.6142578125 0.3779296875 0.0253906250 0.0546875000
2 0.1313476562 0.2143554688 0.2626953125 0.2509765625
2 0.1303710938 0.5366210938 0.2607421875 0.2587890625
1 0.5068359375 0.0009765625 0.0468750000 0.0019531250
1 0.5322265625 0.0136718750 0.0527343750 0.0273437500
1 0.5595703125 0.0258789062 0.0468750000 0.0498046875
1 0.5834960938 0.0541992188 0.0498046875 0.0517578125
1 0.6108398438 0.0781250000 0.0478515625 0.0468750000
1 0.6352539062 0.1074218750 0.0498046875 0.0449218750
1 0.6025390625 0.0039062500 0.0507812500 0.0078125000
1 0.6303710938 0.0166015625 0.0517578125 0.0332031250
1 0.6538085938 0.0322265625 0.0458984375 0.0429687500
1 0.6811523438 0.0566406250 0.0439453125 0.0449218750
1 0.6376953125 0.6557617188 0.0566406250 0.0556640625
1 0.6083984375 0.6811523438 0.0527343750 0.0576171875
1 0.5839843750 0.7080078125 0.0527343750 0.0527343750
1 0.5566406250 0.7304687500 0.0566406250 0.0527343750
1 0.5346679688 0.7607421875 0.0517578125 0.0585937500
1 0.4985351562 0.7861328125 0.0517578125 0.0566406250
1 0.4765625000 0.8129882812 0.0566406250 0.0517578125
1 0.4482421875 0.8388671875 0.0507812500 0.0507812500
1 0.4218750000 0.8637695312 0.0546875000 0.0595703125
1 0.4692382812 0.9096679688 0.0478515625 0.0537109375
1 0.4985351562 0.8852539062 0.0517578125 0.0556640625
1 0.5263671875 0.8574218750 0.0546875000 0.0527343750
1 0.5556640625 0.8300781250 0.0507812500 0.0566406250
1 0.5737304688 0.8027343750 0.0576171875 0.0546875000
1 0.6025390625 0.7792968750 0.0546875000 0.0527343750
1 0.6279296875 0.7534179688 0.0566406250 0.0556640625
1 0.6567382812 0.7304687500 0.0478515625 0.0527343750
1 0.6816406250 0.7045898438 0.0566406250 0.0556640625
1 0.7094726562 0.6762695312 0.0634765625 0.0517578125
