3 0.7714843750 0.0932617188 0.4570312500 0.1865234375
2 0.1503906250 0.1259765625 0.3007812500 0.2519531250
1 0.3510742188 0.0141601562 0.0634765625 0.0283203125
1 0.3500976562 0.1538085938 0.0595703125 0.0361328125
1 0.3496093750 0.1914062500 0.0644531250 0.0351562500
3 0.3227539062 0.3183593750 0.0791015625 0.0585937500
3 0.4091796875 0.4584960938 0.0742187500 0.0810546875
3 0.4892578125 0.4624023438 0.0781250000 0.0771484375
3 0.5717773438 0.3178710938 0.0830078125 0.0517578125
3 0.6547851562 0.3139648438 0.0810546875 0.0517578125
