1 0.1635742188 0.0024414062 0.0595703125 0.0048828125
1 0.1635742188 0.6889648438 0.0595703125 0.0322265625
1 0.1640625000 0.7255859375 0.0625000000 0.0371093750
1 0.1640625000 0.7636718750 0.0625000000 0.0351562500
1 0.1630859375 0.7998046875 0.0605468750 0.0371093750
1 0.1635742188 0.8354492188 0.0595703125 0.0380859375
1 0.1630859375 0.8715820312 0.0605468750 0.0361328125
1 0.1635742188 0.9052734375 0.0595703125 0.0351562500
1 0.1655273438 0.9418945312 0.0595703125 0.0419921875
1 0.1665039062 0.9790039062 0.0615234375 0.0419921875
1 0.1625976562 0.9985351562 0.0654296875 0.0029296875
1 0.4790039062 0.3759765625 0.0322265625 0.0625000000
1 0.5136718750 0.3764648438 0.0371093750 0.0634765625
1 0.5512695312 0.3764648438 0.0361328125 0.0634765625
1 0.5874023438 0.3764648438 0.0361328125 0.0634765625
1 0.6235351562 0.3754882812 0.0361328125 0.0654296875
1 0.6591796875 0.3774414062 0.0371093750 0.0595703125
1 0.6943359375 0.3779296875 0.0371093750 0.0605468750
1 0.7661132812 0.3759765625 0.0302734375 0.0625000000
1 0.8041992188 0.3774414062 0.0341796875 0.0595703125
1 0.8393554688 0.3764648438 0.0302734375 0.0615234375
1 0.4213867188 0.6752929688 0.0576171875 0.0595703125
1 0.4487304688 0.7016601562 0.0498046875 0.0498046875
1 0.4736328125 0.7285156250 0.0546875000 0.0546875000
1 0.4985351562 0.7543945312 0.0498046875 0.0478515625
1 0.5258789062 0.7802734375 0.0478515625 0.0507812500
1 0.5537109375 0.8046875000 0.0546875000 0.0546875000
1 0.5800781250 0.8300781250 0.0527343750 0.0566406250
1 0.6064453125 0.8559570312 0.0527343750 0.0537109375
1 0.6313476562 0.8852539062 0.0615234375 0.0556640625
1 0.6528320312 0.9135742188 0.0517578125 0.0478515625
1 0.6762695312 0.9418945312 0.0498046875 0.0498046875
1 0.7016601562 0.9658203125 0.0478515625 0.0488281250
1 0.4667968750 0.6279296875 0.0546875000 0.0527343750
1 0.4951171875 0.6577148438 0.0546875000 0.0498046875
1 0.5200195312 0.6816406250 0.0537109375 0.0527343750
1 0.5458984375 0.7080078125 0.0566406250 0.0566406250
1 0.5742187500 0.7304687500 0.0546875000 0.0527343750
1 0.5957031250 0.7592773438 0.0546875000 0.0517578125
1 0.6240234375 0.7841796875 0.0527343750 0.0527343750
1 0.6494140625 0.8120117188 0.0546875000 0.0556640625
1 0.6733398438 0.8378906250 0.0595703125 0.0527343750
1 0.7045898438 0.8642578125 0.0478515625 0.0468750000
1 0.7319335938 0.8857421875 0.0498046875 0.0546875000
1 0.7587890625 0.9106445312 0.0546875000 0.0615234375
1 0.6225585938 0.0019531250 0.0498046875 0.0039062500
1 0.5966796875 0.0146484375 0.0566406250 0.0292968750
1 0.5703125000 0.0273437500 0.0527343750 0.0527343750
1 0.5454101562 0.0551757812 0.0478515625 0.0556640625
1 0.5209960938 0.0800781250 0.0517578125 0.0546875000
1 0.4926757812 0.1054687500 0.0498046875 0.0566406250
1 0.4687500000 0.1308593750 0.0585937500 0.0585937500
1 0.5273437500 0.0024414062 0.0488281250 0.0048828125
1 0.5019531250 0.0170898438 0.0527343750 0.0341796875
1 0.4750976562 0.0346679688 0.0478515625 0.0478515625
1 0.4477539062 0.0610351562 0.0517578125 0.0615234375
1 0.4213867188 0.0883789062 0.0576171875 0.0615234375
