3 0.1489257812 0.3481445312 0.2978515625 0.2919921875
3 0.7006835938 0.3325195312 0.5986328125 0.5947265625
3 0.7714843750 0.8569335938 0.4570312500 0.2587890625
2 0.1503906250 0.8100585938 0.3007812500 0.3798828125
0 0.2407226562 0.5576171875 0.0361328125 0.0664062500
1 0.3476562500 0.6181640625 0.0644531250 0.0371093750
1 0.3491210938 0.6567382812 0.0654296875 0.0341796875
1 0.3491210938 0.6918945312 0.0654296875 0.0380859375
1 0.3496093750 0.7358398438 0.0605468750 0.0322265625
1 0.4160156250 0.7368164062 0.0644531250 0.0341796875
1 0.3486328125 0.7744140625 0.0625000000 0.0292968750
1 0.3510742188 0.8090820312 0.0634765625 0.0380859375
1 0.3500976562 0.9536132812 0.0595703125 0.0361328125
1 0.3496093750 0.9868164062 0.0644531250 0.0263671875
