1 0.0083007812 0.0014648438 0.0166015625 0.0029296875
1 0.0366210938 0.0029296875 0.0361328125 0.0058593750
1 0.0742187500 0.0009765625 0.0332031250 0.0019531250
1 0.1074218750 0.0024414062 0.0332031250 0.0048828125
1 0.1435546875 0.0014648438 0.0371093750 0.0029296875
1 0.1801757812 0.0014648438 0.0361328125 0.0029296875
1 0.2158203125 0.0014648438 0.0351562500 0.0029296875
1 0.9628906250 0.0092773438 0.0605468750 0.0185546875
1 0.9633789062 0.0356445312 0.0595703125 0.0380859375
1 0.9628906250 0.0717773438 0.0605468750 0.0361328125
1 0.9633789062 0.1054687500 0.0595703125 0.0351562500
1 0.9653320312 0.1420898438 0.0595703125 0.0419921875
1 0.9663085938 0.1791992188 0.0615234375 0.0419921875
1 0.9624023438 0.2172851562 0.0654296875 0.0400390625
1 0.9643554688 0.2524414062 0.0615234375 0.0400390625
1 0.4985351562 0.0073242188 0.0517578125 0.0146484375
1 0.4765625000 0.0195312500 0.0566406250 0.0390625000
1 0.4482421875 0.0390625000 0.0507812500 0.0507812500
1 0.4218750000 0.0639648438 0.0546875000 0.0595703125
1 0.4692382812 0.1098632812 0.0478515625 0.0537109375
1 0.4985351562 0.0854492188 0.0517578125 0.0556640625
1 0.5263671875 0.0576171875 0.0546875000 0.0527343750
1 0.5556640625 0.0302734375 0.0507812500 0.0566406250
1 0.5737304688 0.0151367188 0.0576171875 0.0302734375
1 0.6025390625 0.0029296875 0.0546875000 0.0058593750
