3 0.1015625000 0.4116210938 0.2031250000 0.4228515625
3 0.4306640625 0.3256835938 0.2343750000 0.1767578125
3 0.7875976562 0.3823242188 0.1943359375 0.3876953125
3 0.9663085938 0.3823242188 0.0673828125 0.3876953125
1 0.3330078125 0.4536132812 0.0644531250 0.0341796875
1 0.3950195312 0.4536132812 0.0517578125 0.0302734375
1 0.5083007812 0.4526367188 0.0654296875 0.0380859375
0 0.2812500000 0.4931640625 0.0644531250 0.0351562500
1 0.5605468750 0.5200195312 0.0332031250 0.0595703125
1 0.5947265625 0.5209960938 0.0332031250 0.0615234375
1 0.5615234375 0.5976562500 0.0351562500 0.0664062500
1 0.2924804688 0.6357421875 0.0361328125 0.0625000000
1 0.5883789062 0.6459960938 0.0595703125 0.0322265625
1 0.5883789062 0.6782226562 0.0595703125 0.0341796875
1 0.3354492188 0.7065429688 0.0166015625 0.0361328125
3 0.4023437500 0.8085937500 0.1386718750 0.0722656250
0 0.9516601562 0.9721679688 0.0322265625 0.0556640625
0 0.8886718750 0.9711914062 0.0273437500 0.0576171875
0 0.7910156250 0.9711914062 0.0332031250 0.0576171875
1 0.9204101562 0.9702148438 0.0341796875 0.0595703125
1 0.8603515625 0.9702148438 0.0351562500 0.0595703125
1 0.8237304688 0.9711914062 0.0341796875 0.0576171875
1 0.4858398438 0.9995117188 0.0380859375 0.0009765625
