1 0.0180664062 0.2700892857 0.0361328125 0.0401785714
1 0.1997070312 0.1555059524 0.0341796875 0.0491071429
1 0.0156250000 0.6413690476 0.0312500000 0.0416666667
1 0.2880859375 0.8169642857 0.0371093750 0.0565476190
0 0.0415039062 0.7805059524 0.0283203125 0.0937500000
0 0.1044921875 0.8191964286 0.0625000000 0.0401785714
2 0.0009765625 0.7313988095 0.0019531250 0.1026785714
2 0.1674804688 0.4992559524 0.2392578125 0.4836309524
2 0.0971679688 0.1703869048 0.0419921875 0.0818452381
2 0.6406250000 0.4970238095 0.4003906250 0.6041666667
1 0.4736328125 0.2953869048 0.0351562500 0.0520833333
1 0.4277343750 0.5848214286 0.0332031250 0.0535714286
1 0.4604492188 0.6584821429 0.0322265625 0.0491071429
1 0.5161132812 0.7410714286 0.0302734375 0.0505952381
1 0.8076171875 0.7098214286 0.0332031250 0.0505952381
1 0.7495117188 0.1882440476 0.0322265625 0.0491071429
1 0.8041992188 0.2797619048 0.0322265625 0.0476190476
0 0.3540039062 0.1912202381 0.0302734375 0.0997023810
0 0.4487304688 0.7812500000 0.0654296875 0.0416666667
0 0.8847656250 0.1584821429 0.0605468750 0.0461309524
0 0.9536132812 0.1584821429 0.0654296875 0.0461309524
0 0.7714843750 0.7976190476 0.0292968750 0.0982142857
0 0.9169921875 0.7254464286 0.0292968750 0.0967261905
1 0.9418945312 0.8273809524 0.0634765625 0.0625000000
1 0.9423828125 0.5997023810 0.0664062500 0.0625000000
1 0.9409179688 0.4836309524 0.0654296875 0.0595238095
1 0.9423828125 0.3809523810 0.0664062500 0.0684523810
1 0.9428710938 0.2648809524 0.0673828125 0.0654761905
1 0.8466796875 0.3400297619 0.0351562500 0.0461309524
3 0.0234375000 0.5230654762 0.0468750000 0.1681547619
3 0.4985351562 0.0625000000 0.9970703125 0.1160714286
3 0.5000000000 0.9322916667 1.0000000000 0.1294642857
