2 0.8549804688 0.9077148438 0.2900390625 0.1845703125
0 0.6748046875 0.7807617188 0.0839843750 0.0419921875
0 0.6767578125 0.7260742188 0.0839843750 0.0361328125
0 0.6767578125 0.6914062500 0.0839843750 0.0429687500
0 0.6748046875 0.6494140625 0.0800781250 0.0488281250
0 0.7617187500 0.6894531250 0.0761718750 0.0390625000
0 0.7607421875 0.6479492188 0.0781250000 0.0380859375
0 0.8417968750 0.6894531250 0.0781250000 0.0351562500
0 0.8408203125 0.6489257812 0.0800781250 0.0439453125
0 0.9331054688 0.7744140625 0.0830078125 0.0507812500
0 0.6113281250 0.0322265625 0.0488281250 0.0644531250
2 0.5317382812 0.0322265625 0.0947265625 0.0644531250
0 0.4472656250 0.0156250000 0.0488281250 0.0312500000
1 0.1997070312 0.0629882812 0.1240234375 0.0693359375
1 0.1079101562 0.0200195312 0.0400390625 0.0400390625
2 0.0415039062 0.2592773438 0.0830078125 0.2275390625
0 0.2636718750 0.1713867188 0.0781250000 0.0400390625
0 0.2636718750 0.2114257812 0.0820312500 0.0341796875
0 0.2626953125 0.2500000000 0.0839843750 0.0371093750
0 0.2646484375 0.2875976562 0.0839843750 0.0400390625
0 0.2656250000 0.3291015625 0.0820312500 0.0410156250
0 0.2636718750 0.3706054688 0.0859375000 0.0478515625
2 0.4848632812 0.2612304688 0.3251953125 0.3251953125
1 0.5102539062 0.4838867188 0.0419921875 0.0791015625
1 0.4741210938 0.4843750000 0.0322265625 0.0820312500
0 0.4438476562 0.4853515625 0.0341796875 0.0820312500
0 0.4116210938 0.4858398438 0.0322265625 0.0888671875
0 0.3774414062 0.4858398438 0.0341796875 0.0849609375
0 0.3471679688 0.4858398438 0.0322265625 0.0849609375
0 0.3105468750 0.4858398438 0.0468750000 0.0849609375
1 0.5673828125 0.4858398438 0.0410156250 0.0791015625
0 0.6152343750 0.4843750000 0.0410156250 0.0820312500
1 0.6455078125 0.5634765625 0.0839843750 0.0449218750
3 0.8525390625 0.3022460938 0.2949218750 0.6044921875
2 0.3969726562 0.8432617188 0.4052734375 0.3134765625
1 0.0800781250 0.9306640625 0.1210937500 0.1386718750
1 0.0844726562 0.7456054688 0.1298828125 0.2294921875
1 0.0859375000 0.5151367188 0.1230468750 0.2314453125
