0 0.3535156250 0.4404296875 0.0820312500 0.0390625000
2 0.3916015625 0.0893554688 0.1386718750 0.1416015625
1 0.5336914062 0.1162109375 0.0732421875 0.1347656250
2 0.5605468750 0.3193359375 0.2792968750 0.2011718750
1 0.7519531250 0.2368164062 0.0820312500 0.0458984375
0 0.7519531250 0.2846679688 0.0820312500 0.0380859375
0 0.8632812500 0.1694335938 0.0800781250 0.0439453125
0 0.9257812500 0.1640625000 0.0429687500 0.0839843750
0 0.9663085938 0.1640625000 0.0400390625 0.0839843750
0 0.9824218750 0.0219726562 0.0351562500 0.0439453125
0 0.9824218750 0.0673828125 0.0351562500 0.0488281250
3 0.0756835938 0.3906250000 0.1513671875 0.2128906250
