2 0.3916015625 0.8891601562 0.1386718750 0.1416015625
1 0.5336914062 0.9160156250 0.0732421875 0.1347656250
0 0.8632812500 0.9692382812 0.0800781250 0.0439453125
0 0.9257812500 0.9609375000 0.0429687500 0.0781250000
0 0.9663085938 0.9609375000 0.0400390625 0.0781250000
0 0.9843750000 0.7226562500 0.0312500000 0.0429687500
0 0.9853515625 0.7705078125 0.0292968750 0.0429687500
0 0.9824218750 0.8212890625 0.0351562500 0.0449218750
0 0.9824218750 0.8671875000 0.0351562500 0.0488281250
1 0.0942382812 0.2011718750 0.1416015625 0.0800781250
1 0.3154296875 0.2021484375 0.1406250000 0.0820312500
1 0.6640625000 0.1464843750 0.0800781250 0.1367187500
1 0.6650390625 0.4453125000 0.0820312500 0.1445312500
2 0.8979492188 0.2807617188 0.2041015625 0.5615234375
2 0.2661132812 0.0410156250 0.5322265625 0.0820312500
2 0.2680664062 0.5146484375 0.5361328125 0.3750000000
