2 0.8129882812 0.3081054688 0.3251953125 0.2392578125
0 0.5844726562 0.3457031250 0.0380859375 0.0820312500
1 0.5400390625 0.3457031250 0.0449218750 0.0859375000
0 0.4506835938 0.4052734375 0.0869140625 0.0468750000
1 0.4497070312 0.3242187500 0.0830078125 0.0468750000
0 0.4501953125 0.2802734375 0.0839843750 0.0468750000
1 0.3437500000 0.4072265625 0.0839843750 0.0429687500
2 0.2978515625 0.3110351562 0.1582031250 0.1298828125
1 0.1088867188 0.2700195312 0.1376953125 0.0712890625
1 0.1088867188 0.3427734375 0.1337890625 0.0800781250
1 0.1064453125 0.4082031250 0.0839843750 0.0410156250
1 0.0942382812 0.9804687500 0.1416015625 0.0390625000
1 0.3154296875 0.9804687500 0.1406250000 0.0390625000
1 0.6640625000 0.9389648438 0.0800781250 0.1220703125
2 0.8979492188 0.8154296875 0.2041015625 0.3691406250
2 0.2661132812 0.6987304688 0.5322265625 0.3662109375
