3 0.1474609375 0.6845703125 0.2949218750 0.2988281250
3 0.5004882812 0.5000000000 0.1787109375 0.1191406250
2 0.5380859375 0.7739257812 0.1347656250 0.1455078125
2 0.7255859375 0.9692382812 0.0742187500 0.0615234375
2 0.2890625000 0.9707031250 0.0761718750 0.0585937500
1 0.2636718750 0.5302734375 0.0859375000 0.0312500000
1 0.3535156250 0.5976562500 0.0683593750 0.0351562500
1 0.7260742188 0.5463867188 0.0654296875 0.0341796875
3 0.5288085938 0.6230468750 0.1064453125 0.1054687500
0 0.3530273438 0.6538085938 0.0751953125 0.0322265625
0 0.3535156250 0.7851562500 0.0722656250 0.0312500000
1 0.3574218750 0.8627929688 0.0664062500 0.0341796875
1 0.3549804688 0.9003906250 0.0654296875 0.0371093750
1 0.4282226562 0.9018554688 0.0654296875 0.0361328125
1 0.5786132812 0.8999023438 0.0693359375 0.0341796875
1 0.6528320312 0.9003906250 0.0654296875 0.0351562500
3 0.7329101562 0.3867187500 0.5341796875 0.0781250000
