3 0.3227539062 0.0810546875 0.3916015625 0.1621093750
3 0.4331054688 0.7583007812 0.3935546875 0.2958984375
2 0.7617187500 0.1020507812 0.1347656250 0.1455078125
2 0.5004882812 0.5004882812 0.2060546875 0.1669921875
1 0.7290039062 0.6982421875 0.1650390625 0.1953125000
1 0.8940429688 0.6982421875 0.1630859375 0.1972656250
2 0.7290039062 0.4160156250 0.1396484375 0.0839843750
2 0.9492187500 0.3222656250 0.0742187500 0.1113281250
2 0.5126953125 0.3100585938 0.0761718750 0.0810546875
2 0.8081054688 0.8520507812 0.1708984375 0.0927734375
0 0.5771484375 0.1132812500 0.0722656250 0.0312500000
1 0.5810546875 0.1909179688 0.0664062500 0.0341796875
1 0.5786132812 0.2285156250 0.0654296875 0.0371093750
1 0.6518554688 0.2299804688 0.0654296875 0.0361328125
1 0.8022460938 0.2280273438 0.0693359375 0.0341796875
1 0.8764648438 0.2285156250 0.0654296875 0.0351562500
1 0.6342773438 0.5009765625 0.0322265625 0.0722656250
1 0.8046875000 0.5112304688 0.0683593750 0.0341796875
1 0.9536132812 0.4838867188 0.0673828125 0.0341796875
1 0.9506835938 0.4072265625 0.0712890625 0.0332031250
