3 0.2749023438 0.0327148438 0.1787109375 0.0654296875
2 0.3125000000 0.2797851562 0.1347656250 0.1455078125
2 0.0771484375 0.6782226562 0.1542968750 0.1669921875
1 0.2797851562 0.8759765625 0.1650390625 0.1953125000
1 0.4448242188 0.8759765625 0.1630859375 0.1972656250
2 0.2797851562 0.5937500000 0.1396484375 0.0839843750
2 0.5000000000 0.5000000000 0.0742187500 0.1113281250
2 0.0634765625 0.4877929688 0.0761718750 0.0810546875
1 0.0405273438 0.0361328125 0.0810546875 0.0312500000
1 0.1279296875 0.1035156250 0.0683593750 0.0351562500
1 0.5004882812 0.0522460938 0.0654296875 0.0341796875
3 0.3032226562 0.1289062500 0.1064453125 0.1054687500
0 0.1274414062 0.1596679688 0.0751953125 0.0322265625
0 0.1279296875 0.2910156250 0.0722656250 0.0312500000
1 0.1318359375 0.3686523438 0.0664062500 0.0341796875
1 0.1293945312 0.4062500000 0.0654296875 0.0371093750
1 0.2026367188 0.4077148438 0.0654296875 0.0361328125
1 0.3530273438 0.4057617188 0.0693359375 0.0341796875
1 0.4272460938 0.4062500000 0.0654296875 0.0351562500
1 0.1850585938 0.6787109375 0.0322265625 0.0722656250
1 0.3554687500 0.6889648438 0.0683593750 0.0341796875
1 0.5043945312 0.6616210938 0.0673828125 0.0341796875
1 0.5014648438 0.5849609375 0.0712890625 0.0332031250
1 0.6333007812 0.7470703125 0.0283203125 0.0703125000
1 0.7573242188 0.9243164062 0.0712890625 0.0380859375
1 0.7861328125 0.3745117188 0.0664062500 0.0341796875
1 0.8681640625 0.2221679688 0.0312500000 0.0654296875
0 0.8208007812 0.2045898438 0.0263671875 0.0810546875
