2 0.2565917969 0.1879882812 0.2133789062 0.2109375000
3 0.4238281250 0.1909179688 0.0625000000 0.0947265625
1 0.0559082031 0.3500976562 0.0141601562 0.0351562500
1 0.1179199219 0.4387207031 0.0356445312 0.0190429688
1 0.1323242188 0.1638183594 0.0332031250 0.0170898438
1 0.3544921875 0.0585937500 0.0341796875 0.0224609375
1 0.1733398438 0.0876464844 0.0156250000 0.0327148438
3 0.7814941406 0.2219238281 0.0756835938 0.4438476562
3 0.6386718750 0.4848632812 0.2558593750 0.0341796875
3 0.1108398438 0.4921875000 0.2216796875 0.0351562500
3 0.3669433594 0.4885253906 0.2504882812 0.0327148438
0 0.1496582031 0.0788574219 0.0131835938 0.0405273438
