1 0.0751953125 0.3447265625 0.1503906250 0.1953125000
1 0.2329101562 0.3447265625 0.1630859375 0.1972656250
2 0.0688476562 0.0625000000 0.1376953125 0.0839843750
2 0.1469726562 0.4985351562 0.1708984375 0.0927734375
1 0.1435546875 0.1577148438 0.0683593750 0.0341796875
1 0.2924804688 0.1303710938 0.0673828125 0.0341796875
1 0.2895507812 0.0537109375 0.0712890625 0.0332031250
1 0.4213867188 0.2158203125 0.0283203125 0.0703125000
1 0.5454101562 0.3930664062 0.0712890625 0.0380859375
3 0.5000000000 0.5000000000 0.5058593750 0.0703125000
