3 0.1611328125 0.4067382812 0.3222656250 0.2958984375
2 0.1928710938 0.1489257812 0.2060546875 0.1669921875
1 0.4213867188 0.3466796875 0.1650390625 0.1953125000
1 0.5864257812 0.3466796875 0.1630859375 0.1972656250
2 0.4213867188 0.0644531250 0.1396484375 0.0839843750
2 0.5004882812 0.5004882812 0.1708984375 0.0927734375
1 0.3266601562 0.1494140625 0.0322265625 0.0722656250
1 0.4970703125 0.1596679688 0.0683593750 0.0341796875
1 0.6459960938 0.1323242188 0.0673828125 0.0341796875
1 0.6430664062 0.0556640625 0.0712890625 0.0332031250
1 0.7749023438 0.2177734375 0.0283203125 0.0703125000
1 0.8989257812 0.3950195312 0.0712890625 0.0380859375
3 0.8002929688 0.5019531250 0.3994140625 0.0703125000
