3 0.1333007812 0.5615234375 0.2666015625 0.2988281250
3 0.4721679688 0.3769531250 0.1787109375 0.1191406250
2 0.5097656250 0.6508789062 0.1347656250 0.1455078125
2 0.4770507812 0.9614257812 0.1396484375 0.0771484375
2 0.6972656250 0.8710937500 0.0742187500 0.1113281250
2 0.2607421875 0.8588867188 0.0761718750 0.0810546875
1 0.2353515625 0.4072265625 0.0859375000 0.0312500000
1 0.3251953125 0.4746093750 0.0683593750 0.0351562500
1 0.6977539062 0.4233398438 0.0654296875 0.0341796875
3 0.5004882812 0.5000000000 0.1064453125 0.1054687500
0 0.3247070312 0.5307617188 0.0751953125 0.0322265625
0 0.3251953125 0.6621093750 0.0722656250 0.0312500000
1 0.3291015625 0.7397460938 0.0664062500 0.0341796875
1 0.3266601562 0.7773437500 0.0654296875 0.0371093750
1 0.3999023438 0.7788085938 0.0654296875 0.0361328125
1 0.5502929688 0.7768554688 0.0693359375 0.0341796875
1 0.6245117188 0.7773437500 0.0654296875 0.0351562500
1 0.6987304688 0.9560546875 0.0712890625 0.0332031250
1 0.9750976562 0.7456054688 0.0498046875 0.0341796875
3 0.7187500000 0.2636718750 0.5625000000 0.0781250000
