3 0.5004882812 0.5000000000 0.3916015625 0.2988281250
3 0.9018554688 0.3154296875 0.1787109375 0.1191406250
2 0.9360351562 0.5893554688 0.1279296875 0.1455078125
2 0.6782226562 0.9521484375 0.2060546875 0.0957031250
2 0.9067382812 0.9033203125 0.1396484375 0.0839843750
2 0.6904296875 0.7973632812 0.0761718750 0.0810546875
1 0.6650390625 0.3457031250 0.0859375000 0.0312500000
1 0.7548828125 0.4130859375 0.0683593750 0.0351562500
3 0.9301757812 0.4384765625 0.1064453125 0.1054687500
0 0.7543945312 0.4692382812 0.0751953125 0.0322265625
0 0.7548828125 0.6005859375 0.0722656250 0.0312500000
1 0.7587890625 0.6782226562 0.0664062500 0.0341796875
1 0.7563476562 0.7158203125 0.0654296875 0.0371093750
1 0.8295898438 0.7172851562 0.0654296875 0.0361328125
1 0.9726562500 0.7153320312 0.0546875000 0.0341796875
1 0.8120117188 0.9760742188 0.0322265625 0.0478515625
