3 0.1284179688 0.4111328125 0.2568359375 0.2988281250
3 0.4624023438 0.2265625000 0.1787109375 0.1191406250
2 0.5000000000 0.5004882812 0.1347656250 0.1455078125
2 0.2387695312 0.8989257812 0.2060546875 0.1669921875
2 0.4672851562 0.8144531250 0.1396484375 0.0839843750
2 0.6875000000 0.7207031250 0.0742187500 0.1113281250
2 0.2509765625 0.7084960938 0.0761718750 0.0810546875
1 0.2255859375 0.2568359375 0.0859375000 0.0312500000
1 0.3154296875 0.3242187500 0.0683593750 0.0351562500
1 0.6879882812 0.2729492188 0.0654296875 0.0341796875
3 0.4907226562 0.3496093750 0.1064453125 0.1054687500
0 0.3149414062 0.3803710938 0.0751953125 0.0322265625
0 0.3154296875 0.5117187500 0.0722656250 0.0312500000
1 0.3193359375 0.5893554688 0.0664062500 0.0341796875
1 0.3168945312 0.6269531250 0.0654296875 0.0371093750
1 0.3901367188 0.6284179688 0.0654296875 0.0361328125
1 0.5405273438 0.6264648438 0.0693359375 0.0341796875
1 0.6147460938 0.6269531250 0.0654296875 0.0351562500
1 0.3725585938 0.8994140625 0.0322265625 0.0722656250
1 0.5429687500 0.9096679688 0.0683593750 0.0341796875
1 0.6918945312 0.8823242188 0.0673828125 0.0341796875
1 0.6889648438 0.8056640625 0.0712890625 0.0332031250
1 0.8208007812 0.9663085938 0.0283203125 0.0673828125
1 0.9702148438 0.5952148438 0.0595703125 0.0341796875
3 0.7138671875 0.1132812500 0.5722656250 0.0781250000
