3 0.1450195312 0.1230468750 0.2900390625 0.2460937500
3 0.2045898438 0.8422851562 0.3935546875 0.2958984375
2 0.5332031250 0.1860351562 0.1347656250 0.1455078125
2 0.2719726562 0.5844726562 0.2060546875 0.1669921875
1 0.5004882812 0.7822265625 0.1650390625 0.1953125000
1 0.6655273438 0.7822265625 0.1630859375 0.1972656250
2 0.5004882812 0.5000000000 0.1396484375 0.0839843750
2 0.7207031250 0.4062500000 0.0742187500 0.1113281250
2 0.2841796875 0.3940429688 0.0761718750 0.0810546875
2 0.5795898438 0.9360351562 0.1708984375 0.0927734375
1 0.3486328125 0.0136718750 0.0683593750 0.0273437500
3 0.5239257812 0.0439453125 0.1064453125 0.0878906250
0 0.3481445312 0.0659179688 0.0751953125 0.0322265625
0 0.3486328125 0.1972656250 0.0722656250 0.0312500000
1 0.3525390625 0.2749023438 0.0664062500 0.0341796875
1 0.3500976562 0.3125000000 0.0654296875 0.0371093750
1 0.4233398438 0.3139648438 0.0654296875 0.0361328125
1 0.5737304688 0.3120117188 0.0693359375 0.0341796875
1 0.6479492188 0.3125000000 0.0654296875 0.0351562500
1 0.4057617188 0.5849609375 0.0322265625 0.0722656250
1 0.5761718750 0.5952148438 0.0683593750 0.0341796875
1 0.7250976562 0.5678710938 0.0673828125 0.0341796875
1 0.7221679688 0.4912109375 0.0712890625 0.0332031250
1 0.8540039062 0.6533203125 0.0283203125 0.0703125000
1 0.9711914062 0.8305664062 0.0576171875 0.0380859375
3 0.8398437500 0.9375000000 0.3203125000 0.0703125000
