2 0.2565917969 0.6567382812 0.2133789062 0.2109375000
3 0.4238281250 0.6596679688 0.0625000000 0.0947265625
1 0.0559082031 0.8188476562 0.0141601562 0.0351562500
1 0.1179199219 0.9074707031 0.0356445312 0.0190429688
1 0.1323242188 0.6325683594 0.0332031250 0.0170898438
1 0.3544921875 0.5273437500 0.0341796875 0.0224609375
1 0.1733398438 0.5563964844 0.0156250000 0.0327148438
3 0.0854492188 0.3916015625 0.1708984375 0.0390625000
3 0.3010253906 0.3881835938 0.2485351562 0.0419921875
3 0.5676269531 0.3898925781 0.2504882812 0.0415039062
3 0.7814941406 0.6411132812 0.0756835938 0.5429687500
3 0.6386718750 0.9536132812 0.2558593750 0.0341796875
3 0.1108398438 0.9609375000 0.2216796875 0.0351562500
3 0.3669433594 0.9572753906 0.2504882812 0.0327148438
0 0.1496582031 0.5476074219 0.0131835938 0.0405273438
