3 0.1738281250 0.2812500000 0.3476562500 0.2988281250
3 0.5532226562 0.0966796875 0.1787109375 0.1191406250
2 0.5908203125 0.3706054688 0.1347656250 0.1455078125
2 0.3295898438 0.7690429688 0.2060546875 0.1669921875
1 0.5581054688 0.9345703125 0.1650390625 0.1308593750
1 0.7231445312 0.9340820312 0.1630859375 0.1318359375
2 0.5581054688 0.6845703125 0.1396484375 0.0839843750
2 0.7783203125 0.5908203125 0.0742187500 0.1113281250
2 0.3417968750 0.5786132812 0.0761718750 0.0810546875
1 0.3164062500 0.1269531250 0.0859375000 0.0312500000
1 0.4062500000 0.1943359375 0.0683593750 0.0351562500
1 0.7788085938 0.1430664062 0.0654296875 0.0341796875
3 0.5815429688 0.2197265625 0.1064453125 0.1054687500
0 0.4057617188 0.2504882812 0.0751953125 0.0322265625
0 0.4062500000 0.3818359375 0.0722656250 0.0312500000
1 0.4101562500 0.4594726562 0.0664062500 0.0341796875
1 0.4077148438 0.4970703125 0.0654296875 0.0371093750
1 0.4809570312 0.4985351562 0.0654296875 0.0361328125
1 0.6313476562 0.4965820312 0.0693359375 0.0341796875
1 0.7055664062 0.4970703125 0.0654296875 0.0351562500
1 0.4633789062 0.7695312500 0.0322265625 0.0722656250
1 0.6337890625 0.7797851562 0.0683593750 0.0341796875
1 0.7827148438 0.7524414062 0.0673828125 0.0341796875
1 0.7797851562 0.6757812500 0.0712890625 0.0332031250
1 0.9116210938 0.8378906250 0.0283203125 0.0703125000
