3 0.3100585938 0.2031250000 0.3916015625 0.2988281250
3 0.4204101562 0.9003906250 0.3935546875 0.1992187500
3 0.7114257812 0.0390625000 0.1787109375 0.0781250000
2 0.7490234375 0.2924804688 0.1347656250 0.1455078125
2 0.4877929688 0.6909179688 0.2060546875 0.1669921875
1 0.7163085938 0.8886718750 0.1650390625 0.1953125000
1 0.8813476562 0.8886718750 0.1630859375 0.1972656250
2 0.7163085938 0.6064453125 0.1396484375 0.0839843750
2 0.9365234375 0.5126953125 0.0742187500 0.1113281250
2 0.5000000000 0.5004882812 0.0761718750 0.0810546875
1 0.4746093750 0.0488281250 0.0859375000 0.0312500000
1 0.5644531250 0.1162109375 0.0683593750 0.0351562500
1 0.9370117188 0.0649414062 0.0654296875 0.0341796875
3 0.7397460938 0.1416015625 0.1064453125 0.1054687500
0 0.5639648438 0.1723632812 0.0751953125 0.0322265625
0 0.5644531250 0.3037109375 0.0722656250 0.0312500000
1 0.5683593750 0.3813476562 0.0664062500 0.0341796875
1 0.5659179688 0.4189453125 0.0654296875 0.0371093750
1 0.6391601562 0.4204101562 0.0654296875 0.0361328125
1 0.7895507812 0.4184570312 0.0693359375 0.0341796875
1 0.8637695312 0.4189453125 0.0654296875 0.0351562500
1 0.6215820312 0.6914062500 0.0322265625 0.0722656250
1 0.7919921875 0.7016601562 0.0683593750 0.0341796875
1 0.9409179688 0.6743164062 0.0673828125 0.0341796875
1 0.9379882812 0.5976562500 0.0712890625 0.0332031250
