3 0.2231445312 0.6132812500 0.1787109375 0.1191406250
2 0.2607421875 0.8872070312 0.1347656250 0.1455078125
1 0.0761718750 0.7109375000 0.0683593750 0.0351562500
1 0.4487304688 0.6596679688 0.0654296875 0.0341796875
3 0.2514648438 0.7363281250 0.1064453125 0.1054687500
0 0.0756835938 0.7670898438 0.0751953125 0.0322265625
0 0.0761718750 0.8984375000 0.0722656250 0.0312500000
1 0.0800781250 0.9760742188 0.0664062500 0.0341796875
1 0.7343750000 0.9819335938 0.0664062500 0.0341796875
1 0.8164062500 0.8295898438 0.0312500000 0.0654296875
3 0.5000000000 0.5000000000 0.6230468750 0.0781250000
0 0.7690429688 0.8120117188 0.0263671875 0.0810546875
