3 0.4758300781 0.5405273438 0.1958007812 0.1494140625
3 0.5310058594 0.9133300781 0.1967773438 0.1479492188
3 0.6765136719 0.4482421875 0.0893554688 0.0595703125
2 0.6953125000 0.5852050781 0.0673828125 0.0727539062
2 0.5646972656 0.7844238281 0.1030273438 0.0834960938
1 0.6789550781 0.8833007812 0.0825195312 0.0976562500
1 0.7614746094 0.8833007812 0.0815429688 0.0986328125
2 0.6789550781 0.7421875000 0.0698242188 0.0419921875
2 0.7890625000 0.6953125000 0.0371093750 0.0556640625
2 0.5708007812 0.6892089844 0.0380859375 0.0405273438
2 0.7185058594 0.9602050781 0.0854492188 0.0463867188
1 0.5581054688 0.4633789062 0.0429687500 0.0156250000
1 0.6030273438 0.4970703125 0.0341796875 0.0175781250
1 0.7893066406 0.4714355469 0.0327148438 0.0170898438
3 0.6906738281 0.5097656250 0.0532226562 0.0527343750
0 0.6027832031 0.5251464844 0.0375976562 0.0161132812
0 0.6030273438 0.5908203125 0.0361328125 0.0156250000
1 0.6049804688 0.6296386719 0.0332031250 0.0170898438
1 0.6037597656 0.6484375000 0.0327148438 0.0185546875
1 0.6403808594 0.6491699219 0.0327148438 0.0180664062
1 0.7155761719 0.6481933594 0.0346679688 0.0170898438
1 0.7526855469 0.6484375000 0.0327148438 0.0175781250
1 0.6315917969 0.7846679688 0.0161132812 0.0361328125
1 0.7167968750 0.7897949219 0.0341796875 0.0170898438
1 0.7912597656 0.7761230469 0.0336914062 0.0170898438
1 0.7897949219 0.7377929688 0.0356445312 0.0166015625
1 0.8557128906 0.8188476562 0.0141601562 0.0351562500
1 0.9177246094 0.9074707031 0.0356445312 0.0190429688
1 0.9321289062 0.6325683594 0.0332031250 0.0170898438
1 0.9731445312 0.5563964844 0.0156250000 0.0327148438
3 0.8149414062 0.3916015625 0.3115234375 0.0390625000
3 0.8842773438 0.9609375000 0.2314453125 0.0351562500
0 0.9494628906 0.5476074219 0.0131835938 0.0405273438
