3 0.0507812500 0.3100585938 0.1015625000 0.2197265625
3 0.2133789062 0.7084960938 0.4267578125 0.5029296875
3 0.2456054688 0.3974609375 0.1455078125 0.0800781250
0 0.2148437500 0.9721679688 0.0507812500 0.0205078125
3 0.7714843750 0.9121093750 0.0781250000 0.1484375000
3 0.6855468750 0.9140625000 0.0761718750 0.1445312500
0 0.6250000000 0.8984375000 0.0214843750 0.0468750000
1 0.5932617188 0.9345703125 0.0341796875 0.0566406250
0 0.4873046875 0.6669921875 0.0664062500 0.0312500000
0 0.5415039062 0.4897460938 0.0439453125 0.0205078125
0 0.8354492188 0.8847656250 0.0205078125 0.0410156250
3 0.6381835938 0.5297851562 0.1044921875 0.1826171875
1 0.3422851562 0.4018554688 0.0341796875 0.0654296875
1 0.7558593750 0.8125000000 0.0351562500 0.0195312500
0 0.8203125000 0.8120117188 0.0410156250 0.0205078125
2 0.7924804688 0.7207031250 0.1201171875 0.1210937500
1 0.6601562500 0.7373046875 0.0214843750 0.0410156250
1 0.6606445312 0.6762695312 0.0185546875 0.0439453125
1 0.7011718750 0.5576171875 0.0234375000 0.0488281250
0 0.7436523438 0.5639648438 0.0400390625 0.0283203125
1 0.2622070312 0.2221679688 0.0263671875 0.0458984375
0 0.2900390625 0.3393554688 0.0703125000 0.0322265625
0 0.3232421875 0.2084960938 0.0449218750 0.0205078125
1 0.3701171875 0.3378906250 0.0351562500 0.0351562500
0 0.4003906250 0.3754882812 0.0351562500 0.0361328125
0 0.4184570312 0.3940429688 0.0361328125 0.0361328125
1 0.4414062500 0.4155273438 0.0371093750 0.0400390625
1 0.4619140625 0.4443359375 0.0546875000 0.0546875000
2 0.5000000000 0.3120117188 0.1835937500 0.1904296875
0 0.6044921875 0.2319335938 0.0253906250 0.0517578125
0 0.6328125000 0.2314453125 0.0253906250 0.0507812500
0 0.6372070312 0.3876953125 0.0478515625 0.0214843750
0 0.7041015625 0.4057617188 0.0234375000 0.0419921875
0 0.7197265625 0.4409179688 0.0468750000 0.0166015625
0 0.7309570312 0.4809570312 0.0224609375 0.0419921875
3 0.8012695312 0.3725585938 0.1474609375 0.0810546875
1 0.8818359375 0.5161132812 0.0488281250 0.0224609375
0 0.9750976562 0.3994140625 0.0166015625 0.0429687500
2 0.8012695312 0.4926757812 0.1025390625 0.0888671875
2 0.9501953125 0.4775390625 0.0605468750 0.0585937500
0 0.9458007812 0.7207031250 0.0263671875 0.0429687500
1 0.9057617188 0.7260742188 0.0341796875 0.0634765625
1 0.9257812500 0.6708984375 0.0683593750 0.0332031250
1 0.9443359375 0.6010742188 0.0214843750 0.0419921875
1 0.8764648438 0.6562500000 0.0224609375 0.0429687500
3 0.6855468750 0.0981445312 0.6289062500 0.1943359375
1 0.9326171875 0.5366210938 0.0195312500 0.0380859375
0 0.9643554688 0.5400390625 0.0244140625 0.0410156250
1 0.8354492188 0.5991210938 0.0400390625 0.0185546875
1 0.8344726562 0.6264648438 0.0400390625 0.0185546875
0 0.6186523438 0.8208007812 0.0595703125 0.0302734375
3 0.7656250000 0.2714843750 0.0761718750 0.0839843750
