0 0.9902343750 0.1118164062 0.0195312500 0.0634765625
0 0.9780273438 0.2241210938 0.0205078125 0.0419921875
3 0.9106445312 0.3964843750 0.1416015625 0.0761718750
3 0.8500976562 0.4824218750 0.1435546875 0.0761718750
3 0.7583007812 0.5756835938 0.1474609375 0.0830078125
3 0.7573242188 0.6684570312 0.1474609375 0.0791015625
3 0.6733398438 0.7900390625 0.0810546875 0.1445312500
3 0.5844726562 0.7890625000 0.0810546875 0.1464843750
0 0.9658203125 0.7792968750 0.0351562500 0.0332031250
0 0.9404296875 0.7500000000 0.0312500000 0.0351562500
3 0.9418945312 0.9062500000 0.1162109375 0.1523437500
1 0.6684570312 0.9711914062 0.0634765625 0.0322265625
1 0.5859375000 0.9707031250 0.0605468750 0.0351562500
0 0.9506835938 0.5693359375 0.0224609375 0.0429687500
1 0.9790039062 0.5429687500 0.0205078125 0.0410156250
1 0.9633789062 0.4785156250 0.0185546875 0.0429687500
2 0.4487304688 0.8857421875 0.1904296875 0.2285156250
3 0.4794921875 0.6914062500 0.0781250000 0.1484375000
3 0.3935546875 0.6933593750 0.0761718750 0.1445312500
0 0.3330078125 0.6777343750 0.0214843750 0.0468750000
1 0.3012695312 0.7138671875 0.0341796875 0.0566406250
0 0.1953125000 0.4462890625 0.0664062500 0.0312500000
0 0.2495117188 0.2690429688 0.0439453125 0.0205078125
0 0.5434570312 0.6640625000 0.0205078125 0.0410156250
3 0.3461914062 0.3090820312 0.1044921875 0.1826171875
1 0.0502929688 0.1811523438 0.0341796875 0.0654296875
1 0.4638671875 0.5917968750 0.0351562500 0.0195312500
0 0.5283203125 0.5913085938 0.0410156250 0.0205078125
2 0.5004882812 0.5000000000 0.1201171875 0.1210937500
1 0.3681640625 0.5166015625 0.0214843750 0.0410156250
1 0.3686523438 0.4555664062 0.0185546875 0.0439453125
1 0.4091796875 0.3369140625 0.0234375000 0.0488281250
0 0.4516601562 0.3432617188 0.0400390625 0.0283203125
1 0.0781250000 0.1171875000 0.0351562500 0.0351562500
0 0.1083984375 0.1547851562 0.0351562500 0.0361328125
0 0.1264648438 0.1733398438 0.0361328125 0.0361328125
1 0.1494140625 0.1948242188 0.0371093750 0.0400390625
1 0.1699218750 0.2236328125 0.0546875000 0.0546875000
2 0.2080078125 0.0932617188 0.1835937500 0.1865234375
0 0.3125000000 0.0185546875 0.0253906250 0.0371093750
0 0.3408203125 0.0180664062 0.0253906250 0.0361328125
0 0.3452148438 0.1669921875 0.0478515625 0.0214843750
0 0.4121093750 0.1850585938 0.0234375000 0.0419921875
0 0.4277343750 0.2202148438 0.0468750000 0.0166015625
0 0.4389648438 0.2602539062 0.0224609375 0.0419921875
3 0.5092773438 0.1518554688 0.1474609375 0.0810546875
1 0.5898437500 0.2954101562 0.0488281250 0.0224609375
2 0.7583007812 0.1826171875 0.0517578125 0.0429687500
0 0.7109375000 0.1772460938 0.0195312500 0.0419921875
0 0.6831054688 0.1787109375 0.0166015625 0.0429687500
2 0.7646484375 0.0498046875 0.0449218750 0.0527343750
1 0.8803710938 0.0742187500 0.0341796875 0.0214843750
2 0.5092773438 0.2719726562 0.1025390625 0.0888671875
2 0.8803710938 0.0283203125 0.0478515625 0.0527343750
0 0.9101562500 0.1176757812 0.0234375000 0.0517578125
0 0.8081054688 0.1791992188 0.0244140625 0.0458984375
0 0.8334960938 0.1801757812 0.0224609375 0.0419921875
0 0.8696289062 0.2329101562 0.0439453125 0.0185546875
2 0.8422851562 0.2778320312 0.0517578125 0.0498046875
3 0.7480468750 0.3076171875 0.1054687500 0.1796875000
2 0.6582031250 0.2568359375 0.0605468750 0.0585937500
0 0.6538085938 0.5000000000 0.0263671875 0.0429687500
1 0.6137695312 0.5053710938 0.0341796875 0.0634765625
0 0.7451171875 0.4106445312 0.0488281250 0.0224609375
0 0.7470703125 0.4384765625 0.0468750000 0.0234375000
1 0.6337890625 0.4501953125 0.0683593750 0.0332031250
1 0.6523437500 0.3803710938 0.0214843750 0.0419921875
1 0.5844726562 0.4355468750 0.0224609375 0.0429687500
0 0.9116210938 0.1752929688 0.0205078125 0.0498046875
0 0.8852539062 0.1772460938 0.0205078125 0.0458984375
0 0.8994140625 0.2866210938 0.0507812500 0.0224609375
0 0.8969726562 0.3193359375 0.0498046875 0.0273437500
2 0.8740234375 0.1196289062 0.0488281250 0.0556640625
0 0.7675781250 0.1010742188 0.0429687500 0.0185546875
0 0.8212890625 0.1000976562 0.0429687500 0.0185546875
0 0.8232421875 0.0737304688 0.0429687500 0.0185546875
0 0.7871093750 0.1401367188 0.0429687500 0.0185546875
1 0.7148437500 0.1005859375 0.0468750000 0.0175781250
1 0.6406250000 0.3159179688 0.0195312500 0.0380859375
0 0.6723632812 0.3193359375 0.0244140625 0.0410156250
1 0.5434570312 0.3784179688 0.0400390625 0.0185546875
1 0.5424804688 0.4057617188 0.0400390625 0.0185546875
0 0.3266601562 0.6000976562 0.0595703125 0.0302734375
3 0.4736328125 0.0507812500 0.0761718750 0.0839843750
