3 0.9331054688 0.6171875000 0.1337890625 0.0761718750
3 0.8764648438 0.7031250000 0.1435546875 0.0761718750
3 0.7846679688 0.7963867188 0.1474609375 0.0830078125
3 0.7836914062 0.8891601562 0.1474609375 0.0791015625
0 0.9667968750 0.9707031250 0.0312500000 0.0351562500
0 0.9770507812 0.7900390625 0.0224609375 0.0429687500
1 0.9897460938 0.6992187500 0.0185546875 0.0429687500
3 0.5058593750 0.9121093750 0.0781250000 0.1484375000
3 0.4199218750 0.9140625000 0.0761718750 0.1445312500
0 0.3593750000 0.8984375000 0.0214843750 0.0468750000
1 0.3276367188 0.9345703125 0.0341796875 0.0566406250
0 0.2216796875 0.6669921875 0.0664062500 0.0312500000
0 0.2758789062 0.4897460938 0.0439453125 0.0205078125
0 0.5698242188 0.8847656250 0.0205078125 0.0410156250
3 0.3725585938 0.5297851562 0.1044921875 0.1826171875
1 0.0766601562 0.4018554688 0.0341796875 0.0654296875
1 0.4902343750 0.8125000000 0.0351562500 0.0195312500
0 0.5546875000 0.8120117188 0.0410156250 0.0205078125
2 0.5268554688 0.7207031250 0.1201171875 0.1210937500
1 0.3945312500 0.7373046875 0.0214843750 0.0410156250
1 0.3950195312 0.6762695312 0.0185546875 0.0439453125
1 0.4355468750 0.5576171875 0.0234375000 0.0488281250
0 0.4780273438 0.5639648438 0.0400390625 0.0283203125
0 0.0297851562 0.3393554688 0.0595703125 0.0322265625
0 0.0576171875 0.2084960938 0.0449218750 0.0205078125
1 0.1044921875 0.3378906250 0.0351562500 0.0351562500
0 0.1347656250 0.3754882812 0.0351562500 0.0361328125
0 0.1528320312 0.3940429688 0.0361328125 0.0361328125
1 0.1757812500 0.4155273438 0.0371093750 0.0400390625
1 0.1962890625 0.4443359375 0.0546875000 0.0546875000
2 0.2343750000 0.3120117188 0.1835937500 0.1904296875
0 0.3388671875 0.2319335938 0.0253906250 0.0517578125
0 0.3671875000 0.2314453125 0.0253906250 0.0507812500
0 0.3715820312 0.3876953125 0.0478515625 0.0214843750
0 0.4384765625 0.4057617188 0.0234375000 0.0419921875
0 0.4541015625 0.4409179688 0.0468750000 0.0166015625
0 0.4653320312 0.4809570312 0.0224609375 0.0419921875
3 0.5356445312 0.3725585938 0.1474609375 0.0810546875
1 0.6162109375 0.5161132812 0.0488281250 0.0224609375
2 0.7846679688 0.4033203125 0.0517578125 0.0429687500
0 0.7373046875 0.3979492188 0.0195312500 0.0419921875
0 0.7094726562 0.3994140625 0.0166015625 0.0429687500
2 0.7910156250 0.2705078125 0.0449218750 0.0527343750
1 0.9067382812 0.2949218750 0.0341796875 0.0214843750
2 0.5356445312 0.4926757812 0.1025390625 0.0888671875
2 0.9067382812 0.2490234375 0.0478515625 0.0527343750
0 0.9365234375 0.3383789062 0.0234375000 0.0517578125
0 0.8344726562 0.3999023438 0.0244140625 0.0458984375
0 0.8598632812 0.4008789062 0.0224609375 0.0419921875
0 0.8959960938 0.4536132812 0.0439453125 0.0185546875
2 0.8686523438 0.4985351562 0.0517578125 0.0498046875
3 0.7744140625 0.5283203125 0.1054687500 0.1796875000
2 0.6845703125 0.4775390625 0.0605468750 0.0585937500
0 0.6801757812 0.7207031250 0.0263671875 0.0429687500
1 0.6401367188 0.7260742188 0.0341796875 0.0634765625
0 0.7714843750 0.6313476562 0.0488281250 0.0224609375
0 0.7734375000 0.6591796875 0.0468750000 0.0234375000
1 0.6601562500 0.6708984375 0.0683593750 0.0332031250
1 0.6787109375 0.6010742188 0.0214843750 0.0419921875
1 0.6108398438 0.6562500000 0.0224609375 0.0429687500
0 0.9379882812 0.3959960938 0.0205078125 0.0498046875
0 0.9116210938 0.3979492188 0.0205078125 0.0458984375
0 0.9257812500 0.5073242188 0.0507812500 0.0224609375
0 0.9233398438 0.5400390625 0.0498046875 0.0273437500
2 0.9003906250 0.3403320312 0.0488281250 0.0556640625
3 0.4780273438 0.0981445312 0.7451171875 0.1943359375
0 0.7939453125 0.3217773438 0.0429687500 0.0185546875
0 0.8476562500 0.3208007812 0.0429687500 0.0185546875
0 0.8496093750 0.2944335938 0.0429687500 0.0185546875
0 0.8134765625 0.3608398438 0.0429687500 0.0185546875
1 0.7412109375 0.3212890625 0.0468750000 0.0175781250
1 0.6669921875 0.5366210938 0.0195312500 0.0380859375
0 0.6987304688 0.5400390625 0.0244140625 0.0410156250
1 0.5698242188 0.5991210938 0.0400390625 0.0185546875
1 0.5688476562 0.6264648438 0.0400390625 0.0185546875
0 0.3530273438 0.8208007812 0.0595703125 0.0302734375
3 0.5000000000 0.2714843750 0.0761718750 0.0839843750
