1 0.9765625000 0.2485351562 0.0468750000 0.0380859375
1 0.9399414062 0.2451171875 0.0185546875 0.0410156250
1 0.8530273438 0.2114257812 0.0400390625 0.0205078125
0 0.8203125000 0.2426757812 0.0664062500 0.0283203125
0 0.7470703125 0.3041992188 0.0292968750 0.0634765625
2 0.8896484375 0.3681640625 0.0917968750 0.0957031250
0 0.9399414062 0.5405273438 0.0458984375 0.0224609375
1 0.7690429688 0.4145507812 0.0185546875 0.0439453125
3 0.7568359375 0.4980468750 0.1425781250 0.0781250000
0 0.7299804688 0.4165039062 0.0205078125 0.0419921875
0 0.8203125000 0.6137695312 0.0507812500 0.0576171875
0 0.7954101562 0.6420898438 0.0537109375 0.0537109375
1 0.8789062500 0.6083984375 0.0312500000 0.0312500000
0 0.7934570312 0.5566406250 0.0419921875 0.0195312500
3 0.6625976562 0.5888671875 0.1416015625 0.0761718750
3 0.6020507812 0.6748046875 0.1435546875 0.0761718750
3 0.5102539062 0.7680664062 0.1474609375 0.0830078125
3 0.5092773438 0.8608398438 0.1474609375 0.0791015625
3 0.4252929688 0.9550781250 0.0810546875 0.0898437500
3 0.3364257812 0.9541015625 0.0810546875 0.0917968750
1 0.7631835938 0.9868164062 0.0322265625 0.0263671875
0 0.7177734375 0.9716796875 0.0351562500 0.0332031250
0 0.6923828125 0.9423828125 0.0312500000 0.0351562500
0 0.7026367188 0.7617187500 0.0224609375 0.0429687500
1 0.7309570312 0.7353515625 0.0205078125 0.0410156250
1 0.7153320312 0.6708984375 0.0185546875 0.0429687500
3 0.2314453125 0.8837890625 0.0781250000 0.1484375000
3 0.1455078125 0.8857421875 0.0761718750 0.1445312500
0 0.0849609375 0.8701171875 0.0214843750 0.0468750000
1 0.0532226562 0.9062500000 0.0341796875 0.0566406250
0 0.0117187500 0.4614257812 0.0234375000 0.0205078125
0 0.2954101562 0.8564453125 0.0205078125 0.0410156250
3 0.0981445312 0.5014648438 0.1044921875 0.1826171875
1 0.2158203125 0.7841796875 0.0351562500 0.0195312500
0 0.2802734375 0.7836914062 0.0410156250 0.0205078125
2 0.2524414062 0.6923828125 0.1201171875 0.1210937500
1 0.1201171875 0.7089843750 0.0214843750 0.0410156250
1 0.1206054688 0.6479492188 0.0185546875 0.0439453125
1 0.1611328125 0.5292968750 0.0234375000 0.0488281250
0 0.2036132812 0.5356445312 0.0400390625 0.0283203125
0 0.0644531250 0.2036132812 0.0253906250 0.0517578125
0 0.0927734375 0.2031250000 0.0253906250 0.0507812500
0 0.0971679688 0.3593750000 0.0478515625 0.0214843750
0 0.1640625000 0.3774414062 0.0234375000 0.0419921875
0 0.1796875000 0.4125976562 0.0468750000 0.0166015625
0 0.1909179688 0.4526367188 0.0224609375 0.0419921875
3 0.2612304688 0.3442382812 0.1474609375 0.0810546875
1 0.3417968750 0.4877929688 0.0488281250 0.0224609375
2 0.5102539062 0.3750000000 0.0517578125 0.0429687500
0 0.4628906250 0.3696289062 0.0195312500 0.0419921875
0 0.4350585938 0.3710937500 0.0166015625 0.0429687500
2 0.5166015625 0.2421875000 0.0449218750 0.0527343750
1 0.6323242188 0.2666015625 0.0341796875 0.0214843750
2 0.2612304688 0.4643554688 0.1025390625 0.0888671875
2 0.6323242188 0.2207031250 0.0478515625 0.0527343750
0 0.6621093750 0.3100585938 0.0234375000 0.0517578125
0 0.5600585938 0.3715820312 0.0244140625 0.0458984375
0 0.5854492188 0.3725585938 0.0224609375 0.0419921875
0 0.6215820312 0.4252929688 0.0439453125 0.0185546875
2 0.5942382812 0.4702148438 0.0517578125 0.0498046875
3 0.5000000000 0.5000000000 0.1054687500 0.1796875000
2 0.4101562500 0.4492187500 0.0605468750 0.0585937500
0 0.4057617188 0.6923828125 0.0263671875 0.0429687500
1 0.3657226562 0.6977539062 0.0341796875 0.0634765625
0 0.4970703125 0.6030273438 0.0488281250 0.0224609375
0 0.4990234375 0.6308593750 0.0468750000 0.0234375000
1 0.3857421875 0.6425781250 0.0683593750 0.0332031250
1 0.4042968750 0.5727539062 0.0214843750 0.0419921875
1 0.3364257812 0.6279296875 0.0224609375 0.0429687500
0 0.6635742188 0.3676757812 0.0205078125 0.0498046875
0 0.6372070312 0.3696289062 0.0205078125 0.0458984375
0 0.6513671875 0.4790039062 0.0507812500 0.0224609375
0 0.6489257812 0.5117187500 0.0498046875 0.0273437500
2 0.6259765625 0.3120117188 0.0488281250 0.0556640625
3 0.2880859375 0.0834960938 0.5761718750 0.1669921875
3 0.7915039062 0.0854492188 0.4169921875 0.1708984375
0 0.5195312500 0.2934570312 0.0429687500 0.0185546875
0 0.5732421875 0.2924804688 0.0429687500 0.0185546875
0 0.5751953125 0.2661132812 0.0429687500 0.0185546875
0 0.5390625000 0.3325195312 0.0429687500 0.0185546875
1 0.4667968750 0.2929687500 0.0468750000 0.0175781250
1 0.3925781250 0.5083007812 0.0195312500 0.0380859375
0 0.4243164062 0.5117187500 0.0244140625 0.0410156250
1 0.2954101562 0.5708007812 0.0400390625 0.0185546875
1 0.2944335938 0.5981445312 0.0400390625 0.0185546875
0 0.0786132812 0.7924804688 0.0595703125 0.0302734375
3 0.2255859375 0.2431640625 0.0761718750 0.0839843750
