1 0.1376953125 0.6064453125 0.0703125000 0.0332031250
1 0.1406250000 0.6547851562 0.0742187500 0.0302734375
1 0.1362304688 0.7016601562 0.0673828125 0.0283203125
1 0.2573242188 0.6079101562 0.0712890625 0.0302734375
1 0.2578125000 0.6557617188 0.0664062500 0.0302734375
1 0.2578125000 0.7050781250 0.0664062500 0.0332031250
1 0.3886718750 0.6113281250 0.0683593750 0.0312500000
1 0.3876953125 0.6572265625 0.0664062500 0.0332031250
1 0.3872070312 0.7094726562 0.0654296875 0.0361328125
1 0.1142578125 0.5258789062 0.0449218750 0.1103515625
1 0.4335937500 0.5283203125 0.0800781250 0.1250000000
3 0.8730468750 0.3891601562 0.2539062500 0.2373046875
0 0.7148437500 0.6865234375 0.0351562500 0.0234375000
3 0.8784179688 0.6684570312 0.2431640625 0.3583984375
3 0.2900390625 0.2026367188 0.5800781250 0.3701171875
