0 0.9497070312 0.0522460938 0.0185546875 0.0478515625
1 0.8837890625 0.0737304688 0.0644531250 0.0380859375
1 0.8989257812 0.2426757812 0.0205078125 0.0517578125
1 0.8383789062 0.0703125000 0.0185546875 0.0410156250
1 0.7514648438 0.0366210938 0.0400390625 0.0205078125
0 0.7187500000 0.0678710938 0.0664062500 0.0283203125
0 0.6455078125 0.1293945312 0.0292968750 0.0634765625
2 0.7880859375 0.1933593750 0.0917968750 0.0957031250
0 0.8383789062 0.3657226562 0.0458984375 0.0224609375
1 0.6674804688 0.2397460938 0.0185546875 0.0439453125
3 0.6552734375 0.3232421875 0.1425781250 0.0781250000
0 0.6284179688 0.2416992188 0.0205078125 0.0419921875
0 0.9448242188 0.9746093750 0.0322265625 0.0332031250
1 0.7958984375 0.9497070312 0.0312500000 0.0380859375
0 0.7187500000 0.4389648438 0.0507812500 0.0576171875
0 0.6938476562 0.4672851562 0.0537109375 0.0537109375
1 0.7773437500 0.4335937500 0.0312500000 0.0312500000
0 0.6918945312 0.3818359375 0.0419921875 0.0195312500
3 0.5610351562 0.4140625000 0.1416015625 0.0761718750
3 0.5004882812 0.5000000000 0.1435546875 0.0761718750
3 0.4086914062 0.5932617188 0.1474609375 0.0830078125
3 0.4077148438 0.6860351562 0.1474609375 0.0791015625
3 0.3237304688 0.8076171875 0.0810546875 0.1445312500
3 0.2348632812 0.8066406250 0.0810546875 0.1464843750
1 0.7080078125 0.8530273438 0.0292968750 0.0341796875
1 0.6616210938 0.8168945312 0.0322265625 0.0361328125
0 0.6162109375 0.7968750000 0.0351562500 0.0332031250
0 0.5908203125 0.7675781250 0.0312500000 0.0351562500
3 0.6123046875 0.9238281250 0.1562500000 0.1523437500
1 0.3188476562 0.9863281250 0.0634765625 0.0273437500
1 0.2363281250 0.9853515625 0.0605468750 0.0292968750
0 0.6010742188 0.5869140625 0.0224609375 0.0429687500
1 0.6293945312 0.5605468750 0.0205078125 0.0410156250
1 0.6137695312 0.4960937500 0.0185546875 0.0429687500
2 0.0991210938 0.8945312500 0.1904296875 0.2109375000
3 0.1298828125 0.7089843750 0.0781250000 0.1484375000
3 0.0439453125 0.7109375000 0.0761718750 0.1445312500
0 0.1938476562 0.6816406250 0.0205078125 0.0410156250
1 0.1142578125 0.6093750000 0.0351562500 0.0195312500
0 0.1787109375 0.6088867188 0.0410156250 0.0205078125
2 0.1508789062 0.5175781250 0.1201171875 0.1210937500
1 0.0185546875 0.5341796875 0.0214843750 0.0410156250
1 0.0190429688 0.4731445312 0.0185546875 0.0439453125
1 0.0595703125 0.3544921875 0.0234375000 0.0488281250
0 0.1020507812 0.3608398438 0.0400390625 0.0283203125
0 0.0625000000 0.2026367188 0.0234375000 0.0419921875
0 0.0781250000 0.2377929688 0.0468750000 0.0166015625
0 0.0893554688 0.2778320312 0.0224609375 0.0419921875
3 0.1596679688 0.1694335938 0.1474609375 0.0810546875
1 0.2402343750 0.3129882812 0.0488281250 0.0224609375
2 0.4086914062 0.2001953125 0.0517578125 0.0429687500
0 0.3613281250 0.1948242188 0.0195312500 0.0419921875
0 0.3334960938 0.1962890625 0.0166015625 0.0429687500
2 0.4150390625 0.0673828125 0.0449218750 0.0527343750
1 0.5307617188 0.0917968750 0.0341796875 0.0214843750
2 0.1596679688 0.2895507812 0.1025390625 0.0888671875
2 0.5307617188 0.0458984375 0.0478515625 0.0527343750
0 0.5605468750 0.1352539062 0.0234375000 0.0517578125
0 0.4584960938 0.1967773438 0.0244140625 0.0458984375
0 0.4838867188 0.1977539062 0.0224609375 0.0419921875
0 0.5200195312 0.2504882812 0.0439453125 0.0185546875
2 0.4926757812 0.2954101562 0.0517578125 0.0498046875
3 0.3984375000 0.3251953125 0.1054687500 0.1796875000
2 0.3085937500 0.2744140625 0.0605468750 0.0585937500
0 0.3041992188 0.5175781250 0.0263671875 0.0429687500
1 0.2641601562 0.5229492188 0.0341796875 0.0634765625
0 0.3955078125 0.4282226562 0.0488281250 0.0224609375
0 0.3974609375 0.4560546875 0.0468750000 0.0234375000
1 0.2841796875 0.4677734375 0.0683593750 0.0332031250
1 0.3027343750 0.3979492188 0.0214843750 0.0419921875
1 0.2348632812 0.4531250000 0.0224609375 0.0429687500
0 0.5620117188 0.1928710938 0.0205078125 0.0498046875
0 0.5356445312 0.1948242188 0.0205078125 0.0458984375
0 0.5498046875 0.3041992188 0.0507812500 0.0224609375
0 0.5473632812 0.3369140625 0.0498046875 0.0273437500
2 0.5244140625 0.1372070312 0.0488281250 0.0556640625
0 0.4179687500 0.1186523438 0.0429687500 0.0185546875
0 0.4716796875 0.1176757812 0.0429687500 0.0185546875
0 0.4736328125 0.0913085938 0.0429687500 0.0185546875
0 0.4375000000 0.1577148438 0.0429687500 0.0185546875
1 0.3652343750 0.1181640625 0.0468750000 0.0175781250
1 0.2910156250 0.3334960938 0.0195312500 0.0380859375
0 0.3227539062 0.3369140625 0.0244140625 0.0410156250
1 0.1938476562 0.3959960938 0.0400390625 0.0185546875
1 0.1928710938 0.4233398438 0.0400390625 0.0185546875
2 0.8056640625 0.6708984375 0.3886718750 0.5371093750
3 0.1240234375 0.0683593750 0.0761718750 0.0839843750
