0 0.9194335938 0.2553710938 0.0185546875 0.0478515625
1 0.8535156250 0.2768554688 0.0644531250 0.0380859375
1 0.8686523438 0.4458007812 0.0205078125 0.0517578125
1 0.8081054688 0.2734375000 0.0185546875 0.0410156250
1 0.7211914062 0.2397460938 0.0400390625 0.0205078125
0 0.6884765625 0.2709960938 0.0664062500 0.0283203125
0 0.6152343750 0.3325195312 0.0292968750 0.0634765625
2 0.7578125000 0.3964843750 0.0917968750 0.0957031250
0 0.8081054688 0.5688476562 0.0458984375 0.0224609375
1 0.6372070312 0.4428710938 0.0185546875 0.0439453125
3 0.6250000000 0.5263671875 0.1425781250 0.0781250000
0 0.5981445312 0.4448242188 0.0205078125 0.0419921875
0 0.6884765625 0.6420898438 0.0507812500 0.0576171875
0 0.6635742188 0.6704101562 0.0537109375 0.0537109375
1 0.7470703125 0.6367187500 0.0312500000 0.0312500000
0 0.6616210938 0.5849609375 0.0419921875 0.0195312500
3 0.5307617188 0.6171875000 0.1416015625 0.0761718750
3 0.4702148438 0.7031250000 0.1435546875 0.0761718750
3 0.3784179688 0.7963867188 0.1474609375 0.0830078125
3 0.3774414062 0.8891601562 0.1474609375 0.0791015625
0 0.5859375000 0.9916992188 0.0351562500 0.0166015625
0 0.5605468750 0.9707031250 0.0312500000 0.0351562500
0 0.5708007812 0.7900390625 0.0224609375 0.0429687500
1 0.5991210938 0.7636718750 0.0205078125 0.0410156250
1 0.5834960938 0.6992187500 0.0185546875 0.0429687500
3 0.0996093750 0.9121093750 0.0781250000 0.1484375000
3 0.0258789062 0.9140625000 0.0517578125 0.1445312500
0 0.1635742188 0.8847656250 0.0205078125 0.0410156250
1 0.0839843750 0.8125000000 0.0351562500 0.0195312500
0 0.1484375000 0.8120117188 0.0410156250 0.0205078125
2 0.1206054688 0.7207031250 0.1201171875 0.1210937500
1 0.0292968750 0.5576171875 0.0234375000 0.0488281250
0 0.0717773438 0.5639648438 0.0400390625 0.0283203125
0 0.0322265625 0.4057617188 0.0234375000 0.0419921875
0 0.0478515625 0.4409179688 0.0468750000 0.0166015625
0 0.0590820312 0.4809570312 0.0224609375 0.0419921875
3 0.1293945312 0.3725585938 0.1474609375 0.0810546875
1 0.2099609375 0.5161132812 0.0488281250 0.0224609375
2 0.3784179688 0.4033203125 0.0517578125 0.0429687500
0 0.3310546875 0.3979492188 0.0195312500 0.0419921875
0 0.3032226562 0.3994140625 0.0166015625 0.0429687500
2 0.3847656250 0.2705078125 0.0449218750 0.0527343750
1 0.5004882812 0.2949218750 0.0341796875 0.0214843750
2 0.1293945312 0.4926757812 0.1025390625 0.0888671875
2 0.5004882812 0.2490234375 0.0478515625 0.0527343750
0 0.5302734375 0.3383789062 0.0234375000 0.0517578125
0 0.4282226562 0.3999023438 0.0244140625 0.0458984375
0 0.4536132812 0.4008789062 0.0224609375 0.0419921875
0 0.4897460938 0.4536132812 0.0439453125 0.0185546875
2 0.4624023438 0.4985351562 0.0517578125 0.0498046875
3 0.3681640625 0.5283203125 0.1054687500 0.1796875000
2 0.2783203125 0.4775390625 0.0605468750 0.0585937500
0 0.2739257812 0.7207031250 0.0263671875 0.0429687500
1 0.2338867188 0.7260742188 0.0341796875 0.0634765625
0 0.3652343750 0.6313476562 0.0488281250 0.0224609375
0 0.3671875000 0.6591796875 0.0468750000 0.0234375000
1 0.2539062500 0.6708984375 0.0683593750 0.0332031250
1 0.2724609375 0.6010742188 0.0214843750 0.0419921875
1 0.2045898438 0.6562500000 0.0224609375 0.0429687500
0 0.5317382812 0.3959960938 0.0205078125 0.0498046875
0 0.5053710938 0.3979492188 0.0205078125 0.0458984375
0 0.5195312500 0.5073242188 0.0507812500 0.0224609375
0 0.5170898438 0.5400390625 0.0498046875 0.0273437500
2 0.4941406250 0.3403320312 0.0488281250 0.0556640625
3 0.2221679688 0.0981445312 0.4443359375 0.1943359375
3 0.7255859375 0.0996093750 0.5488281250 0.1992187500
0 0.3876953125 0.3217773438 0.0429687500 0.0185546875
0 0.4414062500 0.3208007812 0.0429687500 0.0185546875
0 0.4433593750 0.2944335938 0.0429687500 0.0185546875
0 0.4072265625 0.3608398438 0.0429687500 0.0185546875
1 0.3349609375 0.3212890625 0.0468750000 0.0175781250
1 0.2607421875 0.5366210938 0.0195312500 0.0380859375
0 0.2924804688 0.5400390625 0.0244140625 0.0410156250
1 0.1635742188 0.5991210938 0.0400390625 0.0185546875
1 0.1625976562 0.6264648438 0.0400390625 0.0185546875
2 0.7905273438 0.8027343750 0.4189453125 0.3945312500
3 0.0937500000 0.2714843750 0.0761718750 0.0839843750
