1 0.8754882812 0.0327148438 0.0185546875 0.0439453125
3 0.8632812500 0.1162109375 0.1425781250 0.0781250000
0 0.8364257812 0.0346679688 0.0205078125 0.0419921875
0 0.9267578125 0.2319335938 0.0507812500 0.0576171875
0 0.9018554688 0.2602539062 0.0537109375 0.0537109375
1 0.9848632812 0.2265625000 0.0302734375 0.0312500000
0 0.8999023438 0.1748046875 0.0419921875 0.0195312500
3 0.7690429688 0.2070312500 0.1416015625 0.0761718750
3 0.7084960938 0.2929687500 0.1435546875 0.0761718750
3 0.6166992188 0.3862304688 0.1474609375 0.0830078125
3 0.6157226562 0.4790039062 0.1474609375 0.0791015625
3 0.5317382812 0.6005859375 0.0810546875 0.1445312500
3 0.4428710938 0.5996093750 0.0810546875 0.1464843750
1 0.9160156250 0.6459960938 0.0292968750 0.0341796875
1 0.8696289062 0.6098632812 0.0322265625 0.0361328125
0 0.8242187500 0.5898437500 0.0351562500 0.0332031250
0 0.7988281250 0.5605468750 0.0312500000 0.0351562500
3 0.8203125000 0.7167968750 0.1562500000 0.1523437500
1 0.5268554688 0.7817382812 0.0634765625 0.0322265625
1 0.4443359375 0.7812500000 0.0605468750 0.0351562500
0 0.8090820312 0.3798828125 0.0224609375 0.0429687500
1 0.8374023438 0.3535156250 0.0205078125 0.0410156250
1 0.8217773438 0.2890625000 0.0185546875 0.0429687500
2 0.3071289062 0.6967773438 0.1904296875 0.2294921875
3 0.0961914062 0.8505859375 0.1923828125 0.2812500000
3 0.3378906250 0.5019531250 0.0781250000 0.1484375000
3 0.2519531250 0.5039062500 0.0761718750 0.1445312500
0 0.1914062500 0.4882812500 0.0214843750 0.0468750000
1 0.1596679688 0.5244140625 0.0341796875 0.0566406250
0 0.0537109375 0.2568359375 0.0664062500 0.0312500000
0 0.1079101562 0.0795898438 0.0439453125 0.0205078125
0 0.4018554688 0.4746093750 0.0205078125 0.0410156250
3 0.2045898438 0.1196289062 0.1044921875 0.1826171875
1 0.3222656250 0.4023437500 0.0351562500 0.0195312500
0 0.3867187500 0.4018554688 0.0410156250 0.0205078125
2 0.3588867188 0.3105468750 0.1201171875 0.1210937500
1 0.2265625000 0.3271484375 0.0214843750 0.0410156250
1 0.2270507812 0.2661132812 0.0185546875 0.0439453125
1 0.2675781250 0.1474609375 0.0234375000 0.0488281250
0 0.3100585938 0.1538085938 0.0400390625 0.0283203125
1 0.0283203125 0.0341796875 0.0546875000 0.0546875000
0 0.2861328125 0.0307617188 0.0468750000 0.0166015625
0 0.2973632812 0.0708007812 0.0224609375 0.0419921875
1 0.4482421875 0.1059570312 0.0488281250 0.0224609375
2 0.3676757812 0.0825195312 0.1025390625 0.0888671875
0 0.7280273438 0.0434570312 0.0439453125 0.0185546875
2 0.7006835938 0.0883789062 0.0517578125 0.0498046875
3 0.6064453125 0.1181640625 0.1054687500 0.1796875000
2 0.5166015625 0.0673828125 0.0605468750 0.0585937500
0 0.5122070312 0.3105468750 0.0263671875 0.0429687500
1 0.4721679688 0.3159179688 0.0341796875 0.0634765625
0 0.6035156250 0.2211914062 0.0488281250 0.0224609375
0 0.6054687500 0.2490234375 0.0468750000 0.0234375000
1 0.4921875000 0.2607421875 0.0683593750 0.0332031250
1 0.5107421875 0.1909179688 0.0214843750 0.0419921875
1 0.4428710938 0.2460937500 0.0224609375 0.0429687500
0 0.7578125000 0.0971679688 0.0507812500 0.0224609375
0 0.7553710938 0.1298828125 0.0498046875 0.0273437500
3 0.5004882812 0.9125976562 0.6103515625 0.1748046875
1 0.4990234375 0.1264648438 0.0195312500 0.0380859375
0 0.5307617188 0.1298828125 0.0244140625 0.0410156250
1 0.4018554688 0.1889648438 0.0400390625 0.0185546875
1 0.4008789062 0.2163085938 0.0400390625 0.0185546875
0 0.1850585938 0.4106445312 0.0595703125 0.0302734375
