1 0.7866210938 0.0356445312 0.0205078125 0.0517578125
0 0.7260742188 0.1586914062 0.0458984375 0.0224609375
1 0.5551757812 0.0327148438 0.0185546875 0.0439453125
3 0.5429687500 0.1162109375 0.1425781250 0.0781250000
0 0.5161132812 0.0346679688 0.0205078125 0.0419921875
1 0.9575195312 0.6479492188 0.0400390625 0.0380859375
0 0.8325195312 0.7675781250 0.0322265625 0.0332031250
1 0.6835937500 0.7426757812 0.0312500000 0.0380859375
1 0.9550781250 0.2563476562 0.0332031250 0.0361328125
0 0.6064453125 0.2319335938 0.0507812500 0.0576171875
0 0.5815429688 0.2602539062 0.0537109375 0.0537109375
1 0.6650390625 0.2265625000 0.0312500000 0.0312500000
0 0.5795898438 0.1748046875 0.0419921875 0.0195312500
3 0.4487304688 0.2070312500 0.1416015625 0.0761718750
3 0.3881835938 0.2929687500 0.1435546875 0.0761718750
3 0.2963867188 0.3862304688 0.1474609375 0.0830078125
3 0.2954101562 0.4790039062 0.1474609375 0.0791015625
3 0.2114257812 0.6005859375 0.0810546875 0.1445312500
3 0.1225585938 0.5996093750 0.0810546875 0.1464843750
1 0.5957031250 0.6459960938 0.0292968750 0.0341796875
1 0.5493164062 0.6098632812 0.0322265625 0.0361328125
0 0.5039062500 0.5898437500 0.0351562500 0.0332031250
0 0.4785156250 0.5605468750 0.0312500000 0.0351562500
3 0.5000000000 0.7167968750 0.1562500000 0.1523437500
1 0.2065429688 0.7817382812 0.0634765625 0.0322265625
1 0.1240234375 0.7812500000 0.0605468750 0.0351562500
0 0.4887695312 0.3798828125 0.0224609375 0.0429687500
1 0.5170898438 0.3535156250 0.0205078125 0.0410156250
1 0.5014648438 0.2890625000 0.0185546875 0.0429687500
3 0.0283203125 0.5019531250 0.0566406250 0.1484375000
0 0.0815429688 0.4746093750 0.0205078125 0.0410156250
1 0.0097656250 0.4023437500 0.0195312500 0.0195312500
0 0.0664062500 0.4018554688 0.0410156250 0.0205078125
2 0.0493164062 0.3105468750 0.0986328125 0.1210937500
1 0.1279296875 0.1059570312 0.0488281250 0.0224609375
2 0.0493164062 0.0825195312 0.0986328125 0.0888671875
0 0.4077148438 0.0434570312 0.0439453125 0.0185546875
2 0.3803710938 0.0883789062 0.0517578125 0.0498046875
3 0.2861328125 0.1181640625 0.1054687500 0.1796875000
2 0.1962890625 0.0673828125 0.0605468750 0.0585937500
0 0.1918945312 0.3105468750 0.0263671875 0.0429687500
1 0.1518554688 0.3159179688 0.0341796875 0.0634765625
0 0.2832031250 0.2211914062 0.0488281250 0.0224609375
0 0.2851562500 0.2490234375 0.0468750000 0.0234375000
1 0.1718750000 0.2607421875 0.0683593750 0.0332031250
1 0.1904296875 0.1909179688 0.0214843750 0.0419921875
1 0.1225585938 0.2460937500 0.0224609375 0.0429687500
0 0.4375000000 0.0971679688 0.0507812500 0.0224609375
0 0.4350585938 0.1298828125 0.0498046875 0.0273437500
3 0.2426757812 0.9125976562 0.4853515625 0.1748046875
3 0.7495117188 0.9096679688 0.5009765625 0.1787109375
1 0.1787109375 0.1264648438 0.0195312500 0.0380859375
0 0.2104492188 0.1298828125 0.0244140625 0.0410156250
1 0.0815429688 0.1889648438 0.0400390625 0.0185546875
1 0.0805664062 0.2163085938 0.0400390625 0.0185546875
2 0.7495117188 0.4638671875 0.5009765625 0.5371093750
