1 0.9301757812 0.2153320312 0.0458984375 0.0205078125
1 0.8500976562 0.2368164062 0.0537109375 0.0244140625
3 0.8090820312 0.3964843750 0.1552734375 0.2851562500
3 0.9223632812 0.4624023438 0.0634765625 0.2568359375
1 0.8818359375 0.5966796875 0.0195312500 0.0429687500
0 0.6567382812 0.2553710938 0.0185546875 0.0478515625
1 0.5908203125 0.2768554688 0.0644531250 0.0380859375
1 0.6059570312 0.4458007812 0.0205078125 0.0517578125
1 0.5454101562 0.2734375000 0.0185546875 0.0410156250
1 0.4584960938 0.2397460938 0.0400390625 0.0205078125
0 0.4257812500 0.2709960938 0.0664062500 0.0283203125
0 0.3525390625 0.3325195312 0.0292968750 0.0634765625
2 0.4951171875 0.3964843750 0.0917968750 0.0957031250
0 0.5454101562 0.5688476562 0.0458984375 0.0224609375
1 0.3745117188 0.4428710938 0.0185546875 0.0439453125
3 0.3623046875 0.5263671875 0.1425781250 0.0781250000
0 0.3354492188 0.4448242188 0.0205078125 0.0419921875
1 0.8750000000 0.9550781250 0.0351562500 0.0371093750
1 0.7744140625 0.6665039062 0.0332031250 0.0361328125
0 0.4257812500 0.6420898438 0.0507812500 0.0576171875
0 0.4008789062 0.6704101562 0.0537109375 0.0537109375
1 0.4843750000 0.6367187500 0.0312500000 0.0312500000
0 0.3989257812 0.5849609375 0.0419921875 0.0195312500
3 0.2680664062 0.6171875000 0.1416015625 0.0761718750
3 0.2075195312 0.7031250000 0.1435546875 0.0761718750
3 0.1157226562 0.7963867188 0.1474609375 0.0830078125
3 0.1147460938 0.8891601562 0.1474609375 0.0791015625
0 0.3232421875 0.9916992188 0.0351562500 0.0166015625
0 0.2978515625 0.9707031250 0.0312500000 0.0351562500
0 0.3081054688 0.7900390625 0.0224609375 0.0429687500
1 0.3364257812 0.7636718750 0.0205078125 0.0410156250
1 0.3208007812 0.6992187500 0.0185546875 0.0429687500
2 0.1157226562 0.4033203125 0.0517578125 0.0429687500
0 0.0683593750 0.3979492188 0.0195312500 0.0419921875
0 0.0405273438 0.3994140625 0.0166015625 0.0429687500
2 0.1220703125 0.2705078125 0.0449218750 0.0527343750
1 0.2377929688 0.2949218750 0.0341796875 0.0214843750
2 0.2377929688 0.2490234375 0.0478515625 0.0527343750
0 0.2675781250 0.3383789062 0.0234375000 0.0517578125
0 0.1655273438 0.3999023438 0.0244140625 0.0458984375
0 0.1909179688 0.4008789062 0.0224609375 0.0419921875
0 0.2270507812 0.4536132812 0.0439453125 0.0185546875
2 0.1997070312 0.4985351562 0.0517578125 0.0498046875
3 0.1054687500 0.5283203125 0.1054687500 0.1796875000
2 0.0229492188 0.4775390625 0.0458984375 0.0585937500
0 0.0122070312 0.7207031250 0.0244140625 0.0429687500
0 0.1025390625 0.6313476562 0.0488281250 0.0224609375
0 0.1044921875 0.6591796875 0.0468750000 0.0234375000
1 0.0102539062 0.6010742188 0.0205078125 0.0419921875
0 0.2690429688 0.3959960938 0.0205078125 0.0498046875
0 0.2426757812 0.3979492188 0.0205078125 0.0458984375
0 0.2568359375 0.5073242188 0.0507812500 0.0224609375
0 0.2543945312 0.5400390625 0.0498046875 0.0273437500
2 0.2314453125 0.3403320312 0.0488281250 0.0556640625
3 0.5004882812 0.0996093750 0.6240234375 0.1992187500
0 0.1250000000 0.3217773438 0.0429687500 0.0185546875
0 0.1787109375 0.3208007812 0.0429687500 0.0185546875
0 0.1806640625 0.2944335938 0.0429687500 0.0185546875
0 0.1445312500 0.3608398438 0.0429687500 0.0185546875
1 0.0722656250 0.3212890625 0.0468750000 0.0175781250
0 0.0297851562 0.5400390625 0.0244140625 0.0410156250
2 0.5839843750 0.8027343750 0.5312500000 0.3945312500
