1 0.4527243590 0.9651442308 0.0657051282 0.0328525641
0 0.4455128205 0.9294871795 0.0657051282 0.0336538462
0 0.5156250000 0.9286858974 0.0584935897 0.0320512821
0 0.6041666667 0.9274839744 0.0625000000 0.0264423077
0 0.9887820513 0.9022435897 0.0224358974 0.0608974359
0 0.9679487179 0.5745192308 0.0336538462 0.0224358974
0 0.9667467949 0.4543269231 0.0328525641 0.0208333333
1 0.6730769231 0.0184294872 0.0576923077 0.0272435897
1 0.6754807692 0.0580929487 0.0608974359 0.0248397436
1 0.6718750000 0.0965544872 0.0552884615 0.0232371795
1 0.7712339744 0.0196314103 0.0584935897 0.0248397436
1 0.7716346154 0.0588942308 0.0544871795 0.0248397436
1 0.7716346154 0.0993589744 0.0544871795 0.0272435897
1 0.8790064103 0.0224358974 0.0560897436 0.0256410256
1 0.8782051282 0.0600961538 0.0544871795 0.0272435897
1 0.8778044872 0.1029647436 0.0536858974 0.0296474359
2 0.5000000000 0.5004006410 0.9086538462 0.8133012821
0 0.7740384615 0.9407051282 0.0592948718 0.0368589744
