1 0.0297851562 0.4262695312 0.0595703125 0.1357421875
0 0.0937500000 0.3256835938 0.0644531250 0.0341796875
0 0.1611328125 0.4526367188 0.0761718750 0.0341796875
1 0.3735351562 0.3715820312 0.0341796875 0.0712890625
2 0.5000000000 0.5000000000 0.2207031250 0.1835937500
0 0.5043945312 0.3295898438 0.0634765625 0.0341796875
0 0.5820312500 0.3754882812 0.0566406250 0.0341796875
0 0.5639648438 0.6572265625 0.0341796875 0.0605468750
0 0.5810546875 0.7309570312 0.0625000000 0.0380859375
3 0.2705078125 0.7333984375 0.2421875000 0.5332031250
1 0.4111328125 0.6333007812 0.0371093750 0.0693359375
3 0.8085937500 0.4702148438 0.3828125000 0.2333984375
3 0.4248046875 0.1459960938 0.8496093750 0.2919921875
3 0.0708007812 0.6835937500 0.1162109375 0.2226562500
