3 0.8500976562 0.0903320312 0.0634765625 0.1806640625
1 0.8095703125 0.1865234375 0.0195312500 0.0429687500
1 0.5336914062 0.0356445312 0.0205078125 0.0517578125
0 0.4731445312 0.1586914062 0.0458984375 0.0224609375
1 0.3022460938 0.0327148438 0.0185546875 0.0439453125
3 0.2900390625 0.1162109375 0.1425781250 0.0781250000
0 0.2631835938 0.0346679688 0.0205078125 0.0419921875
3 0.9228515625 0.4809570312 0.1542968750 0.3037109375
0 0.8676757812 0.8281250000 0.0439453125 0.0253906250
0 0.8261718750 0.6865234375 0.0449218750 0.0234375000
0 0.8276367188 0.7270507812 0.0458984375 0.0224609375
0 0.8256835938 0.7646484375 0.0537109375 0.0273437500
1 0.8027343750 0.5449218750 0.0351562500 0.0371093750
1 0.7045898438 0.6479492188 0.0400390625 0.0380859375
0 0.5795898438 0.7675781250 0.0322265625 0.0332031250
1 0.4306640625 0.7426757812 0.0312500000 0.0380859375
1 0.9682617188 0.2866210938 0.0283203125 0.0478515625
1 0.7021484375 0.2563476562 0.0332031250 0.0361328125
0 0.3535156250 0.2319335938 0.0507812500 0.0576171875
0 0.3286132812 0.2602539062 0.0537109375 0.0537109375
1 0.4121093750 0.2265625000 0.0312500000 0.0312500000
0 0.3266601562 0.1748046875 0.0419921875 0.0195312500
3 0.1958007812 0.2070312500 0.1416015625 0.0761718750
3 0.1352539062 0.2929687500 0.1435546875 0.0761718750
3 0.0585937500 0.3862304688 0.1171875000 0.0830078125
3 0.0581054688 0.4790039062 0.1162109375 0.0791015625
1 0.3427734375 0.6459960938 0.0292968750 0.0341796875
1 0.2963867188 0.6098632812 0.0322265625 0.0361328125
0 0.2509765625 0.5898437500 0.0351562500 0.0332031250
0 0.2255859375 0.5605468750 0.0312500000 0.0351562500
3 0.2470703125 0.7167968750 0.1562500000 0.1523437500
0 0.2358398438 0.3798828125 0.0224609375 0.0429687500
1 0.2641601562 0.3535156250 0.0205078125 0.0410156250
1 0.2485351562 0.2890625000 0.0185546875 0.0429687500
0 0.1547851562 0.0434570312 0.0439453125 0.0185546875
2 0.1274414062 0.0883789062 0.0517578125 0.0498046875
3 0.0429687500 0.1181640625 0.0859375000 0.1796875000
0 0.0302734375 0.2211914062 0.0488281250 0.0224609375
0 0.0322265625 0.2490234375 0.0468750000 0.0234375000
0 0.1845703125 0.0971679688 0.0507812500 0.0224609375
0 0.1821289062 0.1298828125 0.0498046875 0.0273437500
3 0.5004882812 0.9096679688 0.5087890625 0.1787109375
2 0.5117187500 0.4638671875 0.5312500000 0.5371093750
0 0.9438476562 0.6538085938 0.0439453125 0.0185546875
