3 0.0922851562 0.5024238227 0.1845703125 0.3566481994
3 0.0939941406 0.2818559557 0.0727539062 0.0567867036
1 0.9035644531 0.1527008310 0.0229492188 0.0145429363
1 0.8635253906 0.1679362881 0.0268554688 0.0173130194
3 0.8430175781 0.2811634349 0.0776367188 0.2022160665
3 0.8996582031 0.3279085873 0.0317382812 0.1821329640
1 0.8793945312 0.4231301939 0.0097656250 0.0304709141
0 0.7668457031 0.1810941828 0.0092773438 0.0339335180
1 0.7338867188 0.1963296399 0.0322265625 0.0270083102
1 0.7414550781 0.3161357341 0.0102539062 0.0367036011
1 0.7111816406 0.1939058172 0.0092773438 0.0290858726
1 0.6677246094 0.1700138504 0.0200195312 0.0145429363
0 0.6513671875 0.1921745152 0.0332031250 0.0200831025
0 0.6147460938 0.2358033241 0.0146484375 0.0450138504
2 0.6860351562 0.2811634349 0.0458984375 0.0678670360
0 0.7111816406 0.4033933518 0.0229492188 0.0159279778
1 0.6257324219 0.3140581717 0.0092773438 0.0311634349
3 0.6196289062 0.3732686981 0.0712890625 0.0554016620
0 0.6062011719 0.3154432133 0.0102539062 0.0297783934
3 0.9479980469 0.6319252078 0.1010742188 0.2153739612
0 0.9084472656 0.8781163435 0.0219726562 0.0180055402
0 0.8876953125 0.7777008310 0.0224609375 0.0166204986
0 0.8884277344 0.8064404432 0.0229492188 0.0159279778
0 0.8874511719 0.8331024931 0.0268554688 0.0193905817
1 0.8759765625 0.6772853186 0.0175781250 0.0263157895
1 0.8269042969 0.7503462604 0.0200195312 0.0270083102
0 0.7644042969 0.8351800554 0.0161132812 0.0235457064
1 0.6899414062 0.8175207756 0.0156250000 0.0270083102
1 0.9587402344 0.4941135734 0.0141601562 0.0339335180
1 0.8256835938 0.4726454294 0.0166015625 0.0256232687
0 0.6513671875 0.4553324100 0.0253906250 0.0408587258
0 0.6389160156 0.4754155125 0.0268554688 0.0380886427
1 0.6806640625 0.4515235457 0.0156250000 0.0221606648
0 0.6379394531 0.4148199446 0.0209960938 0.0138504155
3 0.5725097656 0.4376731302 0.0708007812 0.0540166205
3 0.5422363281 0.4986149584 0.0717773438 0.0540166205
3 0.4963378906 0.5647506925 0.0737304688 0.0588642659
3 0.4958496094 0.6305401662 0.0737304688 0.0560941828
3 0.4538574219 0.7167590028 0.0405273438 0.1024930748
3 0.4094238281 0.7160664820 0.0405273438 0.1038781163
1 0.6459960938 0.7489612188 0.0146484375 0.0242382271
1 0.6228027344 0.7233379501 0.0161132812 0.0256232687
0 0.6000976562 0.7091412742 0.0175781250 0.0235457064
0 0.5874023438 0.6883656510 0.0156250000 0.0249307479
3 0.5981445312 0.7991689751 0.0781250000 0.1080332410
1 0.4514160156 0.8452216066 0.0317382812 0.0228531856
1 0.4101562500 0.8448753463 0.0302734375 0.0249307479
0 0.5925292969 0.5602493075 0.0112304688 0.0304709141
1 0.6066894531 0.5415512465 0.0102539062 0.0290858726
1 0.5988769531 0.4958448753 0.0092773438 0.0304709141
2 0.3415527344 0.7849722992 0.0952148438 0.1627423823
3 0.2346191406 0.8940443213 0.0991210938 0.1994459834
3 0.0510253906 0.9463296399 0.1020507812 0.0547091413
0 0.0786132812 0.6894044321 0.0253906250 0.0145429363
1 0.0886230469 0.7489612188 0.0200195312 0.0145429363
3 0.3569335938 0.6468144044 0.0390625000 0.1052631579
3 0.3139648438 0.6481994460 0.0380859375 0.1024930748
0 0.2836914062 0.6371191136 0.0107421875 0.0332409972
1 0.2678222656 0.6627423823 0.0170898438 0.0401662050
0 0.2148437500 0.4729916898 0.0332031250 0.0221606648
0 0.2419433594 0.3472991690 0.0219726562 0.0145429363
0 0.3889160156 0.6274238227 0.0102539062 0.0290858726
3 0.2902832031 0.3756925208 0.0522460938 0.1295013850
1 0.1423339844 0.2849722992 0.0170898438 0.0463988920
1 0.3491210938 0.5761772853 0.0175781250 0.0138504155
0 0.3813476562 0.5758310249 0.0205078125 0.0145429363
2 0.3674316406 0.5110803324 0.0600585938 0.0858725762
1 0.3012695312 0.5228531856 0.0107421875 0.0290858726
1 0.3015136719 0.4795706371 0.0092773438 0.0311634349
1 0.3217773438 0.3954293629 0.0117187500 0.0346260388
0 0.3430175781 0.3999307479 0.0200195312 0.0200831025
1 0.1022949219 0.1575484765 0.0131835938 0.0325484765
0 0.1162109375 0.2406509695 0.0351562500 0.0228531856
0 0.1328125000 0.1478531856 0.0224609375 0.0145429363
1 0.1562500000 0.2396121884 0.0175781250 0.0249307479
0 0.1713867188 0.2662742382 0.0175781250 0.0256232687
0 0.1804199219 0.2794321330 0.0180664062 0.0256232687
1 0.1918945312 0.2946675900 0.0185546875 0.0283933518
1 0.2021484375 0.3150969529 0.0273437500 0.0387811634
2 0.2211914062 0.2212603878 0.0917968750 0.1350415512
0 0.2734375000 0.1644736842 0.0126953125 0.0367036011
0 0.2875976562 0.1641274238 0.0126953125 0.0360110803
0 0.2897949219 0.2749307479 0.0239257812 0.0152354571
0 0.3232421875 0.2877423823 0.0117187500 0.0297783934
0 0.3310546875 0.3126731302 0.0234375000 0.0117728532
0 0.3366699219 0.3410664820 0.0112304688 0.0297783934
3 0.3718261719 0.2641966759 0.0737304688 0.0574792244
1 0.4121093750 0.3659972299 0.0244140625 0.0159279778
2 0.4963378906 0.2860110803 0.0258789062 0.0304709141
0 0.4726562500 0.2822022161 0.0097656250 0.0297783934
0 0.4587402344 0.2832409972 0.0083007812 0.0304709141
2 0.4995117188 0.1918282548 0.0224609375 0.0373961219
1 0.5573730469 0.2091412742 0.0170898438 0.0152354571
2 0.3718261719 0.3493767313 0.0512695312 0.0630193906
2 0.5573730469 0.1765927978 0.0239257812 0.0373961219
0 0.5722656250 0.2399584488 0.0117187500 0.0367036011
0 0.5212402344 0.2835872576 0.0122070312 0.0325484765
0 0.5339355469 0.2842797784 0.0112304688 0.0297783934
0 0.5520019531 0.3216759003 0.0219726562 0.0131578947
2 0.5383300781 0.3535318560 0.0258789062 0.0353185596
3 0.4912109375 0.3746537396 0.0527343750 0.1274238227
2 0.4462890625 0.3386426593 0.0302734375 0.0415512465
0 0.4440917969 0.5110803324 0.0131835938 0.0304709141
1 0.4240722656 0.5148891967 0.0170898438 0.0450138504
0 0.4897460938 0.4477146814 0.0244140625 0.0159279778
0 0.4907226562 0.4674515235 0.0234375000 0.0166204986
1 0.4340820312 0.4757617729 0.0341796875 0.0235457064
1 0.4433593750 0.4262465374 0.0107421875 0.0297783934
1 0.4094238281 0.4653739612 0.0112304688 0.0304709141
0 0.5729980469 0.2808171745 0.0102539062 0.0353185596
0 0.5598144531 0.2822022161 0.0102539062 0.0325484765
0 0.5668945312 0.3597645429 0.0253906250 0.0159279778
0 0.5656738281 0.3829639889 0.0249023438 0.0193905817
2 0.5541992188 0.2413434903 0.0244140625 0.0394736842
3 0.3430175781 0.0695983380 0.3725585938 0.1378116343
3 0.6887207031 0.0706371191 0.3120117188 0.1412742382
3 0.4382324219 0.9380193906 0.3051757812 0.1239612188
3 0.7248535156 0.9359418283 0.2543945312 0.1267313019
0 0.5009765625 0.2281855956 0.0214843750 0.0131578947
0 0.5278320312 0.2274930748 0.0214843750 0.0131578947
0 0.5288085938 0.2087950139 0.0214843750 0.0131578947
0 0.5107421875 0.2558864266 0.0214843750 0.0131578947
1 0.4746093750 0.2278393352 0.0234375000 0.0124653740
1 0.4375000000 0.3805401662 0.0097656250 0.0270083102
0 0.4533691406 0.3829639889 0.0122070312 0.0290858726
1 0.3889160156 0.4248614958 0.0200195312 0.0131578947
1 0.3884277344 0.4442520776 0.0200195312 0.0131578947
0 0.2805175781 0.5820637119 0.0297851562 0.0214681440
2 0.7304687500 0.6198060942 0.2656250000 0.3808864266
0 0.9465332031 0.7545013850 0.0219726562 0.0131578947
3 0.3540039062 0.1925207756 0.0380859375 0.0595567867
