0 0.9941406250 0.0346679688 0.0117187500 0.0419921875
3 0.9301757812 0.2070312500 0.1396484375 0.0761718750
3 0.8706054688 0.2929687500 0.1435546875 0.0761718750
3 0.7788085938 0.3862304688 0.1474609375 0.0830078125
3 0.7778320312 0.4790039062 0.1474609375 0.0791015625
3 0.6938476562 0.6005859375 0.0810546875 0.1445312500
3 0.6049804688 0.5996093750 0.0810546875 0.1464843750
0 0.9843750000 0.5898437500 0.0312500000 0.0332031250
0 0.9609375000 0.5605468750 0.0312500000 0.0351562500
3 0.9521484375 0.7167968750 0.0957031250 0.1523437500
1 0.6889648438 0.7817382812 0.0634765625 0.0322265625
1 0.6064453125 0.7812500000 0.0605468750 0.0351562500
0 0.9711914062 0.3798828125 0.0224609375 0.0429687500
1 0.9946289062 0.3535156250 0.0107421875 0.0410156250
1 0.9838867188 0.2890625000 0.0185546875 0.0429687500
2 0.4692382812 0.6967773438 0.1904296875 0.2294921875
3 0.2553710938 0.8505859375 0.1982421875 0.2812500000
3 0.5000000000 0.5019531250 0.0781250000 0.1484375000
3 0.4140625000 0.5039062500 0.0761718750 0.1445312500
0 0.3535156250 0.4882812500 0.0214843750 0.0468750000
1 0.3217773438 0.5244140625 0.0341796875 0.0566406250
0 0.2158203125 0.2568359375 0.0664062500 0.0312500000
0 0.2700195312 0.0795898438 0.0439453125 0.0205078125
0 0.5639648438 0.4746093750 0.0205078125 0.0410156250
3 0.3666992188 0.1196289062 0.1044921875 0.1826171875
1 0.4843750000 0.4023437500 0.0351562500 0.0195312500
0 0.5488281250 0.4018554688 0.0410156250 0.0205078125
2 0.5209960938 0.3105468750 0.1201171875 0.1210937500
1 0.3886718750 0.3271484375 0.0214843750 0.0410156250
1 0.3891601562 0.2661132812 0.0185546875 0.0439453125
1 0.4296875000 0.1474609375 0.0234375000 0.0488281250
0 0.4721679688 0.1538085938 0.0400390625 0.0283203125
1 0.1699218750 0.0126953125 0.0371093750 0.0253906250
1 0.1904296875 0.0341796875 0.0546875000 0.0546875000
0 0.4482421875 0.0307617188 0.0468750000 0.0166015625
0 0.4594726562 0.0708007812 0.0224609375 0.0419921875
1 0.6103515625 0.1059570312 0.0488281250 0.0224609375
2 0.5297851562 0.0825195312 0.1025390625 0.0888671875
0 0.8901367188 0.0434570312 0.0439453125 0.0185546875
2 0.8627929688 0.0883789062 0.0517578125 0.0498046875
3 0.7685546875 0.1181640625 0.1054687500 0.1796875000
2 0.6787109375 0.0673828125 0.0605468750 0.0585937500
0 0.6743164062 0.3105468750 0.0263671875 0.0429687500
1 0.6342773438 0.3159179688 0.0341796875 0.0634765625
0 0.7656250000 0.2211914062 0.0488281250 0.0224609375
0 0.7675781250 0.2490234375 0.0468750000 0.0234375000
1 0.6542968750 0.2607421875 0.0683593750 0.0332031250
1 0.6728515625 0.1909179688 0.0214843750 0.0419921875
1 0.6049804688 0.2460937500 0.0224609375 0.0429687500
0 0.9199218750 0.0971679688 0.0507812500 0.0224609375
0 0.9174804688 0.1298828125 0.0498046875 0.0273437500
3 0.6625976562 0.9125976562 0.6103515625 0.1748046875
1 0.6611328125 0.1264648438 0.0195312500 0.0380859375
0 0.6928710938 0.1298828125 0.0244140625 0.0410156250
1 0.5639648438 0.1889648438 0.0400390625 0.0185546875
1 0.5629882812 0.2163085938 0.0400390625 0.0185546875
0 0.3471679688 0.4106445312 0.0595703125 0.0302734375
