0 0.0371093750 0.2199707031 0.0283203125 0.0170898438
0 0.0280761719 0.3608398438 0.0170898438 0.0302734375
0 0.0366210938 0.3977050781 0.0312500000 0.0190429688
0 0.1530761719 0.9108886719 0.0336914062 0.0170898438
2 0.2351074219 0.9042968750 0.1108398438 0.0908203125
1 0.3044433594 0.9504394531 0.0317382812 0.0190429688
1 0.3129882812 0.8801269531 0.0400390625 0.0200195312
0 0.3085937500 0.8583984375 0.0400390625 0.0205078125
0 0.3161621094 0.9206542969 0.0356445312 0.0200195312
0 0.3513183594 0.8579101562 0.0356445312 0.0195312500
0 0.4052734375 0.8571777344 0.0380859375 0.0161132812
3 0.5004882812 0.9418945312 0.2236328125 0.1162109375
2 0.6621093750 0.8884277344 0.0585937500 0.0512695312
1 0.6406250000 0.9377441406 0.0205078125 0.0356445312
0 0.6630859375 0.9394531250 0.0195312500 0.0371093750
0 0.6853027344 0.9394531250 0.0180664062 0.0390625000
0 0.6413574219 0.8417968750 0.0170898438 0.0371093750
0 0.6623535156 0.8427734375 0.0180664062 0.0371093750
0 0.6843261719 0.8432617188 0.0180664062 0.0380859375
0 0.6269531250 0.6420898438 0.0205078125 0.0136718750
0 0.6262207031 0.5688476562 0.0200195312 0.0126953125
1 0.4472656250 0.3032226562 0.0351562500 0.0166015625
1 0.4487304688 0.3273925781 0.0371093750 0.0151367188
1 0.4465332031 0.3508300781 0.0336914062 0.0141601562
1 0.5070800781 0.3039550781 0.0356445312 0.0151367188
1 0.5073242188 0.3278808594 0.0332031250 0.0151367188
1 0.5073242188 0.3525390625 0.0332031250 0.0166015625
1 0.5727539062 0.3056640625 0.0341796875 0.0156250000
1 0.5722656250 0.3286132812 0.0332031250 0.0166015625
1 0.5720214844 0.3547363281 0.0327148438 0.0180664062
1 0.4355468750 0.2629394531 0.0224609375 0.0551757812
1 0.5952148438 0.2641601562 0.0400390625 0.0625000000
3 0.8374023438 0.1945800781 0.1718750000 0.1186523438
0 0.8137207031 0.6459960938 0.0209960938 0.0146484375
0 0.7358398438 0.3432617188 0.0175781250 0.0117187500
3 0.8762207031 0.3342285156 0.2387695312 0.1791992188
3 0.8762207031 0.5371093750 0.2387695312 0.1582031250
3 0.8352050781 0.8486328125 0.2592773438 0.3027343750
3 0.1923828125 0.2673339844 0.2753906250 0.1166992188
3 0.4201660156 0.1013183594 0.4965820312 0.1850585938
2 0.3417968750 0.5969238281 0.5537109375 0.4956054688
0 0.5087890625 0.8652343750 0.0361328125 0.0224609375
