1 0.9350585938 0.2153320312 0.0458984375 0.0205078125
1 0.8549804688 0.2368164062 0.0537109375 0.0244140625
3 0.8139648438 0.3964843750 0.1552734375 0.2851562500
3 0.9272460938 0.4624023438 0.0634765625 0.2568359375
1 0.8867187500 0.5966796875 0.0195312500 0.0429687500
0 0.6616210938 0.2553710938 0.0185546875 0.0478515625
1 0.5957031250 0.2768554688 0.0644531250 0.0380859375
1 0.6108398438 0.4458007812 0.0205078125 0.0517578125
1 0.5502929688 0.2734375000 0.0185546875 0.0410156250
1 0.4633789062 0.2397460938 0.0400390625 0.0205078125
0 0.4306640625 0.2709960938 0.0664062500 0.0283203125
0 0.3574218750 0.3325195312 0.0292968750 0.0634765625
2 0.5000000000 0.3964843750 0.0917968750 0.0957031250
0 0.5502929688 0.5688476562 0.0458984375 0.0224609375
1 0.3793945312 0.4428710938 0.0185546875 0.0439453125
3 0.3671875000 0.5263671875 0.1425781250 0.0781250000
0 0.3403320312 0.4448242188 0.0205078125 0.0419921875
1 0.8798828125 0.9550781250 0.0351562500 0.0371093750
1 0.7792968750 0.6665039062 0.0332031250 0.0361328125
0 0.4306640625 0.6420898438 0.0507812500 0.0576171875
0 0.4057617188 0.6704101562 0.0537109375 0.0537109375
1 0.4892578125 0.6367187500 0.0312500000 0.0312500000
0 0.4038085938 0.5849609375 0.0419921875 0.0195312500
3 0.2729492188 0.6171875000 0.1416015625 0.0761718750
3 0.2124023438 0.7031250000 0.1435546875 0.0761718750
3 0.1206054688 0.7963867188 0.1474609375 0.0830078125
3 0.1196289062 0.8891601562 0.1474609375 0.0791015625
0 0.3281250000 0.9916992188 0.0351562500 0.0166015625
0 0.3027343750 0.9707031250 0.0312500000 0.0351562500
0 0.3129882812 0.7900390625 0.0224609375 0.0429687500
1 0.3413085938 0.7636718750 0.0205078125 0.0410156250
1 0.3256835938 0.6992187500 0.0185546875 0.0429687500
2 0.1206054688 0.4033203125 0.0517578125 0.0429687500
0 0.0732421875 0.3979492188 0.0195312500 0.0419921875
0 0.0454101562 0.3994140625 0.0166015625 0.0429687500
2 0.1269531250 0.2705078125 0.0449218750 0.0527343750
1 0.2426757812 0.2949218750 0.0341796875 0.0214843750
2 0.2426757812 0.2490234375 0.0478515625 0.0527343750
0 0.2724609375 0.3383789062 0.0234375000 0.0517578125
0 0.1704101562 0.3999023438 0.0244140625 0.0458984375
0 0.1958007812 0.4008789062 0.0224609375 0.0419921875
0 0.2319335938 0.4536132812 0.0439453125 0.0185546875
2 0.2045898438 0.4985351562 0.0517578125 0.0498046875
3 0.1103515625 0.5283203125 0.1054687500 0.1796875000
2 0.0253906250 0.4775390625 0.0507812500 0.0585937500
0 0.0161132812 0.7207031250 0.0263671875 0.0429687500
0 0.1074218750 0.6313476562 0.0488281250 0.0224609375
0 0.1093750000 0.6591796875 0.0468750000 0.0234375000
1 0.0146484375 0.6010742188 0.0214843750 0.0419921875
0 0.2739257812 0.3959960938 0.0205078125 0.0498046875
0 0.2475585938 0.3979492188 0.0205078125 0.0458984375
0 0.2617187500 0.5073242188 0.0507812500 0.0224609375
0 0.2592773438 0.5400390625 0.0498046875 0.0273437500
2 0.2363281250 0.3403320312 0.0488281250 0.0556640625
3 0.5053710938 0.0996093750 0.6240234375 0.1992187500
0 0.1298828125 0.3217773438 0.0429687500 0.0185546875
0 0.1835937500 0.3208007812 0.0429687500 0.0185546875
0 0.1855468750 0.2944335938 0.0429687500 0.0185546875
0 0.1494140625 0.3608398438 0.0429687500 0.0185546875
1 0.0771484375 0.3212890625 0.0468750000 0.0175781250
1 0.0063476562 0.5366210938 0.0126953125 0.0380859375
0 0.0346679688 0.5400390625 0.0244140625 0.0410156250
2 0.5888671875 0.8027343750 0.5312500000 0.3945312500
