3 0.1342773438 0.2198753463 0.0927734375 0.1558171745
3 0.1716308594 0.5024238227 0.3432617188 0.3566481994
3 0.1311035156 0.7891274238 0.0903320312 0.2098337950
3 0.2526855469 0.2818559557 0.0727539062 0.0567867036
0 0.9255371094 0.1810941828 0.0092773438 0.0339335180
1 0.8925781250 0.1963296399 0.0322265625 0.0270083102
1 0.9001464844 0.3161357341 0.0102539062 0.0367036011
1 0.8698730469 0.1939058172 0.0092773438 0.0290858726
1 0.8264160156 0.1700138504 0.0200195312 0.0145429363
0 0.8100585938 0.1921745152 0.0332031250 0.0200831025
0 0.7734375000 0.2358033241 0.0146484375 0.0450138504
2 0.8447265625 0.2811634349 0.0458984375 0.0678670360
0 0.8698730469 0.4033933518 0.0229492188 0.0159279778
1 0.7844238281 0.3140581717 0.0092773438 0.0311634349
3 0.7783203125 0.3732686981 0.0712890625 0.0554016620
0 0.7648925781 0.3154432133 0.0102539062 0.0297783934
1 0.9855957031 0.7503462604 0.0200195312 0.0270083102
0 0.9230957031 0.8351800554 0.0161132812 0.0235457064
1 0.8486328125 0.8175207756 0.0156250000 0.0270083102
1 0.9843750000 0.4726454294 0.0166015625 0.0256232687
0 0.8100585938 0.4553324100 0.0253906250 0.0408587258
0 0.7976074219 0.4754155125 0.0268554688 0.0380886427
1 0.8393554688 0.4515235457 0.0156250000 0.0221606648
0 0.7966308594 0.4148199446 0.0209960938 0.0138504155
3 0.7312011719 0.4376731302 0.0708007812 0.0540166205
3 0.7009277344 0.4986149584 0.0717773438 0.0540166205
3 0.6550292969 0.5647506925 0.0737304688 0.0588642659
3 0.6545410156 0.6305401662 0.0737304688 0.0560941828
3 0.6125488281 0.7167590028 0.0405273438 0.1024930748
3 0.5681152344 0.7160664820 0.0405273438 0.1038781163
1 0.8046875000 0.7489612188 0.0146484375 0.0242382271
1 0.7814941406 0.7233379501 0.0161132812 0.0256232687
0 0.7587890625 0.7091412742 0.0175781250 0.0235457064
0 0.7460937500 0.6883656510 0.0156250000 0.0249307479
3 0.7568359375 0.7991689751 0.0781250000 0.1080332410
1 0.6101074219 0.8452216066 0.0317382812 0.0228531856
1 0.5688476562 0.8448753463 0.0302734375 0.0249307479
0 0.7512207031 0.5602493075 0.0112304688 0.0304709141
1 0.7653808594 0.5415512465 0.0102539062 0.0290858726
1 0.7575683594 0.4958448753 0.0092773438 0.0304709141
2 0.5002441406 0.7849722992 0.0952148438 0.1627423823
3 0.3933105469 0.8940443213 0.0991210938 0.1994459834
3 0.2041015625 0.9463296399 0.1132812500 0.0547091413
0 0.2373046875 0.6894044321 0.0253906250 0.0145429363
1 0.2473144531 0.7489612188 0.0200195312 0.0145429363
3 0.5156250000 0.6468144044 0.0390625000 0.1052631579
3 0.4726562500 0.6481994460 0.0380859375 0.1024930748
0 0.4423828125 0.6371191136 0.0107421875 0.0332409972
1 0.4265136719 0.6627423823 0.0170898438 0.0401662050
0 0.3735351562 0.4729916898 0.0332031250 0.0221606648
0 0.4006347656 0.3472991690 0.0219726562 0.0145429363
0 0.5476074219 0.6274238227 0.0102539062 0.0290858726
3 0.4489746094 0.3756925208 0.0522460938 0.1295013850
1 0.3010253906 0.2849722992 0.0170898438 0.0463988920
1 0.5078125000 0.5761772853 0.0175781250 0.0138504155
0 0.5400390625 0.5758310249 0.0205078125 0.0145429363
2 0.5261230469 0.5110803324 0.0600585938 0.0858725762
1 0.4599609375 0.5228531856 0.0107421875 0.0290858726
1 0.4602050781 0.4795706371 0.0092773438 0.0311634349
1 0.4804687500 0.3954293629 0.0117187500 0.0346260388
0 0.5017089844 0.3999307479 0.0200195312 0.0200831025
1 0.2609863281 0.1575484765 0.0131835938 0.0325484765
0 0.2749023438 0.2406509695 0.0351562500 0.0228531856
0 0.2915039062 0.1478531856 0.0224609375 0.0145429363
1 0.3149414062 0.2396121884 0.0175781250 0.0249307479
0 0.3300781250 0.2662742382 0.0175781250 0.0256232687
0 0.3391113281 0.2794321330 0.0180664062 0.0256232687
1 0.3505859375 0.2946675900 0.0185546875 0.0283933518
1 0.3608398438 0.3150969529 0.0273437500 0.0387811634
2 0.3798828125 0.2212603878 0.0917968750 0.1350415512
0 0.4321289062 0.1644736842 0.0126953125 0.0367036011
0 0.4462890625 0.1641274238 0.0126953125 0.0360110803
0 0.4484863281 0.2749307479 0.0239257812 0.0152354571
0 0.4819335938 0.2877423823 0.0117187500 0.0297783934
0 0.4897460938 0.3126731302 0.0234375000 0.0117728532
0 0.4953613281 0.3410664820 0.0112304688 0.0297783934
3 0.5305175781 0.2641966759 0.0737304688 0.0574792244
1 0.5708007812 0.3659972299 0.0244140625 0.0159279778
2 0.6550292969 0.2860110803 0.0258789062 0.0304709141
0 0.6313476562 0.2822022161 0.0097656250 0.0297783934
0 0.6174316406 0.2832409972 0.0083007812 0.0304709141
2 0.6582031250 0.1918282548 0.0224609375 0.0373961219
1 0.7160644531 0.2091412742 0.0170898438 0.0152354571
2 0.5305175781 0.3493767313 0.0512695312 0.0630193906
2 0.7160644531 0.1765927978 0.0239257812 0.0373961219
0 0.7309570312 0.2399584488 0.0117187500 0.0367036011
0 0.6799316406 0.2835872576 0.0122070312 0.0325484765
0 0.6926269531 0.2842797784 0.0112304688 0.0297783934
0 0.7106933594 0.3216759003 0.0219726562 0.0131578947
2 0.6970214844 0.3535318560 0.0258789062 0.0353185596
3 0.6499023438 0.3746537396 0.0527343750 0.1274238227
2 0.6049804688 0.3386426593 0.0302734375 0.0415512465
0 0.6027832031 0.5110803324 0.0131835938 0.0304709141
1 0.5827636719 0.5148891967 0.0170898438 0.0450138504
0 0.6484375000 0.4477146814 0.0244140625 0.0159279778
0 0.6494140625 0.4674515235 0.0234375000 0.0166204986
1 0.5927734375 0.4757617729 0.0341796875 0.0235457064
1 0.6020507812 0.4262465374 0.0107421875 0.0297783934
1 0.5681152344 0.4653739612 0.0112304688 0.0304709141
0 0.7316894531 0.2808171745 0.0102539062 0.0353185596
0 0.7185058594 0.2822022161 0.0102539062 0.0325484765
0 0.7255859375 0.3597645429 0.0253906250 0.0159279778
0 0.7243652344 0.3829639889 0.0249023438 0.0193905817
2 0.7128906250 0.2413434903 0.0244140625 0.0394736842
3 0.5017089844 0.0695983380 0.3725585938 0.1378116343
3 0.8457031250 0.0706371191 0.3085937500 0.1412742382
3 0.5969238281 0.9380193906 0.3051757812 0.1239612188
3 0.8781738281 0.9359418283 0.2436523438 0.1267313019
0 0.6596679688 0.2281855956 0.0214843750 0.0131578947
0 0.6865234375 0.2274930748 0.0214843750 0.0131578947
0 0.6875000000 0.2087950139 0.0214843750 0.0131578947
0 0.6694335938 0.2558864266 0.0214843750 0.0131578947
1 0.6333007812 0.2278393352 0.0234375000 0.0124653740
1 0.5961914062 0.3805401662 0.0097656250 0.0270083102
0 0.6120605469 0.3829639889 0.0122070312 0.0290858726
1 0.5476074219 0.4248614958 0.0200195312 0.0131578947
1 0.5471191406 0.4442520776 0.0200195312 0.0131578947
0 0.4392089844 0.5820637119 0.0297851562 0.0214681440
2 0.8781738281 0.6198060942 0.2436523438 0.3808864266
3 0.5126953125 0.1925207756 0.0380859375 0.0595567867
