1 0.9902343750 0.1499023438 0.0195312500 0.0517578125
0 0.7373046875 0.0366210938 0.0292968750 0.0634765625
2 0.8798828125 0.1005859375 0.0917968750 0.0957031250
0 0.9301757812 0.2729492188 0.0458984375 0.0224609375
1 0.7592773438 0.1469726562 0.0185546875 0.0439453125
3 0.7470703125 0.2304687500 0.1425781250 0.0781250000
0 0.7202148438 0.1489257812 0.0205078125 0.0419921875
1 0.8876953125 0.8569335938 0.0312500000 0.0380859375
0 0.8105468750 0.3461914062 0.0507812500 0.0576171875
0 0.7856445312 0.3745117188 0.0537109375 0.0537109375
1 0.8691406250 0.3408203125 0.0312500000 0.0312500000
0 0.7836914062 0.2890625000 0.0419921875 0.0195312500
3 0.6528320312 0.3212890625 0.1416015625 0.0761718750
3 0.5922851562 0.4072265625 0.1435546875 0.0761718750
3 0.5004882812 0.5004882812 0.1474609375 0.0830078125
3 0.4995117188 0.5932617188 0.1474609375 0.0791015625
3 0.4155273438 0.7148437500 0.0810546875 0.1445312500
3 0.3266601562 0.7138671875 0.0810546875 0.1464843750
1 0.7998046875 0.7602539062 0.0292968750 0.0341796875
1 0.7534179688 0.7241210938 0.0322265625 0.0361328125
0 0.7080078125 0.7041015625 0.0351562500 0.0332031250
0 0.6826171875 0.6748046875 0.0312500000 0.0351562500
3 0.7041015625 0.8310546875 0.1562500000 0.1523437500
1 0.4106445312 0.8959960938 0.0634765625 0.0322265625
1 0.3281250000 0.8955078125 0.0605468750 0.0351562500
0 0.6928710938 0.4941406250 0.0224609375 0.0429687500
1 0.7211914062 0.4677734375 0.0205078125 0.0410156250
1 0.7055664062 0.4033203125 0.0185546875 0.0429687500
2 0.1909179688 0.8110351562 0.1904296875 0.2294921875
3 0.2216796875 0.6162109375 0.0781250000 0.1484375000
3 0.1357421875 0.6181640625 0.0761718750 0.1445312500
0 0.0751953125 0.6025390625 0.0214843750 0.0468750000
1 0.0434570312 0.6386718750 0.0341796875 0.0566406250
0 0.2856445312 0.5888671875 0.0205078125 0.0410156250
3 0.0883789062 0.2338867188 0.1044921875 0.1826171875
1 0.2060546875 0.5166015625 0.0351562500 0.0195312500
0 0.2705078125 0.5161132812 0.0410156250 0.0205078125
2 0.2426757812 0.4248046875 0.1201171875 0.1210937500
1 0.1103515625 0.4414062500 0.0214843750 0.0410156250
1 0.1108398438 0.3803710938 0.0185546875 0.0439453125
1 0.1513671875 0.2617187500 0.0234375000 0.0488281250
0 0.1938476562 0.2680664062 0.0400390625 0.0283203125
0 0.0874023438 0.0917968750 0.0478515625 0.0214843750
0 0.1542968750 0.1098632812 0.0234375000 0.0419921875
0 0.1699218750 0.1450195312 0.0468750000 0.0166015625
0 0.1811523438 0.1850585938 0.0224609375 0.0419921875
3 0.2514648438 0.0766601562 0.1474609375 0.0810546875
1 0.3320312500 0.2202148438 0.0488281250 0.0224609375
2 0.5004882812 0.1074218750 0.0517578125 0.0429687500
0 0.4531250000 0.1020507812 0.0195312500 0.0419921875
0 0.4252929688 0.1035156250 0.0166015625 0.0429687500
2 0.2514648438 0.1967773438 0.1025390625 0.0888671875
0 0.6523437500 0.0424804688 0.0234375000 0.0517578125
0 0.5502929688 0.1040039062 0.0244140625 0.0458984375
0 0.5756835938 0.1049804688 0.0224609375 0.0419921875
0 0.6118164062 0.1577148438 0.0439453125 0.0185546875
2 0.5844726562 0.2026367188 0.0517578125 0.0498046875
3 0.4902343750 0.2324218750 0.1054687500 0.1796875000
2 0.4003906250 0.1816406250 0.0605468750 0.0585937500
0 0.3959960938 0.4248046875 0.0263671875 0.0429687500
1 0.3559570312 0.4301757812 0.0341796875 0.0634765625
0 0.4873046875 0.3354492188 0.0488281250 0.0224609375
0 0.4892578125 0.3632812500 0.0468750000 0.0234375000
1 0.3759765625 0.3750000000 0.0683593750 0.0332031250
1 0.3945312500 0.3051757812 0.0214843750 0.0419921875
1 0.3266601562 0.3603515625 0.0224609375 0.0429687500
0 0.6538085938 0.1000976562 0.0205078125 0.0498046875
0 0.6274414062 0.1020507812 0.0205078125 0.0458984375
0 0.6416015625 0.2114257812 0.0507812500 0.0224609375
0 0.6391601562 0.2441406250 0.0498046875 0.0273437500
2 0.6162109375 0.0444335938 0.0488281250 0.0556640625
0 0.5097656250 0.0258789062 0.0429687500 0.0185546875
0 0.5634765625 0.0249023438 0.0429687500 0.0185546875
0 0.5292968750 0.0649414062 0.0429687500 0.0185546875
1 0.4570312500 0.0253906250 0.0468750000 0.0175781250
1 0.3828125000 0.2407226562 0.0195312500 0.0380859375
0 0.4145507812 0.2441406250 0.0244140625 0.0410156250
1 0.2856445312 0.3032226562 0.0400390625 0.0185546875
1 0.2846679688 0.3305664062 0.0400390625 0.0185546875
0 0.0688476562 0.5249023438 0.0595703125 0.0302734375
2 0.8515625000 0.5781250000 0.2968750000 0.5371093750
