1 0.9907226562 0.0571289062 0.0185546875 0.0517578125
2 0.8808593750 0.0278320312 0.0917968750 0.0556640625
0 0.9311523438 0.1801757812 0.0458984375 0.0224609375
1 0.7602539062 0.0541992188 0.0185546875 0.0439453125
3 0.7480468750 0.1376953125 0.1425781250 0.0781250000
0 0.7211914062 0.0561523438 0.0205078125 0.0419921875
1 0.8886718750 0.7641601562 0.0312500000 0.0380859375
0 0.8115234375 0.2534179688 0.0507812500 0.0576171875
0 0.7866210938 0.2817382812 0.0537109375 0.0537109375
1 0.8701171875 0.2480468750 0.0312500000 0.0312500000
0 0.7846679688 0.1962890625 0.0419921875 0.0195312500
3 0.6538085938 0.2285156250 0.1416015625 0.0761718750
3 0.5932617188 0.3144531250 0.1435546875 0.0761718750
3 0.5014648438 0.4077148438 0.1474609375 0.0830078125
3 0.5004882812 0.5004882812 0.1474609375 0.0791015625
3 0.4165039062 0.6220703125 0.0810546875 0.1445312500
3 0.3276367188 0.6210937500 0.0810546875 0.1464843750
1 0.8007812500 0.6674804688 0.0292968750 0.0341796875
1 0.7543945312 0.6313476562 0.0322265625 0.0361328125
0 0.7089843750 0.6113281250 0.0351562500 0.0332031250
0 0.6835937500 0.5820312500 0.0312500000 0.0351562500
3 0.7050781250 0.7382812500 0.1562500000 0.1523437500
1 0.4116210938 0.8032226562 0.0634765625 0.0322265625
1 0.3291015625 0.8027343750 0.0605468750 0.0351562500
0 0.6938476562 0.4013671875 0.0224609375 0.0429687500
1 0.7221679688 0.3750000000 0.0205078125 0.0410156250
1 0.7065429688 0.3105468750 0.0185546875 0.0429687500
2 0.1918945312 0.7182617188 0.1904296875 0.2294921875
3 0.2226562500 0.5234375000 0.0781250000 0.1484375000
3 0.1367187500 0.5253906250 0.0761718750 0.1445312500
0 0.0761718750 0.5097656250 0.0214843750 0.0468750000
1 0.0444335938 0.5458984375 0.0341796875 0.0566406250
0 0.2866210938 0.4960937500 0.0205078125 0.0410156250
3 0.0893554688 0.1411132812 0.1044921875 0.1826171875
1 0.2070312500 0.4238281250 0.0351562500 0.0195312500
0 0.2714843750 0.4233398438 0.0410156250 0.0205078125
2 0.2436523438 0.3320312500 0.1201171875 0.1210937500
1 0.1113281250 0.3486328125 0.0214843750 0.0410156250
1 0.1118164062 0.2875976562 0.0185546875 0.0439453125
1 0.1523437500 0.1689453125 0.0234375000 0.0488281250
0 0.1948242188 0.1752929688 0.0400390625 0.0283203125
0 0.1552734375 0.0190429688 0.0234375000 0.0380859375
0 0.1708984375 0.0522460938 0.0468750000 0.0166015625
0 0.1821289062 0.0922851562 0.0224609375 0.0419921875
1 0.3330078125 0.1274414062 0.0488281250 0.0224609375
2 0.5014648438 0.0180664062 0.0517578125 0.0361328125
0 0.4541015625 0.0151367188 0.0195312500 0.0302734375
0 0.4262695312 0.0161132812 0.0166015625 0.0322265625
2 0.2524414062 0.1040039062 0.1025390625 0.0888671875
0 0.5512695312 0.0170898438 0.0244140625 0.0341796875
0 0.5766601562 0.0166015625 0.0224609375 0.0332031250
0 0.6127929688 0.0649414062 0.0439453125 0.0185546875
2 0.5854492188 0.1098632812 0.0517578125 0.0498046875
3 0.4912109375 0.1396484375 0.1054687500 0.1796875000
2 0.4013671875 0.0888671875 0.0605468750 0.0585937500
0 0.3969726562 0.3320312500 0.0263671875 0.0429687500
1 0.3569335938 0.3374023438 0.0341796875 0.0634765625
0 0.4882812500 0.2426757812 0.0488281250 0.0224609375
0 0.4902343750 0.2705078125 0.0468750000 0.0234375000
1 0.3769531250 0.2822265625 0.0683593750 0.0332031250
1 0.3955078125 0.2124023438 0.0214843750 0.0419921875
1 0.3276367188 0.2675781250 0.0224609375 0.0429687500
0 0.6547851562 0.0161132812 0.0205078125 0.0322265625
0 0.6284179688 0.0161132812 0.0205078125 0.0322265625
0 0.6425781250 0.1186523438 0.0507812500 0.0224609375
0 0.6401367188 0.1513671875 0.0498046875 0.0273437500
3 0.3852539062 0.9233398438 0.6103515625 0.1533203125
3 0.8520507812 0.9208984375 0.2958984375 0.1582031250
1 0.3837890625 0.1479492188 0.0195312500 0.0380859375
0 0.4155273438 0.1513671875 0.0244140625 0.0410156250
1 0.2866210938 0.2104492188 0.0400390625 0.0185546875
1 0.2856445312 0.2377929688 0.0400390625 0.0185546875
0 0.0698242188 0.4321289062 0.0595703125 0.0302734375
2 0.8520507812 0.4853515625 0.2958984375 0.5371093750
