3 0.6860351562 0.0742187500 0.1552734375 0.1484375000
3 0.7993164062 0.1000976562 0.0634765625 0.2001953125
1 0.7587890625 0.2060546875 0.0195312500 0.0429687500
1 0.4829101562 0.0551757812 0.0205078125 0.0517578125
2 0.3720703125 0.0268554688 0.0917968750 0.0537109375
0 0.4223632812 0.1782226562 0.0458984375 0.0224609375
1 0.2514648438 0.0522460938 0.0185546875 0.0439453125
3 0.2392578125 0.1357421875 0.1425781250 0.0781250000
0 0.2124023438 0.0541992188 0.0205078125 0.0419921875
3 0.8959960938 0.5004882812 0.2021484375 0.3037109375
0 0.8168945312 0.8476562500 0.0439453125 0.0253906250
0 0.7753906250 0.7060546875 0.0449218750 0.0234375000
0 0.7768554688 0.7465820312 0.0458984375 0.0224609375
0 0.7749023438 0.7841796875 0.0537109375 0.0273437500
1 0.7519531250 0.5644531250 0.0351562500 0.0371093750
1 0.6538085938 0.6674804688 0.0400390625 0.0380859375
0 0.5288085938 0.7871093750 0.0322265625 0.0332031250
1 0.3798828125 0.7622070312 0.0312500000 0.0380859375
1 0.9174804688 0.3061523438 0.0283203125 0.0478515625
1 0.6513671875 0.2758789062 0.0332031250 0.0361328125
0 0.3027343750 0.2514648438 0.0507812500 0.0576171875
0 0.2778320312 0.2797851562 0.0537109375 0.0537109375
1 0.3613281250 0.2460937500 0.0312500000 0.0312500000
0 0.2758789062 0.1943359375 0.0419921875 0.0195312500
3 0.1450195312 0.2265625000 0.1416015625 0.0761718750
3 0.0844726562 0.3125000000 0.1435546875 0.0761718750
1 0.2919921875 0.6655273438 0.0292968750 0.0341796875
1 0.2456054688 0.6293945312 0.0322265625 0.0361328125
0 0.2001953125 0.6093750000 0.0351562500 0.0332031250
0 0.1748046875 0.5800781250 0.0312500000 0.0351562500
3 0.1962890625 0.7363281250 0.1562500000 0.1523437500
0 0.1850585938 0.3994140625 0.0224609375 0.0429687500
1 0.2133789062 0.3730468750 0.0205078125 0.0410156250
1 0.1977539062 0.3085937500 0.0185546875 0.0429687500
0 0.0424804688 0.0161132812 0.0244140625 0.0322265625
0 0.0678710938 0.0156250000 0.0224609375 0.0312500000
0 0.1040039062 0.0629882812 0.0439453125 0.0185546875
2 0.0766601562 0.1079101562 0.0517578125 0.0498046875
0 0.1459960938 0.0151367188 0.0205078125 0.0302734375
0 0.1196289062 0.0151367188 0.0205078125 0.0302734375
0 0.1337890625 0.1166992188 0.0507812500 0.0224609375
0 0.1313476562 0.1494140625 0.0498046875 0.0273437500
3 0.4497070312 0.9199218750 0.5087890625 0.1601562500
2 0.4609375000 0.4833984375 0.5312500000 0.5371093750
0 0.8930664062 0.6733398438 0.0439453125 0.0185546875
