1 0.9804687500 0.2104492188 0.0390625000 0.0244140625
3 0.9345703125 0.3701171875 0.1308593750 0.2851562500
0 0.7944335938 0.2290039062 0.0185546875 0.0478515625
1 0.7285156250 0.2504882812 0.0644531250 0.0380859375
1 0.7436523438 0.4194335938 0.0205078125 0.0517578125
1 0.6831054688 0.2470703125 0.0185546875 0.0410156250
1 0.5961914062 0.2133789062 0.0400390625 0.0205078125
0 0.5634765625 0.2446289062 0.0664062500 0.0283203125
0 0.4902343750 0.3061523438 0.0292968750 0.0634765625
2 0.6328125000 0.3701171875 0.0917968750 0.0957031250
0 0.6831054688 0.5424804688 0.0458984375 0.0224609375
1 0.5122070312 0.4165039062 0.0185546875 0.0439453125
3 0.5000000000 0.5000000000 0.1425781250 0.0781250000
0 0.4731445312 0.4184570312 0.0205078125 0.0419921875
1 0.9121093750 0.6401367188 0.0332031250 0.0361328125
0 0.5634765625 0.6157226562 0.0507812500 0.0576171875
0 0.5385742188 0.6440429688 0.0537109375 0.0537109375
1 0.6220703125 0.6103515625 0.0312500000 0.0312500000
0 0.5366210938 0.5585937500 0.0419921875 0.0195312500
3 0.4057617188 0.5908203125 0.1416015625 0.0761718750
3 0.3452148438 0.6767578125 0.1435546875 0.0761718750
3 0.2534179688 0.7700195312 0.1474609375 0.0830078125
3 0.2524414062 0.8627929688 0.1474609375 0.0791015625
3 0.1684570312 0.9560546875 0.0810546875 0.0878906250
3 0.0795898438 0.9550781250 0.0810546875 0.0898437500
1 0.5063476562 0.9877929688 0.0322265625 0.0244140625
0 0.4609375000 0.9736328125 0.0351562500 0.0332031250
0 0.4355468750 0.9443359375 0.0312500000 0.0351562500
0 0.4458007812 0.7636718750 0.0224609375 0.0429687500
1 0.4741210938 0.7373046875 0.0205078125 0.0410156250
1 0.4584960938 0.6728515625 0.0185546875 0.0429687500
0 0.0385742188 0.8583984375 0.0205078125 0.0410156250
0 0.0234375000 0.7856445312 0.0410156250 0.0205078125
3 0.0390625000 0.3461914062 0.0781250000 0.0810546875
1 0.0849609375 0.4897460938 0.0488281250 0.0224609375
2 0.2534179688 0.3769531250 0.0517578125 0.0429687500
0 0.2060546875 0.3715820312 0.0195312500 0.0419921875
0 0.1782226562 0.3730468750 0.0166015625 0.0429687500
2 0.2597656250 0.2441406250 0.0449218750 0.0527343750
1 0.3754882812 0.2685546875 0.0341796875 0.0214843750
2 0.0278320312 0.4663085938 0.0556640625 0.0888671875
2 0.3754882812 0.2226562500 0.0478515625 0.0527343750
0 0.4052734375 0.3120117188 0.0234375000 0.0517578125
0 0.3032226562 0.3735351562 0.0244140625 0.0458984375
0 0.3286132812 0.3745117188 0.0224609375 0.0419921875
0 0.3647460938 0.4272460938 0.0439453125 0.0185546875
2 0.3374023438 0.4721679688 0.0517578125 0.0498046875
3 0.2431640625 0.5019531250 0.1054687500 0.1796875000
2 0.1533203125 0.4511718750 0.0605468750 0.0585937500
0 0.1489257812 0.6943359375 0.0263671875 0.0429687500
1 0.1088867188 0.6997070312 0.0341796875 0.0634765625
0 0.2402343750 0.6049804688 0.0488281250 0.0224609375
0 0.2421875000 0.6328125000 0.0468750000 0.0234375000
1 0.1289062500 0.6445312500 0.0683593750 0.0332031250
1 0.1474609375 0.5747070312 0.0214843750 0.0419921875
1 0.0795898438 0.6298828125 0.0224609375 0.0429687500
0 0.4067382812 0.3696289062 0.0205078125 0.0498046875
0 0.3803710938 0.3715820312 0.0205078125 0.0458984375
0 0.3945312500 0.4809570312 0.0507812500 0.0224609375
0 0.3920898438 0.5136718750 0.0498046875 0.0273437500
2 0.3691406250 0.3139648438 0.0488281250 0.0556640625
3 0.6381835938 0.0864257812 0.6240234375 0.1728515625
0 0.2626953125 0.2954101562 0.0429687500 0.0185546875
0 0.3164062500 0.2944335938 0.0429687500 0.0185546875
0 0.3183593750 0.2680664062 0.0429687500 0.0185546875
0 0.2822265625 0.3344726562 0.0429687500 0.0185546875
1 0.2099609375 0.2949218750 0.0468750000 0.0175781250
1 0.1357421875 0.5102539062 0.0195312500 0.0380859375
0 0.1674804688 0.5136718750 0.0244140625 0.0410156250
1 0.0385742188 0.5727539062 0.0400390625 0.0185546875
1 0.0375976562 0.6000976562 0.0400390625 0.0185546875
2 0.7216796875 0.7895507812 0.5312500000 0.4208984375
