0 0.0537109375 0.3432617188 0.0761718750 0.0322265625
3 0.2441406250 0.5214843750 0.4472656250 0.2500000000
2 0.5673828125 0.4057617188 0.1171875000 0.1025390625
1 0.5244140625 0.5043945312 0.0410156250 0.0712890625
0 0.5693359375 0.5078125000 0.0390625000 0.0742187500
0 0.6137695312 0.5078125000 0.0361328125 0.0781250000
0 0.5258789062 0.3125000000 0.0341796875 0.0742187500
0 0.5678710938 0.3144531250 0.0361328125 0.0742187500
0 0.6118164062 0.3154296875 0.0361328125 0.0761718750
3 0.8271484375 0.3759765625 0.3457031250 0.7050781250
3 0.2993164062 0.8247070312 0.5986328125 0.3173828125
0 0.2607421875 0.3593750000 0.0722656250 0.0449218750
