1 0.3598632812 0.4907226562 0.0693359375 0.1357421875
1 0.1386718750 0.9804687500 0.0429687500 0.0390625000
0 0.4287109375 0.3901367188 0.0644531250 0.0341796875
0 0.4960937500 0.5170898438 0.0761718750 0.0341796875
1 0.7084960938 0.4360351562 0.0341796875 0.0712890625
2 0.8349609375 0.5644531250 0.2207031250 0.1835937500
0 0.8393554688 0.3940429688 0.0634765625 0.0341796875
0 0.9169921875 0.4399414062 0.0566406250 0.0341796875
0 0.8989257812 0.7216796875 0.0341796875 0.0605468750
0 0.9160156250 0.7954101562 0.0625000000 0.0380859375
3 0.6054687500 0.7656250000 0.2421875000 0.4687500000
1 0.7460937500 0.6977539062 0.0371093750 0.0693359375
3 0.5078125000 0.1782226562 0.9843750000 0.3564453125
3 0.4057617188 0.7480468750 0.1162109375 0.2226562500
