0 0.0371093750 0.9482421875 0.0742187500 0.0449218750
1 0.1669921875 0.8056640625 0.1464843750 0.0722656250
2 0.1791992188 0.6821289062 0.1630859375 0.1435546875
0 0.0278320312 0.5322265625 0.0556640625 0.0488281250
3 0.2138671875 0.3066406250 0.2265625000 0.1171875000
0 0.3208007812 0.8427734375 0.0380859375 0.0800781250
0 0.3022460938 0.7788085938 0.0712890625 0.0341796875
0 0.3164062500 0.7182617188 0.0800781250 0.0380859375
0 0.3251953125 0.6684570312 0.0761718750 0.0419921875
0 0.3115234375 0.6123046875 0.0742187500 0.0507812500
0 0.3154296875 0.5581054688 0.0742187500 0.0341796875
1 0.1513671875 0.5512695312 0.0781250000 0.0322265625
1 0.0541992188 0.2436523438 0.0361328125 0.0693359375
1 0.0141601562 0.2446289062 0.0283203125 0.0751953125
1 0.0229492188 0.0419921875 0.0400390625 0.0742187500
0 0.9667968750 0.7641601562 0.0664062500 0.0341796875
3 0.5000000000 0.5000000000 0.2441406250 0.9062500000
