3 0.1027832031 0.0927734375 0.1459960938 0.1855468750
1 0.5798339844 0.0598144531 0.0346679688 0.0678710938
3 0.2495117188 0.4052734375 0.4111328125 0.3623046875
3 0.0795898438 0.7241210938 0.1562500000 0.2187500000
1 0.2470703125 0.8842773438 0.0361328125 0.0195312500
1 0.2641601562 0.6867675781 0.0722656250 0.0317382812
1 0.4899902344 0.6472167969 0.0688476562 0.0336914062
0 0.5092773438 0.8173828125 0.0371093750 0.0224609375
1 0.5742187500 0.7460937500 0.0732421875 0.0361328125
2 0.5803222656 0.6843261719 0.0815429688 0.0717773438
0 0.4907226562 0.6093750000 0.0556640625 0.0244140625
3 0.5976562500 0.4965820312 0.1132812500 0.0585937500
0 0.6511230469 0.7646484375 0.0190429688 0.0400390625
0 0.6418457031 0.7326660156 0.0356445312 0.0170898438
0 0.6489257812 0.7023925781 0.0400390625 0.0190429688
0 0.6533203125 0.6774902344 0.0380859375 0.0209960938
0 0.6464843750 0.6494140625 0.0371093750 0.0253906250
0 0.6484375000 0.6223144531 0.0371093750 0.0170898438
1 0.5664062500 0.6188964844 0.0390625000 0.0161132812
1 0.5178222656 0.4650878906 0.0180664062 0.0346679688
1 0.4953613281 0.4655761719 0.0190429688 0.0375976562
1 0.4689941406 0.4660644531 0.0180664062 0.0366210938
1 0.4677734375 0.4028320312 0.0185546875 0.0390625000
1 0.4677734375 0.3518066406 0.0156250000 0.0346679688
1 0.4692382812 0.3144531250 0.0214843750 0.0390625000
1 0.5021972656 0.3642578125 0.0200195312 0.0371093750
0 0.6142578125 0.0095214844 0.0322265625 0.0170898438
0 0.6479492188 0.0729980469 0.0380859375 0.0170898438
1 0.7541503906 0.0324707031 0.0170898438 0.0356445312
2 0.8173828125 0.0966796875 0.1103515625 0.0917968750
0 0.8195800781 0.0114746094 0.0317382812 0.0170898438
0 0.8583984375 0.0344238281 0.0283203125 0.0170898438
0 0.8493652344 0.1752929688 0.0170898438 0.0302734375
0 0.8579101562 0.2121582031 0.0312500000 0.0190429688
0 0.9743652344 0.7253417969 0.0336914062 0.0170898438
3 0.8041992188 0.9123535156 0.3916015625 0.1655273438
3 0.7407226562 0.5932617188 0.1220703125 0.4531250000
3 0.7026367188 0.2182617188 0.1210937500 0.2763671875
1 0.7729492188 0.1633300781 0.0185546875 0.0346679688
3 0.6027832031 0.1884765625 0.0581054688 0.1113281250
