3 0.0689338235 0.0537683824 0.1378676471 0.1075367647
0 0.1318933824 0.5569852941 0.0358455882 0.0753676471
0 0.1144301471 0.4967830882 0.0670955882 0.0321691176
0 0.1277573529 0.4397977941 0.0753676471 0.0358455882
0 0.1360294118 0.3929227941 0.0716911765 0.0395220588
0 0.1231617647 0.3400735294 0.0698529412 0.0477941176
0 0.1268382353 0.2890625000 0.0698529412 0.0321691176
0 0.7403492647 0.4829963235 0.0634191176 0.0321691176
2 0.8947610294 0.4705882353 0.2086397059 0.1709558824
3 0.5004595588 0.8350183824 0.8979779412 0.3115808824
3 0.3005514706 0.3304227941 0.2297794118 0.6608455882
