1 0.0249023438 0.6079101562 0.0498046875 0.0302734375
1 0.0239257812 0.6557617188 0.0478515625 0.0302734375
1 0.0239257812 0.7050781250 0.0478515625 0.0332031250
1 0.1455078125 0.6113281250 0.0683593750 0.0312500000
1 0.1445312500 0.6572265625 0.0664062500 0.0332031250
1 0.1440429688 0.7094726562 0.0654296875 0.0361328125
1 0.1904296875 0.5283203125 0.0800781250 0.1250000000
3 0.6748046875 0.3891601562 0.3437500000 0.2373046875
0 0.4716796875 0.6865234375 0.0351562500 0.0234375000
3 0.7524414062 0.6684570312 0.4775390625 0.3583984375
