1 0.9682617188 0.2768554688 0.0634765625 0.0380859375
1 0.9838867188 0.4458007812 0.0205078125 0.0517578125
1 0.9233398438 0.2734375000 0.0185546875 0.0410156250
1 0.8364257812 0.2397460938 0.0400390625 0.0205078125
0 0.8037109375 0.2709960938 0.0664062500 0.0283203125
0 0.7304687500 0.3325195312 0.0292968750 0.0634765625
2 0.8730468750 0.3964843750 0.0917968750 0.0957031250
0 0.9233398438 0.5688476562 0.0458984375 0.0224609375
1 0.7524414062 0.4428710938 0.0185546875 0.0439453125
3 0.7402343750 0.5263671875 0.1425781250 0.0781250000
0 0.7133789062 0.4448242188 0.0205078125 0.0419921875
0 0.8037109375 0.6420898438 0.0507812500 0.0576171875
0 0.7788085938 0.6704101562 0.0537109375 0.0537109375
1 0.8623046875 0.6367187500 0.0312500000 0.0312500000
0 0.7768554688 0.5849609375 0.0419921875 0.0195312500
3 0.6459960938 0.6171875000 0.1416015625 0.0761718750
3 0.5854492188 0.7031250000 0.1435546875 0.0761718750
3 0.4936523438 0.7963867188 0.1474609375 0.0830078125
3 0.4926757812 0.8891601562 0.1474609375 0.0791015625
0 0.7011718750 0.9916992188 0.0351562500 0.0166015625
0 0.6757812500 0.9707031250 0.0312500000 0.0351562500
0 0.6860351562 0.7900390625 0.0224609375 0.0429687500
1 0.7143554688 0.7636718750 0.0205078125 0.0410156250
1 0.6987304688 0.6992187500 0.0185546875 0.0429687500
3 0.2148437500 0.9121093750 0.0781250000 0.1484375000
3 0.1289062500 0.9140625000 0.0761718750 0.1445312500
0 0.0683593750 0.8984375000 0.0214843750 0.0468750000
1 0.0366210938 0.9345703125 0.0341796875 0.0566406250
0 0.2788085938 0.8847656250 0.0205078125 0.0410156250
3 0.0815429688 0.5297851562 0.1044921875 0.1826171875
1 0.1992187500 0.8125000000 0.0351562500 0.0195312500
0 0.2636718750 0.8120117188 0.0410156250 0.0205078125
2 0.2358398438 0.7207031250 0.1201171875 0.1210937500
1 0.1035156250 0.7373046875 0.0214843750 0.0410156250
1 0.1040039062 0.6762695312 0.0185546875 0.0439453125
1 0.1445312500 0.5576171875 0.0234375000 0.0488281250
0 0.1870117188 0.5639648438 0.0400390625 0.0283203125
0 0.0478515625 0.2319335938 0.0253906250 0.0517578125
0 0.0761718750 0.2314453125 0.0253906250 0.0507812500
0 0.0805664062 0.3876953125 0.0478515625 0.0214843750
0 0.1474609375 0.4057617188 0.0234375000 0.0419921875
0 0.1630859375 0.4409179688 0.0468750000 0.0166015625
0 0.1743164062 0.4809570312 0.0224609375 0.0419921875
3 0.2446289062 0.3725585938 0.1474609375 0.0810546875
1 0.3251953125 0.5161132812 0.0488281250 0.0224609375
2 0.4936523438 0.4033203125 0.0517578125 0.0429687500
0 0.4462890625 0.3979492188 0.0195312500 0.0419921875
0 0.4184570312 0.3994140625 0.0166015625 0.0429687500
2 0.5000000000 0.2705078125 0.0449218750 0.0527343750
1 0.6157226562 0.2949218750 0.0341796875 0.0214843750
2 0.2446289062 0.4926757812 0.1025390625 0.0888671875
2 0.6157226562 0.2490234375 0.0478515625 0.0527343750
0 0.6455078125 0.3383789062 0.0234375000 0.0517578125
0 0.5434570312 0.3999023438 0.0244140625 0.0458984375
0 0.5688476562 0.4008789062 0.0224609375 0.0419921875
0 0.6049804688 0.4536132812 0.0439453125 0.0185546875
2 0.5776367188 0.4985351562 0.0517578125 0.0498046875
3 0.4833984375 0.5283203125 0.1054687500 0.1796875000
2 0.3935546875 0.4775390625 0.0605468750 0.0585937500
0 0.3891601562 0.7207031250 0.0263671875 0.0429687500
1 0.3491210938 0.7260742188 0.0341796875 0.0634765625
0 0.4804687500 0.6313476562 0.0488281250 0.0224609375
0 0.4824218750 0.6591796875 0.0468750000 0.0234375000
1 0.3691406250 0.6708984375 0.0683593750 0.0332031250
1 0.3876953125 0.6010742188 0.0214843750 0.0419921875
1 0.3198242188 0.6562500000 0.0224609375 0.0429687500
0 0.6469726562 0.3959960938 0.0205078125 0.0498046875
0 0.6206054688 0.3979492188 0.0205078125 0.0458984375
0 0.6347656250 0.5073242188 0.0507812500 0.0224609375
0 0.6323242188 0.5400390625 0.0498046875 0.0273437500
2 0.6093750000 0.3403320312 0.0488281250 0.0556640625
3 0.2797851562 0.0981445312 0.5595703125 0.1943359375
3 0.7832031250 0.0996093750 0.4335937500 0.1992187500
0 0.5029296875 0.3217773438 0.0429687500 0.0185546875
0 0.5566406250 0.3208007812 0.0429687500 0.0185546875
0 0.5585937500 0.2944335938 0.0429687500 0.0185546875
0 0.5224609375 0.3608398438 0.0429687500 0.0185546875
1 0.4501953125 0.3212890625 0.0468750000 0.0175781250
1 0.3759765625 0.5366210938 0.0195312500 0.0380859375
0 0.4077148438 0.5400390625 0.0244140625 0.0410156250
1 0.2788085938 0.5991210938 0.0400390625 0.0185546875
1 0.2778320312 0.6264648438 0.0400390625 0.0185546875
0 0.0620117188 0.8208007812 0.0595703125 0.0302734375
3 0.2089843750 0.2714843750 0.0761718750 0.0839843750
