3 0.0375976562 0.3974609375 0.0751953125 0.0800781250
3 0.9443359375 0.6171875000 0.1113281250 0.0761718750
3 0.8989257812 0.7031250000 0.1435546875 0.0761718750
3 0.8071289062 0.7963867188 0.1474609375 0.0830078125
3 0.8061523438 0.8891601562 0.1474609375 0.0791015625
0 0.9868164062 0.9707031250 0.0263671875 0.0351562500
0 0.9941406250 0.7900390625 0.0117187500 0.0429687500
3 0.5283203125 0.9121093750 0.0781250000 0.1484375000
3 0.4423828125 0.9140625000 0.0761718750 0.1445312500
0 0.3818359375 0.8984375000 0.0214843750 0.0468750000
1 0.3500976562 0.9345703125 0.0341796875 0.0566406250
0 0.2441406250 0.6669921875 0.0664062500 0.0312500000
0 0.2983398438 0.4897460938 0.0439453125 0.0205078125
0 0.5922851562 0.8847656250 0.0205078125 0.0410156250
3 0.3950195312 0.5297851562 0.1044921875 0.1826171875
1 0.0991210938 0.4018554688 0.0341796875 0.0654296875
1 0.5126953125 0.8125000000 0.0351562500 0.0195312500
0 0.5771484375 0.8120117188 0.0410156250 0.0205078125
2 0.5493164062 0.7207031250 0.1201171875 0.1210937500
1 0.4169921875 0.7373046875 0.0214843750 0.0410156250
1 0.4174804688 0.6762695312 0.0185546875 0.0439453125
1 0.4580078125 0.5576171875 0.0234375000 0.0488281250
0 0.5004882812 0.5639648438 0.0400390625 0.0283203125
1 0.0190429688 0.2221679688 0.0263671875 0.0458984375
0 0.0468750000 0.3393554688 0.0703125000 0.0322265625
0 0.0800781250 0.2084960938 0.0449218750 0.0205078125
1 0.1269531250 0.3378906250 0.0351562500 0.0351562500
0 0.1572265625 0.3754882812 0.0351562500 0.0361328125
0 0.1752929688 0.3940429688 0.0361328125 0.0361328125
1 0.1982421875 0.4155273438 0.0371093750 0.0400390625
1 0.2187500000 0.4443359375 0.0546875000 0.0546875000
2 0.2568359375 0.3120117188 0.1835937500 0.1904296875
0 0.3613281250 0.2319335938 0.0253906250 0.0517578125
0 0.3896484375 0.2314453125 0.0253906250 0.0507812500
0 0.3940429688 0.3876953125 0.0478515625 0.0214843750
0 0.4609375000 0.4057617188 0.0234375000 0.0419921875
0 0.4765625000 0.4409179688 0.0468750000 0.0166015625
0 0.4877929688 0.4809570312 0.0224609375 0.0419921875
3 0.5581054688 0.3725585938 0.1474609375 0.0810546875
1 0.6386718750 0.5161132812 0.0488281250 0.0224609375
2 0.8071289062 0.4033203125 0.0517578125 0.0429687500
0 0.7597656250 0.3979492188 0.0195312500 0.0419921875
0 0.7319335938 0.3994140625 0.0166015625 0.0429687500
2 0.8134765625 0.2705078125 0.0449218750 0.0527343750
1 0.9291992188 0.2949218750 0.0341796875 0.0214843750
2 0.5581054688 0.4926757812 0.1025390625 0.0888671875
2 0.9291992188 0.2490234375 0.0478515625 0.0527343750
0 0.9589843750 0.3383789062 0.0234375000 0.0517578125
0 0.8569335938 0.3999023438 0.0244140625 0.0458984375
0 0.8823242188 0.4008789062 0.0224609375 0.0419921875
0 0.9184570312 0.4536132812 0.0439453125 0.0185546875
2 0.8911132812 0.4985351562 0.0517578125 0.0498046875
3 0.7968750000 0.5283203125 0.1054687500 0.1796875000
2 0.7070312500 0.4775390625 0.0605468750 0.0585937500
0 0.7026367188 0.7207031250 0.0263671875 0.0429687500
1 0.6625976562 0.7260742188 0.0341796875 0.0634765625
0 0.7939453125 0.6313476562 0.0488281250 0.0224609375
0 0.7958984375 0.6591796875 0.0468750000 0.0234375000
1 0.6826171875 0.6708984375 0.0683593750 0.0332031250
1 0.7011718750 0.6010742188 0.0214843750 0.0419921875
1 0.6333007812 0.6562500000 0.0224609375 0.0429687500
0 0.9604492188 0.3959960938 0.0205078125 0.0498046875
0 0.9340820312 0.3979492188 0.0205078125 0.0458984375
0 0.9482421875 0.5073242188 0.0507812500 0.0224609375
0 0.9458007812 0.5400390625 0.0498046875 0.0273437500
2 0.9228515625 0.3403320312 0.0488281250 0.0556640625
3 0.5004882812 0.0981445312 0.7451171875 0.1943359375
0 0.8164062500 0.3217773438 0.0429687500 0.0185546875
0 0.8701171875 0.3208007812 0.0429687500 0.0185546875
0 0.8720703125 0.2944335938 0.0429687500 0.0185546875
0 0.8359375000 0.3608398438 0.0429687500 0.0185546875
1 0.7636718750 0.3212890625 0.0468750000 0.0175781250
1 0.6894531250 0.5366210938 0.0195312500 0.0380859375
0 0.7211914062 0.5400390625 0.0244140625 0.0410156250
1 0.5922851562 0.5991210938 0.0400390625 0.0185546875
1 0.5913085938 0.6264648438 0.0400390625 0.0185546875
0 0.3754882812 0.8208007812 0.0595703125 0.0302734375
3 0.5224609375 0.2714843750 0.0761718750 0.0839843750
