3 0.1027832031 0.2641601562 0.1459960938 0.2138671875
1 0.5798339844 0.2453613281 0.0346679688 0.0678710938
3 0.2495117188 0.5908203125 0.4111328125 0.3623046875
3 0.0795898438 0.9001464844 0.1562500000 0.1997070312
1 0.2641601562 0.8723144531 0.0722656250 0.0317382812
1 0.4899902344 0.8327636719 0.0688476562 0.0336914062
1 0.5742187500 0.9316406250 0.0732421875 0.0361328125
2 0.5803222656 0.8698730469 0.0815429688 0.0717773438
0 0.4907226562 0.7949218750 0.0556640625 0.0244140625
3 0.5976562500 0.6821289062 0.1132812500 0.0585937500
0 0.6511230469 0.9501953125 0.0190429688 0.0400390625
0 0.6418457031 0.9182128906 0.0356445312 0.0170898438
0 0.6489257812 0.8879394531 0.0400390625 0.0190429688
0 0.6533203125 0.8630371094 0.0380859375 0.0209960938
0 0.6464843750 0.8349609375 0.0371093750 0.0253906250
0 0.6484375000 0.8078613281 0.0371093750 0.0170898438
1 0.5664062500 0.8044433594 0.0390625000 0.0161132812
1 0.5178222656 0.6506347656 0.0180664062 0.0346679688
1 0.4953613281 0.6511230469 0.0190429688 0.0375976562
1 0.4689941406 0.6516113281 0.0180664062 0.0366210938
1 0.4677734375 0.5883789062 0.0185546875 0.0390625000
1 0.4677734375 0.5373535156 0.0156250000 0.0346679688
1 0.4692382812 0.5000000000 0.0214843750 0.0390625000
1 0.5021972656 0.5498046875 0.0200195312 0.0371093750
0 0.6142578125 0.1950683594 0.0322265625 0.0170898438
0 0.6479492188 0.2585449219 0.0380859375 0.0170898438
1 0.7541503906 0.2180175781 0.0170898438 0.0356445312
2 0.8173828125 0.2822265625 0.1103515625 0.0917968750
0 0.8195800781 0.1970214844 0.0317382812 0.0170898438
0 0.8583984375 0.2199707031 0.0283203125 0.0170898438
0 0.8493652344 0.3608398438 0.0170898438 0.0302734375
0 0.8579101562 0.3977050781 0.0312500000 0.0190429688
0 0.9743652344 0.9108886719 0.0336914062 0.0170898438
3 0.7407226562 0.7761230469 0.1220703125 0.4477539062
3 0.7026367188 0.4038085938 0.1210937500 0.2763671875
1 0.7729492188 0.3488769531 0.0185546875 0.0346679688
3 0.6999511719 0.0891113281 0.5844726562 0.1782226562
3 0.6027832031 0.3740234375 0.0581054688 0.1113281250
