3 0.3432617188 0.2983398438 0.6865234375 0.5029296875
3 0.2622070312 0.7026367188 0.1806640625 0.2958984375
3 0.7866210938 0.8505859375 0.1982421875 0.2812500000
3 0.4082031250 0.9243164062 0.2265625000 0.0771484375
0 0.4746093750 0.5620117188 0.0507812500 0.0205078125
1 0.4946289062 0.6459960938 0.0400390625 0.0205078125
3 0.9453125000 0.5039062500 0.0761718750 0.1445312500
0 0.8847656250 0.4882812500 0.0214843750 0.0468750000
1 0.8530273438 0.5244140625 0.0341796875 0.0566406250
0 0.7470703125 0.2568359375 0.0664062500 0.0312500000
0 0.8012695312 0.0795898438 0.0439453125 0.0205078125
3 0.8979492188 0.1196289062 0.1044921875 0.1826171875
1 0.9199218750 0.3271484375 0.0214843750 0.0410156250
1 0.9204101562 0.2661132812 0.0185546875 0.0439453125
1 0.9609375000 0.1474609375 0.0234375000 0.0488281250
1 0.7011718750 0.0126953125 0.0371093750 0.0253906250
1 0.7216796875 0.0341796875 0.0546875000 0.0546875000
0 0.9780273438 0.0307617188 0.0439453125 0.0166015625
0 0.9897460938 0.0708007812 0.0205078125 0.0419921875
0 0.8784179688 0.4106445312 0.0595703125 0.0302734375
