3 0.2001953125 0.2983398438 0.4003906250 0.5029296875
3 0.9389648438 0.6005859375 0.0810546875 0.1445312500
3 0.8500976562 0.5996093750 0.0810546875 0.1464843750
1 0.9340820312 0.7817382812 0.0634765625 0.0322265625
1 0.8515625000 0.7812500000 0.0605468750 0.0351562500
2 0.7143554688 0.6967773438 0.1904296875 0.2294921875
3 0.5004882812 0.8505859375 0.1982421875 0.2812500000
3 0.1220703125 0.9243164062 0.2265625000 0.0771484375
0 0.1884765625 0.5620117188 0.0507812500 0.0205078125
1 0.2084960938 0.6459960938 0.0400390625 0.0205078125
3 0.7451171875 0.5019531250 0.0781250000 0.1484375000
3 0.6591796875 0.5039062500 0.0761718750 0.1445312500
0 0.5986328125 0.4882812500 0.0214843750 0.0468750000
1 0.5668945312 0.5244140625 0.0341796875 0.0566406250
0 0.4609375000 0.2568359375 0.0664062500 0.0312500000
0 0.5151367188 0.0795898438 0.0439453125 0.0205078125
0 0.8090820312 0.4746093750 0.0205078125 0.0410156250
3 0.6118164062 0.1196289062 0.1044921875 0.1826171875
1 0.7294921875 0.4023437500 0.0351562500 0.0195312500
0 0.7939453125 0.4018554688 0.0410156250 0.0205078125
2 0.7661132812 0.3105468750 0.1201171875 0.1210937500
1 0.6337890625 0.3271484375 0.0214843750 0.0410156250
1 0.6342773438 0.2661132812 0.0185546875 0.0439453125
1 0.6748046875 0.1474609375 0.0234375000 0.0488281250
0 0.7172851562 0.1538085938 0.0400390625 0.0283203125
1 0.4150390625 0.0126953125 0.0371093750 0.0253906250
1 0.4355468750 0.0341796875 0.0546875000 0.0546875000
0 0.6933593750 0.0307617188 0.0468750000 0.0166015625
0 0.7045898438 0.0708007812 0.0224609375 0.0419921875
1 0.8554687500 0.1059570312 0.0488281250 0.0224609375
2 0.7749023438 0.0825195312 0.1025390625 0.0888671875
2 0.9238281250 0.0673828125 0.0605468750 0.0585937500
0 0.9194335938 0.3105468750 0.0263671875 0.0429687500
1 0.8793945312 0.3159179688 0.0341796875 0.0634765625
1 0.8994140625 0.2607421875 0.0683593750 0.0332031250
1 0.9179687500 0.1909179688 0.0214843750 0.0419921875
1 0.8500976562 0.2460937500 0.0224609375 0.0429687500
3 0.8012695312 0.9125976562 0.3974609375 0.1748046875
1 0.9062500000 0.1264648438 0.0195312500 0.0380859375
0 0.9379882812 0.1298828125 0.0244140625 0.0410156250
1 0.8090820312 0.1889648438 0.0400390625 0.0185546875
1 0.8081054688 0.2163085938 0.0400390625 0.0185546875
0 0.5922851562 0.4106445312 0.0595703125 0.0302734375
