1 0.3198242188 0.4262695312 0.1376953125 0.0673828125
0 0.3583984375 0.7666015625 0.0742187500 0.0449218750
1 0.4882812500 0.6240234375 0.1464843750 0.0722656250
2 0.5004882812 0.5004882812 0.1630859375 0.1435546875
0 0.3212890625 0.3505859375 0.1113281250 0.0488281250
3 0.5351562500 0.1250000000 0.2265625000 0.1171875000
0 0.6420898438 0.6611328125 0.0380859375 0.0800781250
0 0.6235351562 0.5971679688 0.0712890625 0.0341796875
0 0.6376953125 0.5366210938 0.0800781250 0.0380859375
0 0.6464843750 0.4868164062 0.0761718750 0.0419921875
0 0.6328125000 0.4306640625 0.0742187500 0.0507812500
0 0.6367187500 0.3764648438 0.0742187500 0.0341796875
1 0.4726562500 0.3696289062 0.0781250000 0.0322265625
1 0.3754882812 0.0620117188 0.0361328125 0.0693359375
1 0.3305664062 0.0629882812 0.0380859375 0.0751953125
1 0.2778320312 0.0639648438 0.0361328125 0.0732421875
3 0.8212890625 0.3857421875 0.2441406250 0.7714843750
