1 0.1079101562 0.5297851562 0.0634765625 0.0380859375
1 0.1250000000 0.3891601562 0.0800781250 0.0400390625
0 0.1162109375 0.3457031250 0.0800781250 0.0410156250
0 0.1313476562 0.4702148438 0.0712890625 0.0400390625
0 0.2016601562 0.3447265625 0.0712890625 0.0390625000
0 0.3095703125 0.3432617188 0.0761718750 0.0322265625
3 0.5000000000 0.5214843750 0.4472656250 0.2500000000
2 0.8232421875 0.4057617188 0.1171875000 0.1025390625
1 0.7802734375 0.5043945312 0.0410156250 0.0712890625
0 0.8251953125 0.5078125000 0.0390625000 0.0742187500
0 0.8696289062 0.5078125000 0.0361328125 0.0781250000
0 0.7817382812 0.3125000000 0.0341796875 0.0742187500
0 0.8237304688 0.3144531250 0.0361328125 0.0742187500
0 0.8676757812 0.3154296875 0.0361328125 0.0761718750
3 0.4482421875 0.8247070312 0.8125000000 0.3173828125
0 0.5166015625 0.3593750000 0.0722656250 0.0449218750
