2 0.0363769531 0.0966796875 0.0727539062 0.0917968750
0 0.0197753906 0.0114746094 0.0317382812 0.0170898438
0 0.0585937500 0.0344238281 0.0283203125 0.0170898438
0 0.0495605469 0.1752929688 0.0170898438 0.0302734375
0 0.0581054688 0.2121582031 0.0312500000 0.0190429688
0 0.1745605469 0.7253417969 0.0336914062 0.0170898438
2 0.2565917969 0.7187500000 0.1108398438 0.0908203125
1 0.3259277344 0.7648925781 0.0317382812 0.0190429688
1 0.3344726562 0.6945800781 0.0400390625 0.0200195312
0 0.3300781250 0.6728515625 0.0400390625 0.0205078125
0 0.3376464844 0.7351074219 0.0356445312 0.0200195312
0 0.3728027344 0.6723632812 0.0356445312 0.0195312500
0 0.4267578125 0.6716308594 0.0380859375 0.0161132812
3 0.5219726562 0.7607421875 0.2236328125 0.1250000000
2 0.6835937500 0.7028808594 0.0585937500 0.0512695312
1 0.6621093750 0.7521972656 0.0205078125 0.0356445312
0 0.6845703125 0.7539062500 0.0195312500 0.0371093750
0 0.7067871094 0.7539062500 0.0180664062 0.0390625000
0 0.6628417969 0.6562500000 0.0170898438 0.0371093750
0 0.6838378906 0.6572265625 0.0180664062 0.0371093750
0 0.7058105469 0.6577148438 0.0180664062 0.0380859375
0 0.6484375000 0.4565429688 0.0205078125 0.0136718750
0 0.6477050781 0.3833007812 0.0200195312 0.0126953125
1 0.4687500000 0.1176757812 0.0351562500 0.0166015625
1 0.4702148438 0.1418457031 0.0371093750 0.0151367188
1 0.4680175781 0.1652832031 0.0336914062 0.0141601562
1 0.5285644531 0.1184082031 0.0356445312 0.0151367188
1 0.5288085938 0.1423339844 0.0332031250 0.0151367188
1 0.5288085938 0.1669921875 0.0332031250 0.0166015625
1 0.5942382812 0.1201171875 0.0341796875 0.0156250000
1 0.5937500000 0.1430664062 0.0332031250 0.0166015625
1 0.5935058594 0.1691894531 0.0327148438 0.0180664062
1 0.4570312500 0.0773925781 0.0224609375 0.0551757812
1 0.6166992188 0.0786132812 0.0400390625 0.0625000000
3 0.8588867188 0.0341796875 0.1718750000 0.0683593750
0 0.8352050781 0.4604492188 0.0209960938 0.0146484375
0 0.7573242188 0.1577148438 0.0175781250 0.0117187500
3 0.8891601562 0.1486816406 0.2216796875 0.1791992188
3 0.8891601562 0.3515625000 0.2216796875 0.1582031250
3 0.8566894531 0.6879882812 0.2592773438 0.3525390625
3 0.4960937500 0.9123535156 0.4062500000 0.1586914062
3 0.1428222656 0.9123535156 0.2856445312 0.1655273438
3 0.2138671875 0.0817871094 0.2753906250 0.1166992188
2 0.3632812500 0.4113769531 0.5537109375 0.4956054688
0 0.5302734375 0.6796875000 0.0361328125 0.0224609375
