1 0.4545898438 0.2426757812 0.0693359375 0.1357421875
1 0.2304687500 0.9287109375 0.0371093750 0.0781250000
1 0.2304687500 0.8266601562 0.0312500000 0.0693359375
1 0.2333984375 0.7519531250 0.0429687500 0.0781250000
1 0.2993164062 0.8515625000 0.0400390625 0.0742187500
0 0.5234375000 0.1420898438 0.0644531250 0.0341796875
0 0.5908203125 0.2690429688 0.0761718750 0.0341796875
1 0.8032226562 0.1879882812 0.0341796875 0.0712890625
2 0.9096679688 0.3164062500 0.1806640625 0.1835937500
0 0.9340820312 0.1459960938 0.0634765625 0.0341796875
0 0.9882812500 0.4736328125 0.0234375000 0.0605468750
3 0.7001953125 0.5595703125 0.2421875000 0.5527343750
1 0.8408203125 0.4497070312 0.0371093750 0.0693359375
3 0.5004882812 0.5000000000 0.1162109375 0.2226562500
