0 0.9858398438 0.3325195312 0.0283203125 0.0634765625
3 0.9624023438 0.5263671875 0.0751953125 0.0781250000
0 0.9692382812 0.4448242188 0.0205078125 0.0419921875
3 0.9018554688 0.6171875000 0.1416015625 0.0761718750
3 0.8413085938 0.7031250000 0.1435546875 0.0761718750
3 0.7495117188 0.7963867188 0.1474609375 0.0830078125
3 0.7485351562 0.8891601562 0.1474609375 0.0791015625
0 0.9570312500 0.9916992188 0.0351562500 0.0166015625
0 0.9316406250 0.9707031250 0.0312500000 0.0351562500
0 0.9418945312 0.7900390625 0.0224609375 0.0429687500
1 0.9702148438 0.7636718750 0.0205078125 0.0410156250
1 0.9545898438 0.6992187500 0.0185546875 0.0429687500
3 0.4707031250 0.9121093750 0.0781250000 0.1484375000
3 0.3847656250 0.9140625000 0.0761718750 0.1445312500
0 0.3242187500 0.8984375000 0.0214843750 0.0468750000
1 0.2924804688 0.9345703125 0.0341796875 0.0566406250
0 0.1865234375 0.6669921875 0.0664062500 0.0312500000
0 0.2407226562 0.4897460938 0.0439453125 0.0205078125
0 0.5346679688 0.8847656250 0.0205078125 0.0410156250
3 0.3374023438 0.5297851562 0.1044921875 0.1826171875
1 0.0415039062 0.4018554688 0.0341796875 0.0654296875
1 0.4550781250 0.8125000000 0.0351562500 0.0195312500
0 0.5195312500 0.8120117188 0.0410156250 0.0205078125
2 0.4916992188 0.7207031250 0.1201171875 0.1210937500
1 0.3593750000 0.7373046875 0.0214843750 0.0410156250
1 0.3598632812 0.6762695312 0.0185546875 0.0439453125
1 0.4003906250 0.5576171875 0.0234375000 0.0488281250
0 0.4428710938 0.5639648438 0.0400390625 0.0283203125
0 0.0224609375 0.2084960938 0.0449218750 0.0205078125
1 0.0693359375 0.3378906250 0.0351562500 0.0351562500
0 0.0996093750 0.3754882812 0.0351562500 0.0361328125
0 0.1176757812 0.3940429688 0.0361328125 0.0361328125
1 0.1406250000 0.4155273438 0.0371093750 0.0400390625
1 0.1611328125 0.4443359375 0.0546875000 0.0546875000
2 0.1992187500 0.3120117188 0.1835937500 0.1904296875
0 0.3037109375 0.2319335938 0.0253906250 0.0517578125
0 0.3320312500 0.2314453125 0.0253906250 0.0507812500
0 0.3364257812 0.3876953125 0.0478515625 0.0214843750
0 0.4033203125 0.4057617188 0.0234375000 0.0419921875
0 0.4189453125 0.4409179688 0.0468750000 0.0166015625
0 0.4301757812 0.4809570312 0.0224609375 0.0419921875
3 0.5004882812 0.3725585938 0.1474609375 0.0810546875
1 0.5810546875 0.5161132812 0.0488281250 0.0224609375
2 0.7495117188 0.4033203125 0.0517578125 0.0429687500
0 0.7021484375 0.3979492188 0.0195312500 0.0419921875
0 0.6743164062 0.3994140625 0.0166015625 0.0429687500
2 0.7558593750 0.2705078125 0.0449218750 0.0527343750
1 0.8715820312 0.2949218750 0.0341796875 0.0214843750
2 0.5004882812 0.4926757812 0.1025390625 0.0888671875
2 0.8715820312 0.2490234375 0.0478515625 0.0527343750
0 0.9013671875 0.3383789062 0.0234375000 0.0517578125
0 0.7993164062 0.3999023438 0.0244140625 0.0458984375
0 0.8247070312 0.4008789062 0.0224609375 0.0419921875
0 0.8608398438 0.4536132812 0.0439453125 0.0185546875
2 0.8334960938 0.4985351562 0.0517578125 0.0498046875
3 0.7392578125 0.5283203125 0.1054687500 0.1796875000
2 0.6494140625 0.4775390625 0.0605468750 0.0585937500
0 0.6450195312 0.7207031250 0.0263671875 0.0429687500
1 0.6049804688 0.7260742188 0.0341796875 0.0634765625
0 0.7363281250 0.6313476562 0.0488281250 0.0224609375
0 0.7382812500 0.6591796875 0.0468750000 0.0234375000
1 0.6250000000 0.6708984375 0.0683593750 0.0332031250
1 0.6435546875 0.6010742188 0.0214843750 0.0419921875
1 0.5756835938 0.6562500000 0.0224609375 0.0429687500
0 0.9028320312 0.3959960938 0.0205078125 0.0498046875
0 0.8764648438 0.3979492188 0.0205078125 0.0458984375
0 0.8906250000 0.5073242188 0.0507812500 0.0224609375
0 0.8881835938 0.5400390625 0.0498046875 0.0273437500
2 0.8652343750 0.3403320312 0.0488281250 0.0556640625
3 0.4428710938 0.0981445312 0.7451171875 0.1943359375
0 0.7587890625 0.3217773438 0.0429687500 0.0185546875
0 0.8125000000 0.3208007812 0.0429687500 0.0185546875
0 0.8144531250 0.2944335938 0.0429687500 0.0185546875
0 0.7783203125 0.3608398438 0.0429687500 0.0185546875
1 0.7060546875 0.3212890625 0.0468750000 0.0175781250
1 0.6318359375 0.5366210938 0.0195312500 0.0380859375
0 0.6635742188 0.5400390625 0.0244140625 0.0410156250
1 0.5346679688 0.5991210938 0.0400390625 0.0185546875
1 0.5336914062 0.6264648438 0.0400390625 0.0185546875
0 0.3178710938 0.8208007812 0.0595703125 0.0302734375
3 0.4648437500 0.2714843750 0.0761718750 0.0839843750
