1 0.8071289062 0.2153320312 0.0458984375 0.0205078125
1 0.7270507812 0.2368164062 0.0537109375 0.0244140625
3 0.6860351562 0.3964843750 0.1552734375 0.2851562500
3 0.7993164062 0.4624023438 0.0634765625 0.2568359375
1 0.7587890625 0.5966796875 0.0195312500 0.0429687500
0 0.5336914062 0.2553710938 0.0185546875 0.0478515625
1 0.4677734375 0.2768554688 0.0644531250 0.0380859375
1 0.4829101562 0.4458007812 0.0205078125 0.0517578125
1 0.4223632812 0.2734375000 0.0185546875 0.0410156250
1 0.3354492188 0.2397460938 0.0400390625 0.0205078125
0 0.3027343750 0.2709960938 0.0664062500 0.0283203125
0 0.2294921875 0.3325195312 0.0292968750 0.0634765625
2 0.3720703125 0.3964843750 0.0917968750 0.0957031250
0 0.4223632812 0.5688476562 0.0458984375 0.0224609375
1 0.2514648438 0.4428710938 0.0185546875 0.0439453125
3 0.2392578125 0.5263671875 0.1425781250 0.0781250000
0 0.2124023438 0.4448242188 0.0205078125 0.0419921875
3 0.8959960938 0.8696289062 0.2021484375 0.2607421875
1 0.7519531250 0.9550781250 0.0351562500 0.0371093750
1 0.9174804688 0.6967773438 0.0283203125 0.0478515625
1 0.6513671875 0.6665039062 0.0332031250 0.0361328125
0 0.3027343750 0.6420898438 0.0507812500 0.0576171875
0 0.2778320312 0.6704101562 0.0537109375 0.0537109375
1 0.3613281250 0.6367187500 0.0312500000 0.0312500000
0 0.2758789062 0.5849609375 0.0419921875 0.0195312500
3 0.1450195312 0.6171875000 0.1416015625 0.0761718750
3 0.0844726562 0.7031250000 0.1435546875 0.0761718750
0 0.2001953125 0.9916992188 0.0351562500 0.0166015625
0 0.1748046875 0.9707031250 0.0312500000 0.0351562500
0 0.1850585938 0.7900390625 0.0224609375 0.0429687500
1 0.2133789062 0.7636718750 0.0205078125 0.0410156250
1 0.1977539062 0.6992187500 0.0185546875 0.0429687500
1 0.1147460938 0.2949218750 0.0341796875 0.0214843750
2 0.1147460938 0.2490234375 0.0478515625 0.0527343750
0 0.1445312500 0.3383789062 0.0234375000 0.0517578125
0 0.0424804688 0.3999023438 0.0244140625 0.0458984375
0 0.0678710938 0.4008789062 0.0224609375 0.0419921875
0 0.1040039062 0.4536132812 0.0439453125 0.0185546875
2 0.0766601562 0.4985351562 0.0517578125 0.0498046875
0 0.1459960938 0.3959960938 0.0205078125 0.0498046875
0 0.1196289062 0.3979492188 0.0205078125 0.0458984375
0 0.1337890625 0.5073242188 0.0507812500 0.0224609375
0 0.1313476562 0.5400390625 0.0498046875 0.0273437500
2 0.1083984375 0.3403320312 0.0488281250 0.0556640625
3 0.3774414062 0.0996093750 0.6240234375 0.1992187500
0 0.0117187500 0.3217773438 0.0234375000 0.0185546875
0 0.0556640625 0.3208007812 0.0429687500 0.0185546875
0 0.0576171875 0.2944335938 0.0429687500 0.0185546875
0 0.0214843750 0.3608398438 0.0429687500 0.0185546875
2 0.4609375000 0.8027343750 0.5312500000 0.3945312500
