0 0.0537109375 0.9145507812 0.0761718750 0.0322265625
2 0.5673828125 0.9628906250 0.1171875000 0.0742187500
0 0.5258789062 0.8837890625 0.0341796875 0.0742187500
0 0.5678710938 0.8857421875 0.0361328125 0.0742187500
0 0.6118164062 0.8867187500 0.0361328125 0.0761718750
0 0.4970703125 0.4843750000 0.0410156250 0.0273437500
0 0.4956054688 0.3378906250 0.0400390625 0.0253906250
0 0.8706054688 0.4921875000 0.0419921875 0.0292968750
3 0.8784179688 0.2744140625 0.2431640625 0.3164062500
0 0.2607421875 0.9306640625 0.0722656250 0.0449218750
