0 0.3491210938 0.4506835938 0.0673828125 0.0341796875
2 0.5131835938 0.4375000000 0.2216796875 0.1816406250
1 0.6518554688 0.5297851562 0.0634765625 0.0380859375
1 0.6689453125 0.3891601562 0.0800781250 0.0400390625
0 0.6601562500 0.3457031250 0.0800781250 0.0410156250
0 0.6752929688 0.4702148438 0.0712890625 0.0400390625
0 0.7456054688 0.3447265625 0.0712890625 0.0390625000
0 0.8535156250 0.3432617188 0.0761718750 0.0322265625
3 0.7929687500 0.8247070312 0.4140625000 0.3173828125
3 0.2856445312 0.8247070312 0.5712890625 0.3310546875
