1 0.8442382812 0.0327148438 0.0185546875 0.0439453125
3 0.8320312500 0.1162109375 0.1425781250 0.0781250000
0 0.8051757812 0.0346679688 0.0205078125 0.0419921875
1 0.9726562500 0.7426757812 0.0312500000 0.0380859375
0 0.8955078125 0.2319335938 0.0507812500 0.0576171875
0 0.8706054688 0.2602539062 0.0537109375 0.0537109375
1 0.9541015625 0.2265625000 0.0312500000 0.0312500000
0 0.8686523438 0.1748046875 0.0419921875 0.0195312500
3 0.7377929688 0.2070312500 0.1416015625 0.0761718750
3 0.6772460938 0.2929687500 0.1435546875 0.0761718750
3 0.5854492188 0.3862304688 0.1474609375 0.0830078125
3 0.5844726562 0.4790039062 0.1474609375 0.0791015625
3 0.5004882812 0.6005859375 0.0810546875 0.1445312500
3 0.4116210938 0.5996093750 0.0810546875 0.1464843750
1 0.8847656250 0.6459960938 0.0292968750 0.0341796875
1 0.8383789062 0.6098632812 0.0322265625 0.0361328125
0 0.7929687500 0.5898437500 0.0351562500 0.0332031250
0 0.7675781250 0.5605468750 0.0312500000 0.0351562500
3 0.7890625000 0.7167968750 0.1562500000 0.1523437500
1 0.4956054688 0.7817382812 0.0634765625 0.0322265625
1 0.4130859375 0.7812500000 0.0605468750 0.0351562500
0 0.7778320312 0.3798828125 0.0224609375 0.0429687500
1 0.8061523438 0.3535156250 0.0205078125 0.0410156250
1 0.7905273438 0.2890625000 0.0185546875 0.0429687500
2 0.2758789062 0.6967773438 0.1904296875 0.2294921875
3 0.0805664062 0.8505859375 0.1611328125 0.2812500000
3 0.3066406250 0.5019531250 0.0781250000 0.1484375000
3 0.2207031250 0.5039062500 0.0761718750 0.1445312500
0 0.1601562500 0.4882812500 0.0214843750 0.0468750000
1 0.1284179688 0.5244140625 0.0341796875 0.0566406250
0 0.0278320312 0.2568359375 0.0556640625 0.0312500000
0 0.0766601562 0.0795898438 0.0439453125 0.0205078125
0 0.3706054688 0.4746093750 0.0205078125 0.0410156250
3 0.1733398438 0.1196289062 0.1044921875 0.1826171875
1 0.2910156250 0.4023437500 0.0351562500 0.0195312500
0 0.3554687500 0.4018554688 0.0410156250 0.0205078125
2 0.3276367188 0.3105468750 0.1201171875 0.1210937500
1 0.1953125000 0.3271484375 0.0214843750 0.0410156250
1 0.1958007812 0.2661132812 0.0185546875 0.0439453125
1 0.2363281250 0.1474609375 0.0234375000 0.0488281250
0 0.2788085938 0.1538085938 0.0400390625 0.0283203125
0 0.2548828125 0.0307617188 0.0468750000 0.0166015625
0 0.2661132812 0.0708007812 0.0224609375 0.0419921875
1 0.4169921875 0.1059570312 0.0488281250 0.0224609375
2 0.3364257812 0.0825195312 0.1025390625 0.0888671875
0 0.6967773438 0.0434570312 0.0439453125 0.0185546875
2 0.6694335938 0.0883789062 0.0517578125 0.0498046875
3 0.5751953125 0.1181640625 0.1054687500 0.1796875000
2 0.4853515625 0.0673828125 0.0605468750 0.0585937500
0 0.4809570312 0.3105468750 0.0263671875 0.0429687500
1 0.4409179688 0.3159179688 0.0341796875 0.0634765625
0 0.5722656250 0.2211914062 0.0488281250 0.0224609375
0 0.5742187500 0.2490234375 0.0468750000 0.0234375000
1 0.4609375000 0.2607421875 0.0683593750 0.0332031250
1 0.4794921875 0.1909179688 0.0214843750 0.0419921875
1 0.4116210938 0.2460937500 0.0224609375 0.0429687500
0 0.7265625000 0.0971679688 0.0507812500 0.0224609375
0 0.7241210938 0.1298828125 0.0498046875 0.0273437500
3 0.4692382812 0.9125976562 0.6103515625 0.1748046875
1 0.4677734375 0.1264648438 0.0195312500 0.0380859375
0 0.4995117188 0.1298828125 0.0244140625 0.0410156250
1 0.3706054688 0.1889648438 0.0400390625 0.0185546875
1 0.3696289062 0.2163085938 0.0400390625 0.0185546875
0 0.1538085938 0.4106445312 0.0595703125 0.0302734375
