3 0.1079101562 0.3681640625 0.1455078125 0.0800781250
3 0.9125976562 0.7670898438 0.1474609375 0.0830078125
3 0.9116210938 0.8598632812 0.1474609375 0.0791015625
3 0.8276367188 0.9545898438 0.0810546875 0.0908203125
3 0.7387695312 0.9536132812 0.0810546875 0.0927734375
0 0.0771484375 0.9428710938 0.0507812500 0.0205078125
3 0.6337890625 0.8828125000 0.0781250000 0.1484375000
3 0.5478515625 0.8847656250 0.0761718750 0.1445312500
0 0.4873046875 0.8691406250 0.0214843750 0.0468750000
1 0.4555664062 0.9052734375 0.0341796875 0.0566406250
0 0.3496093750 0.6376953125 0.0664062500 0.0312500000
0 0.4038085938 0.4604492188 0.0439453125 0.0205078125
0 0.6977539062 0.8554687500 0.0205078125 0.0410156250
3 0.5004882812 0.5004882812 0.1044921875 0.1826171875
1 0.2045898438 0.3725585938 0.0341796875 0.0654296875
1 0.6181640625 0.7832031250 0.0351562500 0.0195312500
0 0.6826171875 0.7827148438 0.0410156250 0.0205078125
2 0.6547851562 0.6914062500 0.1201171875 0.1210937500
1 0.5224609375 0.7080078125 0.0214843750 0.0410156250
1 0.5229492188 0.6469726562 0.0185546875 0.0439453125
1 0.5634765625 0.5283203125 0.0234375000 0.0488281250
0 0.6059570312 0.5346679688 0.0400390625 0.0283203125
1 0.1245117188 0.1928710938 0.0263671875 0.0458984375
0 0.1523437500 0.3100585938 0.0703125000 0.0322265625
0 0.1855468750 0.1791992188 0.0449218750 0.0205078125
1 0.2324218750 0.3085937500 0.0351562500 0.0351562500
0 0.2626953125 0.3461914062 0.0351562500 0.0361328125
0 0.2807617188 0.3647460938 0.0361328125 0.0361328125
1 0.3037109375 0.3862304688 0.0371093750 0.0400390625
1 0.3242187500 0.4150390625 0.0546875000 0.0546875000
2 0.3623046875 0.2827148438 0.1835937500 0.1904296875
0 0.4667968750 0.2026367188 0.0253906250 0.0517578125
0 0.4951171875 0.2021484375 0.0253906250 0.0507812500
0 0.4995117188 0.3583984375 0.0478515625 0.0214843750
0 0.5664062500 0.3764648438 0.0234375000 0.0419921875
0 0.5820312500 0.4116210938 0.0468750000 0.0166015625
0 0.5932617188 0.4516601562 0.0224609375 0.0419921875
3 0.6635742188 0.3432617188 0.1474609375 0.0810546875
1 0.7441406250 0.4868164062 0.0488281250 0.0224609375
2 0.9125976562 0.3740234375 0.0517578125 0.0429687500
0 0.8652343750 0.3686523438 0.0195312500 0.0419921875
0 0.8374023438 0.3701171875 0.0166015625 0.0429687500
2 0.9189453125 0.2412109375 0.0449218750 0.0527343750
2 0.6635742188 0.4633789062 0.1025390625 0.0888671875
0 0.9624023438 0.3706054688 0.0244140625 0.0458984375
0 0.9877929688 0.3715820312 0.0224609375 0.0419921875
2 0.9853515625 0.4692382812 0.0292968750 0.0498046875
3 0.9023437500 0.4990234375 0.1054687500 0.1796875000
2 0.8125000000 0.4482421875 0.0605468750 0.0585937500
0 0.8081054688 0.6914062500 0.0263671875 0.0429687500
1 0.7680664062 0.6967773438 0.0341796875 0.0634765625
0 0.8994140625 0.6020507812 0.0488281250 0.0224609375
0 0.9013671875 0.6298828125 0.0468750000 0.0234375000
1 0.7880859375 0.6416015625 0.0683593750 0.0332031250
1 0.8066406250 0.5717773438 0.0214843750 0.0419921875
1 0.7387695312 0.6269531250 0.0224609375 0.0429687500
3 0.6059570312 0.0830078125 0.7451171875 0.1660156250
0 0.9218750000 0.2924804688 0.0429687500 0.0185546875
0 0.9755859375 0.2915039062 0.0429687500 0.0185546875
0 0.9775390625 0.2651367188 0.0429687500 0.0185546875
0 0.9414062500 0.3315429688 0.0429687500 0.0185546875
1 0.8691406250 0.2919921875 0.0468750000 0.0175781250
1 0.7949218750 0.5073242188 0.0195312500 0.0380859375
0 0.8266601562 0.5107421875 0.0244140625 0.0410156250
1 0.6977539062 0.5698242188 0.0400390625 0.0185546875
1 0.6967773438 0.5971679688 0.0400390625 0.0185546875
0 0.4809570312 0.7915039062 0.0595703125 0.0302734375
3 0.6279296875 0.2421875000 0.0761718750 0.0839843750
