2 0.3242187500 0.9628906250 0.1171875000 0.0742187500
0 0.2827148438 0.8837890625 0.0341796875 0.0742187500
0 0.3247070312 0.8857421875 0.0361328125 0.0742187500
0 0.3686523438 0.8867187500 0.0361328125 0.0761718750
0 0.2539062500 0.4843750000 0.0410156250 0.0273437500
0 0.2524414062 0.3378906250 0.0400390625 0.0253906250
0 0.6274414062 0.4921875000 0.0419921875 0.0292968750
3 0.7524414062 0.2744140625 0.4775390625 0.3164062500
3 0.6704101562 0.7973632812 0.5185546875 0.4052734375
0 0.0268554688 0.9306640625 0.0537109375 0.0449218750
