1 0.1801757812 0.2944335938 0.1376953125 0.0673828125
0 0.2187500000 0.6347656250 0.0742187500 0.0449218750
1 0.3486328125 0.4921875000 0.1464843750 0.0722656250
2 0.3608398438 0.3686523438 0.1630859375 0.1435546875
0 0.1816406250 0.2187500000 0.1113281250 0.0488281250
0 0.5024414062 0.5292968750 0.0380859375 0.0800781250
0 0.4838867188 0.4653320312 0.0712890625 0.0341796875
0 0.4980468750 0.4047851562 0.0800781250 0.0380859375
0 0.5068359375 0.3549804688 0.0761718750 0.0419921875
0 0.4931640625 0.2988281250 0.0742187500 0.0507812500
0 0.4970703125 0.2446289062 0.0742187500 0.0341796875
1 0.3330078125 0.2377929688 0.0781250000 0.0322265625
3 0.7084960938 0.8247070312 0.5830078125 0.3310546875
3 0.6816406250 0.3198242188 0.2441406250 0.6396484375
