0 0.2524414062 0.9697265625 0.0400390625 0.0253906250
1 0.0249023438 0.4399414062 0.0498046875 0.0302734375
1 0.0239257812 0.4877929688 0.0478515625 0.0302734375
1 0.0239257812 0.5371093750 0.0478515625 0.0332031250
1 0.1455078125 0.4433593750 0.0683593750 0.0312500000
1 0.1445312500 0.4892578125 0.0664062500 0.0332031250
1 0.1440429688 0.5415039062 0.0654296875 0.0361328125
1 0.1904296875 0.3603515625 0.0800781250 0.1250000000
3 0.6748046875 0.2211914062 0.3437500000 0.2373046875
0 0.4716796875 0.5185546875 0.0351562500 0.0234375000
3 0.7524414062 0.5004882812 0.4775390625 0.3583984375
3 0.7524414062 0.8740234375 0.4775390625 0.2519531250
