3 0.2685546875 0.1059570312 0.1855468750 0.2119140625
3 0.3432617188 0.5004882812 0.6865234375 0.5029296875
3 0.2622070312 0.8784179688 0.1806640625 0.2431640625
3 0.5053710938 0.1894531250 0.1455078125 0.0800781250
0 0.4746093750 0.7641601562 0.0507812500 0.0205078125
1 0.4946289062 0.8481445312 0.0400390625 0.0205078125
3 0.9453125000 0.7060546875 0.0761718750 0.1445312500
0 0.8847656250 0.6904296875 0.0214843750 0.0468750000
1 0.8530273438 0.7265625000 0.0341796875 0.0566406250
0 0.7470703125 0.4589843750 0.0664062500 0.0312500000
0 0.8012695312 0.2817382812 0.0439453125 0.0205078125
3 0.8979492188 0.3217773438 0.1044921875 0.1826171875
1 0.6020507812 0.1938476562 0.0341796875 0.0654296875
1 0.9199218750 0.5292968750 0.0214843750 0.0410156250
1 0.9204101562 0.4682617188 0.0185546875 0.0439453125
1 0.9609375000 0.3496093750 0.0234375000 0.0488281250
1 0.5219726562 0.0185546875 0.0263671875 0.0371093750
0 0.5498046875 0.1313476562 0.0703125000 0.0322265625
0 0.5830078125 0.0053710938 0.0449218750 0.0107421875
1 0.6298828125 0.1298828125 0.0351562500 0.0351562500
0 0.6601562500 0.1674804688 0.0351562500 0.0361328125
0 0.6782226562 0.1860351562 0.0361328125 0.0361328125
1 0.7011718750 0.2075195312 0.0371093750 0.0400390625
1 0.7216796875 0.2363281250 0.0546875000 0.0546875000
2 0.7597656250 0.1040039062 0.1835937500 0.1904296875
0 0.8642578125 0.0249023438 0.0253906250 0.0498046875
0 0.8925781250 0.0244140625 0.0253906250 0.0488281250
0 0.8969726562 0.1796875000 0.0478515625 0.0214843750
0 0.9638671875 0.1977539062 0.0234375000 0.0419921875
0 0.9780273438 0.2329101562 0.0439453125 0.0166015625
0 0.9897460938 0.2729492188 0.0205078125 0.0419921875
0 0.8784179688 0.6127929688 0.0595703125 0.0302734375
