0 0.9252929688 0.2553710938 0.0185546875 0.0478515625
1 0.8593750000 0.2768554688 0.0644531250 0.0380859375
1 0.8745117188 0.4458007812 0.0205078125 0.0517578125
1 0.8139648438 0.2734375000 0.0185546875 0.0410156250
1 0.7270507812 0.2397460938 0.0400390625 0.0205078125
0 0.6943359375 0.2709960938 0.0664062500 0.0283203125
0 0.6210937500 0.3325195312 0.0292968750 0.0634765625
2 0.7636718750 0.3964843750 0.0917968750 0.0957031250
0 0.8139648438 0.5688476562 0.0458984375 0.0224609375
1 0.6430664062 0.4428710938 0.0185546875 0.0439453125
3 0.6308593750 0.5263671875 0.1425781250 0.0781250000
0 0.6040039062 0.4448242188 0.0205078125 0.0419921875
0 0.6943359375 0.6420898438 0.0507812500 0.0576171875
0 0.6694335938 0.6704101562 0.0537109375 0.0537109375
1 0.7529296875 0.6367187500 0.0312500000 0.0312500000
0 0.6674804688 0.5849609375 0.0419921875 0.0195312500
3 0.5366210938 0.6171875000 0.1416015625 0.0761718750
3 0.4760742188 0.7031250000 0.1435546875 0.0761718750
3 0.3842773438 0.7963867188 0.1474609375 0.0830078125
3 0.3833007812 0.8891601562 0.1474609375 0.0791015625
0 0.5917968750 0.9916992188 0.0351562500 0.0166015625
0 0.5664062500 0.9707031250 0.0312500000 0.0351562500
0 0.5766601562 0.7900390625 0.0224609375 0.0429687500
1 0.6049804688 0.7636718750 0.0205078125 0.0410156250
1 0.5893554688 0.6992187500 0.0185546875 0.0429687500
3 0.1054687500 0.9121093750 0.0781250000 0.1484375000
3 0.0288085938 0.9140625000 0.0576171875 0.1445312500
0 0.1694335938 0.8847656250 0.0205078125 0.0410156250
1 0.0898437500 0.8125000000 0.0351562500 0.0195312500
0 0.1542968750 0.8120117188 0.0410156250 0.0205078125
2 0.1264648438 0.7207031250 0.1201171875 0.1210937500
1 0.0351562500 0.5576171875 0.0234375000 0.0488281250
0 0.0776367188 0.5639648438 0.0400390625 0.0283203125
0 0.0380859375 0.4057617188 0.0234375000 0.0419921875
0 0.0537109375 0.4409179688 0.0468750000 0.0166015625
0 0.0649414062 0.4809570312 0.0224609375 0.0419921875
3 0.1352539062 0.3725585938 0.1474609375 0.0810546875
1 0.2158203125 0.5161132812 0.0488281250 0.0224609375
2 0.3842773438 0.4033203125 0.0517578125 0.0429687500
0 0.3369140625 0.3979492188 0.0195312500 0.0419921875
0 0.3090820312 0.3994140625 0.0166015625 0.0429687500
2 0.3906250000 0.2705078125 0.0449218750 0.0527343750
1 0.5063476562 0.2949218750 0.0341796875 0.0214843750
2 0.1352539062 0.4926757812 0.1025390625 0.0888671875
2 0.5063476562 0.2490234375 0.0478515625 0.0527343750
0 0.5361328125 0.3383789062 0.0234375000 0.0517578125
0 0.4340820312 0.3999023438 0.0244140625 0.0458984375
0 0.4594726562 0.4008789062 0.0224609375 0.0419921875
0 0.4956054688 0.4536132812 0.0439453125 0.0185546875
2 0.4682617188 0.4985351562 0.0517578125 0.0498046875
3 0.3740234375 0.5283203125 0.1054687500 0.1796875000
2 0.2841796875 0.4775390625 0.0605468750 0.0585937500
0 0.2797851562 0.7207031250 0.0263671875 0.0429687500
1 0.2397460938 0.7260742188 0.0341796875 0.0634765625
0 0.3710937500 0.6313476562 0.0488281250 0.0224609375
0 0.3730468750 0.6591796875 0.0468750000 0.0234375000
1 0.2597656250 0.6708984375 0.0683593750 0.0332031250
1 0.2783203125 0.6010742188 0.0214843750 0.0419921875
1 0.2104492188 0.6562500000 0.0224609375 0.0429687500
0 0.5375976562 0.3959960938 0.0205078125 0.0498046875
0 0.5112304688 0.3979492188 0.0205078125 0.0458984375
0 0.5253906250 0.5073242188 0.0507812500 0.0224609375
0 0.5229492188 0.5400390625 0.0498046875 0.0273437500
2 0.5000000000 0.3403320312 0.0488281250 0.0556640625
3 0.2250976562 0.0981445312 0.4501953125 0.1943359375
3 0.7285156250 0.0996093750 0.5429687500 0.1992187500
0 0.3935546875 0.3217773438 0.0429687500 0.0185546875
0 0.4472656250 0.3208007812 0.0429687500 0.0185546875
0 0.4492187500 0.2944335938 0.0429687500 0.0185546875
0 0.4130859375 0.3608398438 0.0429687500 0.0185546875
1 0.3408203125 0.3212890625 0.0468750000 0.0175781250
1 0.2666015625 0.5366210938 0.0195312500 0.0380859375
0 0.2983398438 0.5400390625 0.0244140625 0.0410156250
1 0.1694335938 0.5991210938 0.0400390625 0.0185546875
1 0.1684570312 0.6264648438 0.0400390625 0.0185546875
2 0.7934570312 0.8027343750 0.4130859375 0.3945312500
3 0.0996093750 0.2714843750 0.0761718750 0.0839843750
