0 0.2539062500 0.7099609375 0.0410156250 0.0273437500
0 0.2524414062 0.5634765625 0.0400390625 0.0253906250
1 0.0249023438 0.0336914062 0.0498046875 0.0302734375
1 0.0239257812 0.0815429688 0.0478515625 0.0302734375
1 0.0239257812 0.1308593750 0.0478515625 0.0332031250
1 0.1455078125 0.0371093750 0.0683593750 0.0312500000
1 0.1445312500 0.0830078125 0.0664062500 0.0332031250
1 0.1440429688 0.1352539062 0.0654296875 0.0361328125
0 0.6274414062 0.7177734375 0.0419921875 0.0292968750
0 0.4716796875 0.1123046875 0.0351562500 0.0234375000
3 0.7524414062 0.1367187500 0.4775390625 0.2734375000
3 0.7524414062 0.5000000000 0.4775390625 0.3164062500
