3 0.7250976562 0.0825195312 0.1552734375 0.1650390625
3 0.8383789062 0.1083984375 0.0634765625 0.2167968750
1 0.7978515625 0.2226562500 0.0195312500 0.0429687500
1 0.5219726562 0.0717773438 0.0205078125 0.0517578125
2 0.4111328125 0.0351562500 0.0917968750 0.0703125000
0 0.4614257812 0.1948242188 0.0458984375 0.0224609375
1 0.2905273438 0.0688476562 0.0185546875 0.0439453125
3 0.2783203125 0.1523437500 0.1425781250 0.0781250000
0 0.2514648438 0.0708007812 0.0205078125 0.0419921875
3 0.9169921875 0.5170898438 0.1660156250 0.3037109375
0 0.8559570312 0.8642578125 0.0439453125 0.0253906250
0 0.8144531250 0.7226562500 0.0449218750 0.0234375000
0 0.8159179688 0.7631835938 0.0458984375 0.0224609375
0 0.8139648438 0.8007812500 0.0537109375 0.0273437500
1 0.7910156250 0.5810546875 0.0351562500 0.0371093750
1 0.6928710938 0.6840820312 0.0400390625 0.0380859375
0 0.5678710938 0.8037109375 0.0322265625 0.0332031250
1 0.4189453125 0.7788085938 0.0312500000 0.0380859375
1 0.9565429688 0.3227539062 0.0283203125 0.0478515625
1 0.6904296875 0.2924804688 0.0332031250 0.0361328125
0 0.3417968750 0.2680664062 0.0507812500 0.0576171875
0 0.3168945312 0.2963867188 0.0537109375 0.0537109375
1 0.4003906250 0.2626953125 0.0312500000 0.0312500000
0 0.3149414062 0.2109375000 0.0419921875 0.0195312500
3 0.1840820312 0.2431640625 0.1416015625 0.0761718750
3 0.1235351562 0.3291015625 0.1435546875 0.0761718750
3 0.0527343750 0.4223632812 0.1054687500 0.0830078125
3 0.0522460938 0.5151367188 0.1044921875 0.0791015625
1 0.3310546875 0.6821289062 0.0292968750 0.0341796875
1 0.2846679688 0.6459960938 0.0322265625 0.0361328125
0 0.2392578125 0.6259765625 0.0351562500 0.0332031250
0 0.2138671875 0.5966796875 0.0312500000 0.0351562500
3 0.2353515625 0.7529296875 0.1562500000 0.1523437500
0 0.2241210938 0.4160156250 0.0224609375 0.0429687500
1 0.2524414062 0.3896484375 0.0205078125 0.0410156250
1 0.2368164062 0.3251953125 0.0185546875 0.0429687500
2 0.0317382812 0.0292968750 0.0517578125 0.0429687500
0 0.0815429688 0.0258789062 0.0244140625 0.0458984375
0 0.1069335938 0.0268554688 0.0224609375 0.0419921875
0 0.1430664062 0.0795898438 0.0439453125 0.0185546875
2 0.1157226562 0.1245117188 0.0517578125 0.0498046875
3 0.0371093750 0.1542968750 0.0742187500 0.1796875000
0 0.0214843750 0.2573242188 0.0429687500 0.0224609375
0 0.0219726562 0.2851562500 0.0439453125 0.0234375000
0 0.1850585938 0.0234375000 0.0205078125 0.0468750000
0 0.1586914062 0.0239257812 0.0205078125 0.0458984375
0 0.1728515625 0.1333007812 0.0507812500 0.0224609375
0 0.1704101562 0.1660156250 0.0498046875 0.0273437500
3 0.4887695312 0.9282226562 0.5087890625 0.1435546875
2 0.5000000000 0.5000000000 0.5312500000 0.5371093750
0 0.9321289062 0.6899414062 0.0439453125 0.0185546875
