1 0.2543945312 0.1831054688 0.0693359375 0.1357421875
1 0.1303710938 0.9794921875 0.0361328125 0.0410156250
1 0.0854492188 0.9785156250 0.0380859375 0.0429687500
1 0.0327148438 0.9794921875 0.0361328125 0.0410156250
1 0.0302734375 0.8691406250 0.0371093750 0.0781250000
1 0.0302734375 0.7670898438 0.0312500000 0.0693359375
1 0.0332031250 0.6923828125 0.0429687500 0.0781250000
1 0.0991210938 0.7919921875 0.0400390625 0.0742187500
0 0.3232421875 0.0825195312 0.0644531250 0.0341796875
0 0.3906250000 0.2094726562 0.0761718750 0.0341796875
1 0.6030273438 0.1284179688 0.0341796875 0.0712890625
2 0.7294921875 0.2568359375 0.2207031250 0.1835937500
0 0.7338867188 0.0864257812 0.0634765625 0.0341796875
0 0.8115234375 0.1323242188 0.0566406250 0.0341796875
0 0.7934570312 0.4140625000 0.0341796875 0.0605468750
0 0.8105468750 0.4877929688 0.0625000000 0.0380859375
3 0.5000000000 0.5000000000 0.2421875000 0.5527343750
1 0.6406250000 0.3901367188 0.0371093750 0.0693359375
3 0.3002929688 0.4404296875 0.1162109375 0.2226562500
