3 0.2636718750 0.3100585938 0.1855468750 0.2197265625
3 0.3408203125 0.7084960938 0.6816406250 0.5029296875
3 0.5004882812 0.3974609375 0.1455078125 0.0800781250
0 0.4697265625 0.9721679688 0.0507812500 0.0205078125
3 0.9404296875 0.9140625000 0.0761718750 0.1445312500
0 0.8798828125 0.8984375000 0.0214843750 0.0468750000
1 0.8481445312 0.9345703125 0.0341796875 0.0566406250
0 0.7421875000 0.6669921875 0.0664062500 0.0312500000
0 0.7963867188 0.4897460938 0.0439453125 0.0205078125
3 0.8930664062 0.5297851562 0.1044921875 0.1826171875
1 0.5971679688 0.4018554688 0.0341796875 0.0654296875
1 0.9150390625 0.7373046875 0.0214843750 0.0410156250
1 0.9155273438 0.6762695312 0.0185546875 0.0439453125
1 0.9560546875 0.5576171875 0.0234375000 0.0488281250
0 0.9892578125 0.5639648438 0.0214843750 0.0283203125
1 0.5170898438 0.2221679688 0.0263671875 0.0458984375
0 0.5449218750 0.3393554688 0.0703125000 0.0322265625
0 0.5781250000 0.2084960938 0.0449218750 0.0205078125
1 0.6250000000 0.3378906250 0.0351562500 0.0351562500
0 0.6552734375 0.3754882812 0.0351562500 0.0361328125
0 0.6733398438 0.3940429688 0.0361328125 0.0361328125
1 0.6962890625 0.4155273438 0.0371093750 0.0400390625
1 0.7167968750 0.4443359375 0.0546875000 0.0546875000
2 0.7548828125 0.3120117188 0.1835937500 0.1904296875
0 0.8593750000 0.2319335938 0.0253906250 0.0517578125
0 0.8876953125 0.2314453125 0.0253906250 0.0507812500
0 0.8920898438 0.3876953125 0.0478515625 0.0214843750
0 0.9589843750 0.4057617188 0.0234375000 0.0419921875
0 0.9746093750 0.4409179688 0.0468750000 0.0166015625
0 0.9858398438 0.4809570312 0.0224609375 0.0419921875
3 0.8129882812 0.0981445312 0.3740234375 0.1943359375
0 0.8735351562 0.8208007812 0.0595703125 0.0302734375
