3 0.2001953125 0.6162109375 0.4003906250 0.2500000000
2 0.5000000000 0.5004882812 0.1171875000 0.1025390625
1 0.4570312500 0.5991210938 0.0410156250 0.0712890625
0 0.5019531250 0.6025390625 0.0390625000 0.0742187500
0 0.5463867188 0.6025390625 0.0361328125 0.0781250000
0 0.4584960938 0.4072265625 0.0341796875 0.0742187500
0 0.5004882812 0.4091796875 0.0361328125 0.0742187500
0 0.5444335938 0.4101562500 0.0361328125 0.0761718750
0 0.4296875000 0.0107421875 0.0410156250 0.0214843750
0 0.8032226562 0.0156250000 0.0419921875 0.0292968750
3 0.7934570312 0.4707031250 0.4130859375 0.7050781250
0 0.1933593750 0.4541015625 0.0722656250 0.0449218750
