3 0.1123046875 0.5214843750 0.2246093750 0.2500000000
2 0.3242187500 0.4057617188 0.1171875000 0.1025390625
1 0.2812500000 0.5043945312 0.0410156250 0.0712890625
0 0.3261718750 0.5078125000 0.0390625000 0.0742187500
0 0.3706054688 0.5078125000 0.0361328125 0.0781250000
0 0.2827148438 0.3125000000 0.0341796875 0.0742187500
0 0.3247070312 0.3144531250 0.0361328125 0.0742187500
0 0.3686523438 0.3154296875 0.0361328125 0.0761718750
3 0.6704101562 0.3759765625 0.5185546875 0.7050781250
0 0.0268554688 0.3593750000 0.0537109375 0.0449218750
