0 0.8891601562 0.1381835938 0.0185546875 0.0478515625
1 0.8232421875 0.1596679688 0.0644531250 0.0380859375
1 0.8383789062 0.3286132812 0.0205078125 0.0517578125
1 0.7778320312 0.1562500000 0.0185546875 0.0410156250
1 0.6909179688 0.1225585938 0.0400390625 0.0205078125
0 0.6582031250 0.1538085938 0.0664062500 0.0283203125
0 0.5849609375 0.2153320312 0.0292968750 0.0634765625
2 0.7275390625 0.2792968750 0.0917968750 0.0957031250
0 0.7778320312 0.4516601562 0.0458984375 0.0224609375
1 0.6069335938 0.3256835938 0.0185546875 0.0439453125
3 0.5947265625 0.4091796875 0.1425781250 0.0781250000
0 0.5678710938 0.3276367188 0.0205078125 0.0419921875
0 0.6582031250 0.5249023438 0.0507812500 0.0576171875
0 0.6333007812 0.5532226562 0.0537109375 0.0537109375
1 0.7167968750 0.5195312500 0.0312500000 0.0312500000
0 0.6313476562 0.4677734375 0.0419921875 0.0195312500
3 0.5004882812 0.5000000000 0.1416015625 0.0761718750
3 0.4399414062 0.5859375000 0.1435546875 0.0761718750
3 0.3481445312 0.6791992188 0.1474609375 0.0830078125
3 0.3471679688 0.7719726562 0.1474609375 0.0791015625
3 0.2631835938 0.8935546875 0.0810546875 0.1445312500
3 0.1743164062 0.8925781250 0.0810546875 0.1464843750
1 0.6474609375 0.9389648438 0.0292968750 0.0341796875
1 0.6010742188 0.9028320312 0.0322265625 0.0361328125
0 0.5556640625 0.8828125000 0.0351562500 0.0332031250
0 0.5302734375 0.8535156250 0.0312500000 0.0351562500
0 0.5405273438 0.6728515625 0.0224609375 0.0429687500
1 0.5688476562 0.6464843750 0.0205078125 0.0410156250
1 0.5532226562 0.5820312500 0.0185546875 0.0429687500
3 0.0693359375 0.7949218750 0.0781250000 0.1484375000
0 0.1333007812 0.7675781250 0.0205078125 0.0410156250
1 0.0537109375 0.6953125000 0.0351562500 0.0195312500
0 0.1181640625 0.6948242188 0.0410156250 0.0205078125
2 0.0903320312 0.6035156250 0.1201171875 0.1210937500
0 0.0415039062 0.4467773438 0.0400390625 0.0283203125
0 0.0068359375 0.2885742188 0.0136718750 0.0419921875
0 0.0205078125 0.3237304688 0.0410156250 0.0166015625
0 0.0288085938 0.3637695312 0.0224609375 0.0419921875
3 0.0991210938 0.2553710938 0.1474609375 0.0810546875
1 0.1796875000 0.3989257812 0.0488281250 0.0224609375
2 0.3481445312 0.2861328125 0.0517578125 0.0429687500
0 0.3007812500 0.2807617188 0.0195312500 0.0419921875
0 0.2729492188 0.2822265625 0.0166015625 0.0429687500
2 0.3544921875 0.1533203125 0.0449218750 0.0527343750
1 0.4702148438 0.1777343750 0.0341796875 0.0214843750
2 0.0991210938 0.3754882812 0.1025390625 0.0888671875
2 0.4702148438 0.1318359375 0.0478515625 0.0527343750
0 0.5000000000 0.2211914062 0.0234375000 0.0517578125
0 0.3979492188 0.2827148438 0.0244140625 0.0458984375
0 0.4233398438 0.2836914062 0.0224609375 0.0419921875
0 0.4594726562 0.3364257812 0.0439453125 0.0185546875
2 0.4321289062 0.3813476562 0.0517578125 0.0498046875
3 0.3378906250 0.4111328125 0.1054687500 0.1796875000
2 0.2480468750 0.3603515625 0.0605468750 0.0585937500
0 0.2436523438 0.6035156250 0.0263671875 0.0429687500
1 0.2036132812 0.6088867188 0.0341796875 0.0634765625
0 0.3349609375 0.5141601562 0.0488281250 0.0224609375
0 0.3369140625 0.5419921875 0.0468750000 0.0234375000
1 0.2236328125 0.5537109375 0.0683593750 0.0332031250
1 0.2421875000 0.4838867188 0.0214843750 0.0419921875
1 0.1743164062 0.5390625000 0.0224609375 0.0429687500
0 0.5014648438 0.2788085938 0.0205078125 0.0498046875
0 0.4750976562 0.2807617188 0.0205078125 0.0458984375
0 0.4892578125 0.3901367188 0.0507812500 0.0224609375
0 0.4868164062 0.4228515625 0.0498046875 0.0273437500
2 0.4638671875 0.2231445312 0.0488281250 0.0556640625
0 0.3574218750 0.2045898438 0.0429687500 0.0185546875
0 0.4111328125 0.2036132812 0.0429687500 0.0185546875
0 0.4130859375 0.1772460938 0.0429687500 0.0185546875
0 0.3769531250 0.2436523438 0.0429687500 0.0185546875
1 0.3046875000 0.2041015625 0.0468750000 0.0175781250
1 0.2304687500 0.4194335938 0.0195312500 0.0380859375
0 0.2622070312 0.4228515625 0.0244140625 0.0410156250
1 0.1333007812 0.4819335938 0.0400390625 0.0185546875
1 0.1323242188 0.5092773438 0.0400390625 0.0185546875
2 0.7753906250 0.7441406250 0.4492187500 0.5117187500
3 0.0634765625 0.1542968750 0.0761718750 0.0839843750
