1 0.2846679688 0.8012695312 0.1376953125 0.0673828125
1 0.4531250000 0.9814453125 0.1464843750 0.0371093750
2 0.4653320312 0.8754882812 0.1630859375 0.1435546875
0 0.2861328125 0.7255859375 0.1113281250 0.0488281250
3 0.5000000000 0.5000000000 0.2265625000 0.1171875000
0 0.5883789062 0.9721679688 0.0712890625 0.0341796875
0 0.6025390625 0.9116210938 0.0800781250 0.0380859375
0 0.6113281250 0.8618164062 0.0761718750 0.0419921875
0 0.5976562500 0.8056640625 0.0742187500 0.0507812500
0 0.6015625000 0.7514648438 0.0742187500 0.0341796875
1 0.4375000000 0.7446289062 0.0781250000 0.0322265625
1 0.3403320312 0.4370117188 0.0361328125 0.0693359375
1 0.2954101562 0.4379882812 0.0380859375 0.0751953125
1 0.2426757812 0.4389648438 0.0361328125 0.0732421875
1 0.2402343750 0.3125000000 0.0371093750 0.0781250000
1 0.2402343750 0.2104492188 0.0312500000 0.0693359375
1 0.2431640625 0.1357421875 0.0429687500 0.0781250000
1 0.3090820312 0.2353515625 0.0400390625 0.0742187500
3 0.7861328125 0.6201171875 0.2441406250 0.7597656250
