1 0.5500000000 0.5544642857 0.0642857143 0.0303571429
1 0.5526785714 0.5986607143 0.0678571429 0.0276785714
1 0.5486607143 0.6415178571 0.0616071429 0.0258928571
1 0.6593750000 0.5558035714 0.0651785714 0.0276785714
1 0.6598214286 0.5995535714 0.0607142857 0.0276785714
1 0.6598214286 0.6446428571 0.0607142857 0.0303571429
1 0.7794642857 0.5589285714 0.0625000000 0.0285714286
1 0.7785714286 0.6008928571 0.0607142857 0.0303571429
1 0.7781250000 0.6486607143 0.0598214286 0.0330357143
1 0.5285714286 0.4808035714 0.0410714286 0.1008928571
1 0.8205357143 0.4830357143 0.0732142857 0.1142857143
3 0.1678571429 0.4888392857 0.3357142857 0.2133928571
3 0.5004464286 0.1852678571 0.9080357143 0.3383928571
