1 0.3173363095 0.3738839286 0.0528273810 0.1034226190
1 0.2228422619 0.9825148810 0.0275297619 0.0349702381
1 0.1886160714 0.9817708333 0.0290178571 0.0364583333
1 0.1484375000 0.9825148810 0.0275297619 0.0349702381
1 0.1465773810 0.8965773810 0.0282738095 0.0595238095
1 0.1465773810 0.8188244048 0.0238095238 0.0528273810
1 0.1488095238 0.7619047619 0.0327380952 0.0595238095
1 0.1990327381 0.8377976190 0.0305059524 0.0565476190
0 0.3697916667 0.2972470238 0.0491071429 0.0260416667
0 0.4211309524 0.3939732143 0.0580357143 0.0260416667
1 0.5829613095 0.3322172619 0.0260416667 0.0543154762
2 0.6793154762 0.4300595238 0.1681547619 0.1398809524
0 0.6826636905 0.3002232143 0.0483630952 0.0260416667
0 0.7418154762 0.3351934524 0.0431547619 0.0260416667
0 0.7280505952 0.5498511905 0.0260416667 0.0461309524
0 0.7410714286 0.6060267857 0.0476190476 0.0290178571
3 0.5044642857 0.6153273810 0.1845238095 0.4211309524
1 0.6116071429 0.5316220238 0.0282738095 0.0528273810
3 0.8843005952 0.4073660714 0.2313988095 0.1778273810
3 0.5003720238 0.1357886905 0.8906250000 0.2715773810
3 0.3523065476 0.5699404762 0.0885416667 0.1696428571
