0 0.4838867188 0.1054687500 0.0361328125 0.0214843750
3 0.7319335938 0.1298828125 0.1455078125 0.1152343750
2 0.5410156250 0.2685546875 0.1503906250 0.1484375000
1 0.4472656250 0.1977539062 0.0175781250 0.0322265625
1 0.4907226562 0.1835937500 0.0322265625 0.0175781250
1 0.6269531250 0.2231445312 0.0175781250 0.0322265625
1 0.4570312500 0.3164062500 0.0156250000 0.0312500000
1 0.4741210938 0.3593750000 0.0166015625 0.0312500000
1 0.4912109375 0.3598632812 0.0175781250 0.0341796875
1 0.5083007812 0.3593750000 0.0185546875 0.0312500000
1 0.5351562500 0.3564453125 0.0351562500 0.0195312500
1 0.5791015625 0.3564453125 0.0332031250 0.0195312500
1 0.7153320312 0.3359375000 0.0185546875 0.0312500000
1 0.5288085938 0.5908203125 0.0166015625 0.0410156250
1 0.5737304688 0.5253906250 0.0146484375 0.0390625000
1 0.5966796875 0.5263671875 0.0195312500 0.0332031250
0 0.4375000000 0.3159179688 0.0195312500 0.0341796875
0 0.6376953125 0.2846679688 0.0332031250 0.0185546875
0 0.8408203125 0.1894531250 0.0214843750 0.0332031250
0 0.8603515625 0.1899414062 0.0195312500 0.0341796875
0 0.8803710938 0.1899414062 0.0224609375 0.0341796875
0 0.9013671875 0.1904296875 0.0214843750 0.0332031250
0 0.9208984375 0.1899414062 0.0195312500 0.0322265625
0 0.9926757812 0.1499023438 0.0146484375 0.0322265625
2 0.6723632812 0.3291015625 0.0615234375 0.0488281250
0 0.7500000000 0.4233398438 0.0195312500 0.0341796875
3 0.2060546875 0.7187500000 0.2460937500 0.2656250000
1 0.5800781250 0.6762695312 0.0332031250 0.0205078125
0 0.3515625000 0.6171875000 0.0410156250 0.0156250000
0 0.3520507812 0.6376953125 0.0419921875 0.0136718750
0 0.3525390625 0.6582031250 0.0390625000 0.0156250000
0 0.3520507812 0.6787109375 0.0419921875 0.0156250000
0 0.3530273438 0.6997070312 0.0400390625 0.0146484375
0 0.3515625000 0.7197265625 0.0410156250 0.0156250000
0 0.3525390625 0.7412109375 0.0410156250 0.0136718750
0 0.3520507812 0.7602539062 0.0380859375 0.0146484375
2 0.7338867188 0.5253906250 0.2470703125 0.1621093750
2 0.7338867188 0.7934570312 0.2587890625 0.2568359375
1 0.8720703125 0.6201171875 0.0136718750 0.0371093750
1 0.9296875000 0.6533203125 0.0410156250 0.0136718750
1 0.9838867188 0.6396484375 0.0322265625 0.0136718750
1 0.8862304688 0.6743164062 0.0322265625 0.0205078125
1 0.8867187500 0.6943359375 0.0332031250 0.0195312500
1 0.9667968750 0.8364257812 0.0332031250 0.0205078125
1 0.8876953125 0.9082031250 0.0332031250 0.0195312500
1 0.8862304688 0.9282226562 0.0419921875 0.0146484375
1 0.5805664062 0.9086914062 0.0341796875 0.0185546875
1 0.5800781250 0.9301757812 0.0410156250 0.0146484375
2 0.4174804688 0.8627929688 0.1396484375 0.1181640625
1 0.4990234375 0.8754882812 0.0156250000 0.0361328125
1 0.4726562500 0.9340820312 0.0332031250 0.0205078125
1 0.5468750000 0.9848632812 0.0410156250 0.0166015625
1 0.2036132812 0.9833984375 0.0263671875 0.0332031250
0 0.3037109375 0.9584960938 0.0351562500 0.0185546875
0 0.1386718750 0.9677734375 0.0156250000 0.0351562500
0 0.1176757812 0.9838867188 0.0166015625 0.0322265625
