1 0.2924804688 0.1259765625 0.0166015625 0.0410156250
1 0.3374023438 0.0605468750 0.0146484375 0.0390625000
1 0.3603515625 0.0615234375 0.0195312500 0.0332031250
1 0.3437500000 0.2114257812 0.0332031250 0.0205078125
0 0.1152343750 0.1523437500 0.0410156250 0.0156250000
0 0.1157226562 0.1728515625 0.0419921875 0.0136718750
0 0.1162109375 0.1933593750 0.0390625000 0.0156250000
0 0.1157226562 0.2138671875 0.0419921875 0.0156250000
0 0.1166992188 0.2348632812 0.0400390625 0.0146484375
0 0.1152343750 0.2548828125 0.0410156250 0.0156250000
0 0.1162109375 0.2763671875 0.0410156250 0.0136718750
0 0.1157226562 0.2954101562 0.0380859375 0.0146484375
2 0.4975585938 0.0708007812 0.2470703125 0.1416015625
2 0.4975585938 0.3286132812 0.2587890625 0.2568359375
1 0.6357421875 0.1552734375 0.0136718750 0.0371093750
1 0.6933593750 0.1884765625 0.0410156250 0.0136718750
1 0.7519531250 0.1748046875 0.0410156250 0.0136718750
1 0.6499023438 0.2094726562 0.0322265625 0.0205078125
1 0.6503906250 0.2294921875 0.0332031250 0.0195312500
2 0.7802734375 0.2915039062 0.1171875000 0.1376953125
1 0.7304687500 0.3715820312 0.0332031250 0.0205078125
1 0.8271484375 0.3769531250 0.0410156250 0.0136718750
1 0.6513671875 0.4433593750 0.0332031250 0.0195312500
1 0.6499023438 0.4633789062 0.0419921875 0.0146484375
1 0.3442382812 0.4438476562 0.0341796875 0.0185546875
1 0.3437500000 0.4653320312 0.0410156250 0.0146484375
2 0.1811523438 0.3979492188 0.1396484375 0.1181640625
1 0.2626953125 0.4106445312 0.0156250000 0.0361328125
1 0.2363281250 0.4692382812 0.0332031250 0.0205078125
1 0.3105468750 0.5200195312 0.0410156250 0.0166015625
1 0.0258789062 0.5786132812 0.0263671875 0.0439453125
0 0.0673828125 0.4936523438 0.0351562500 0.0185546875
3 0.5000000000 0.7910156250 0.6953125000 0.2421875000
1 0.9462890625 0.0092773438 0.0351562500 0.0185546875
1 0.8457031250 0.0502929688 0.0273437500 0.0458984375
1 0.8764648438 0.0498046875 0.0283203125 0.0449218750
1 0.9052734375 0.0498046875 0.0292968750 0.0468750000
1 0.9365234375 0.0498046875 0.0273437500 0.0468750000
0 0.8789062500 0.1860351562 0.0390625000 0.0146484375
0 0.8789062500 0.2070312500 0.0390625000 0.0136718750
0 0.8789062500 0.2270507812 0.0410156250 0.0146484375
0 0.8789062500 0.2480468750 0.0410156250 0.0136718750
0 0.8789062500 0.2680664062 0.0410156250 0.0146484375
0 0.8789062500 0.2880859375 0.0390625000 0.0136718750
0 0.8789062500 0.3085937500 0.0410156250 0.0156250000
0 0.8789062500 0.3286132812 0.0410156250 0.0146484375
1 0.9892578125 0.4091796875 0.0214843750 0.0156250000
0 0.9760742188 0.6582031250 0.0185546875 0.0332031250
0 0.8569335938 0.4785156250 0.0185546875 0.0332031250
0 0.9335937500 0.5097656250 0.0332031250 0.0195312500
0 0.9316406250 0.4692382812 0.0195312500 0.0322265625
1 0.8974609375 0.5107421875 0.0332031250 0.0195312500
1 0.9555664062 0.6210937500 0.0185546875 0.0390625000
1 0.9755859375 0.6210937500 0.0175781250 0.0332031250
0 0.1083984375 0.6127929688 0.0351562500 0.0185546875
0 0.1083984375 0.6533203125 0.0351562500 0.0195312500
0 0.1420898438 0.6123046875 0.0341796875 0.0195312500
0 0.1757812500 0.6123046875 0.0351562500 0.0195312500
0 0.2094726562 0.6123046875 0.0341796875 0.0195312500
0 0.2436523438 0.6123046875 0.0341796875 0.0195312500
0 0.2778320312 0.6123046875 0.0341796875 0.0195312500
0 0.3120117188 0.6113281250 0.0341796875 0.0195312500
0 0.1420898438 0.6528320312 0.0341796875 0.0205078125
0 0.1762695312 0.6528320312 0.0361328125 0.0205078125
0 0.2094726562 0.6523437500 0.0361328125 0.0195312500
0 0.2436523438 0.6528320312 0.0341796875 0.0205078125
0 0.2778320312 0.6523437500 0.0341796875 0.0195312500
0 0.3120117188 0.6523437500 0.0341796875 0.0195312500
0 0.3461914062 0.6518554688 0.0341796875 0.0205078125
0 0.3793945312 0.6518554688 0.0341796875 0.0205078125
0 0.3461914062 0.6113281250 0.0341796875 0.0214843750
0 0.3798828125 0.6113281250 0.0351562500 0.0214843750
0 0.4130859375 0.6113281250 0.0351562500 0.0195312500
0 0.4135742188 0.6508789062 0.0361328125 0.0205078125
0 0.4472656250 0.6113281250 0.0351562500 0.0195312500
0 0.4477539062 0.6508789062 0.0341796875 0.0205078125
1 0.1079101562 0.6333007812 0.0341796875 0.0205078125
1 0.1416015625 0.6323242188 0.0351562500 0.0205078125
1 0.1757812500 0.6323242188 0.0351562500 0.0205078125
1 0.2094726562 0.6323242188 0.0341796875 0.0185546875
1 0.2441406250 0.6318359375 0.0351562500 0.0195312500
1 0.2778320312 0.6323242188 0.0341796875 0.0205078125
1 0.3115234375 0.6318359375 0.0351562500 0.0195312500
1 0.3457031250 0.6318359375 0.0351562500 0.0195312500
1 0.3798828125 0.6313476562 0.0351562500 0.0205078125
1 0.4135742188 0.6313476562 0.0361328125 0.0205078125
1 0.4477539062 0.6313476562 0.0341796875 0.0205078125
1 0.4819335938 0.6308593750 0.0341796875 0.0214843750
1 0.5156250000 0.6308593750 0.0351562500 0.0214843750
1 0.5498046875 0.6308593750 0.0351562500 0.0214843750
1 0.5834960938 0.6303710938 0.0341796875 0.0205078125
1 0.6171875000 0.6303710938 0.0351562500 0.0205078125
1 0.6513671875 0.6303710938 0.0351562500 0.0205078125
1 0.6850585938 0.6303710938 0.0341796875 0.0205078125
1 0.7187500000 0.6308593750 0.0351562500 0.0195312500
1 0.7529296875 0.6298828125 0.0351562500 0.0195312500
1 0.7866210938 0.6293945312 0.0341796875 0.0205078125
1 0.8208007812 0.6289062500 0.0341796875 0.0195312500
1 0.8544921875 0.6289062500 0.0351562500 0.0195312500
1 0.8876953125 0.6293945312 0.0351562500 0.0185546875
0 0.5498046875 0.6103515625 0.0351562500 0.0195312500
0 0.5830078125 0.6103515625 0.0351562500 0.0195312500
0 0.6171875000 0.6098632812 0.0351562500 0.0205078125
0 0.6513671875 0.6098632812 0.0351562500 0.0205078125
0 0.6850585938 0.6098632812 0.0341796875 0.0205078125
0 0.7192382812 0.6098632812 0.0341796875 0.0205078125
0 0.7529296875 0.6098632812 0.0351562500 0.0205078125
0 0.7866210938 0.6093750000 0.0341796875 0.0195312500
0 0.8208007812 0.6093750000 0.0341796875 0.0195312500
0 0.8540039062 0.6088867188 0.0341796875 0.0205078125
0 0.8872070312 0.6088867188 0.0341796875 0.0205078125
0 0.5493164062 0.6503906250 0.0361328125 0.0195312500
0 0.5830078125 0.6508789062 0.0351562500 0.0205078125
0 0.6171875000 0.6499023438 0.0351562500 0.0205078125
0 0.6513671875 0.6503906250 0.0351562500 0.0195312500
0 0.6850585938 0.6503906250 0.0341796875 0.0195312500
0 0.7187500000 0.6499023438 0.0351562500 0.0205078125
0 0.7529296875 0.6494140625 0.0351562500 0.0214843750
0 0.7871093750 0.6499023438 0.0351562500 0.0205078125
0 0.8203125000 0.6489257812 0.0351562500 0.0205078125
0 0.8544921875 0.6499023438 0.0351562500 0.0205078125
0 0.8876953125 0.6484375000 0.0332031250 0.0214843750
0 0.4814453125 0.6513671875 0.0351562500 0.0195312500
0 0.5151367188 0.6508789062 0.0341796875 0.0185546875
0 0.4814453125 0.6103515625 0.0351562500 0.0195312500
0 0.5156250000 0.6108398438 0.0351562500 0.0205078125
