2 0.5410156250 0.0620117188 0.1503906250 0.1240234375
1 0.6269531250 0.0102539062 0.0175781250 0.0205078125
1 0.4570312500 0.0976562500 0.0156250000 0.0312500000
1 0.4741210938 0.1406250000 0.0166015625 0.0312500000
1 0.4912109375 0.1411132812 0.0175781250 0.0341796875
1 0.5083007812 0.1406250000 0.0185546875 0.0312500000
1 0.5351562500 0.1376953125 0.0351562500 0.0195312500
1 0.5791015625 0.1376953125 0.0332031250 0.0195312500
1 0.7153320312 0.1171875000 0.0185546875 0.0312500000
1 0.5288085938 0.3720703125 0.0166015625 0.0410156250
1 0.5737304688 0.3066406250 0.0146484375 0.0390625000
1 0.5966796875 0.3076171875 0.0195312500 0.0332031250
0 0.4375000000 0.0971679688 0.0195312500 0.0341796875
0 0.6376953125 0.0659179688 0.0332031250 0.0185546875
2 0.6723632812 0.1103515625 0.0615234375 0.0488281250
0 0.7500000000 0.2045898438 0.0195312500 0.0341796875
3 0.2060546875 0.5000000000 0.2460937500 0.2656250000
1 0.5800781250 0.4575195312 0.0332031250 0.0205078125
0 0.3515625000 0.3984375000 0.0410156250 0.0156250000
0 0.3520507812 0.4189453125 0.0419921875 0.0136718750
0 0.3525390625 0.4394531250 0.0390625000 0.0156250000
0 0.3520507812 0.4599609375 0.0419921875 0.0156250000
0 0.3530273438 0.4809570312 0.0400390625 0.0146484375
0 0.3515625000 0.5009765625 0.0410156250 0.0156250000
0 0.3525390625 0.5224609375 0.0410156250 0.0136718750
0 0.3520507812 0.5415039062 0.0380859375 0.0146484375
2 0.7338867188 0.3066406250 0.2470703125 0.1621093750
2 0.7338867188 0.5747070312 0.2587890625 0.2568359375
1 0.8720703125 0.4013671875 0.0136718750 0.0371093750
1 0.9296875000 0.4345703125 0.0410156250 0.0136718750
1 0.9838867188 0.4208984375 0.0322265625 0.0136718750
1 0.8862304688 0.4555664062 0.0322265625 0.0205078125
1 0.8867187500 0.4755859375 0.0332031250 0.0195312500
1 0.9667968750 0.6176757812 0.0332031250 0.0205078125
1 0.8876953125 0.6894531250 0.0332031250 0.0195312500
1 0.8862304688 0.7094726562 0.0419921875 0.0146484375
1 0.5805664062 0.6899414062 0.0341796875 0.0185546875
1 0.5800781250 0.7114257812 0.0410156250 0.0146484375
2 0.4174804688 0.6440429688 0.1396484375 0.1181640625
1 0.4990234375 0.6567382812 0.0156250000 0.0361328125
1 0.4726562500 0.7153320312 0.0332031250 0.0205078125
1 0.5468750000 0.7661132812 0.0410156250 0.0166015625
1 0.2622070312 0.8247070312 0.0263671875 0.0439453125
1 0.2314453125 0.8237304688 0.0234375000 0.0439453125
1 0.2001953125 0.8256835938 0.0273437500 0.0439453125
1 0.2036132812 0.7705078125 0.0263671875 0.0449218750
0 0.3037109375 0.7397460938 0.0351562500 0.0185546875
0 0.1386718750 0.7490234375 0.0156250000 0.0351562500
0 0.1176757812 0.7680664062 0.0166015625 0.0380859375
0 0.1176757812 0.8129882812 0.0146484375 0.0361328125
2 0.1586914062 0.8076171875 0.0576171875 0.0566406250
0 0.3447265625 0.8588867188 0.0351562500 0.0185546875
0 0.3447265625 0.8994140625 0.0351562500 0.0195312500
0 0.3784179688 0.8583984375 0.0341796875 0.0195312500
0 0.4121093750 0.8583984375 0.0351562500 0.0195312500
0 0.4458007812 0.8583984375 0.0341796875 0.0195312500
0 0.4799804688 0.8583984375 0.0341796875 0.0195312500
0 0.5141601562 0.8583984375 0.0341796875 0.0195312500
0 0.5483398438 0.8574218750 0.0341796875 0.0195312500
0 0.3784179688 0.8989257812 0.0341796875 0.0205078125
0 0.4125976562 0.8989257812 0.0361328125 0.0205078125
0 0.4458007812 0.8984375000 0.0361328125 0.0195312500
0 0.4799804688 0.8989257812 0.0341796875 0.0205078125
0 0.5141601562 0.8984375000 0.0341796875 0.0195312500
0 0.5483398438 0.8984375000 0.0341796875 0.0195312500
0 0.5825195312 0.8979492188 0.0341796875 0.0205078125
0 0.6157226562 0.8979492188 0.0341796875 0.0205078125
0 0.5825195312 0.8574218750 0.0341796875 0.0214843750
0 0.6162109375 0.8574218750 0.0351562500 0.0214843750
0 0.6494140625 0.8574218750 0.0351562500 0.0195312500
0 0.6499023438 0.8969726562 0.0361328125 0.0205078125
0 0.6835937500 0.8574218750 0.0351562500 0.0195312500
0 0.6840820312 0.8969726562 0.0341796875 0.0205078125
1 0.3442382812 0.8793945312 0.0341796875 0.0205078125
1 0.3779296875 0.8784179688 0.0351562500 0.0205078125
1 0.4121093750 0.8784179688 0.0351562500 0.0205078125
1 0.4458007812 0.8784179688 0.0341796875 0.0185546875
1 0.4804687500 0.8779296875 0.0351562500 0.0195312500
1 0.5141601562 0.8784179688 0.0341796875 0.0205078125
1 0.5478515625 0.8779296875 0.0351562500 0.0195312500
1 0.5820312500 0.8779296875 0.0351562500 0.0195312500
1 0.6162109375 0.8774414062 0.0351562500 0.0205078125
1 0.6499023438 0.8774414062 0.0361328125 0.0205078125
1 0.6840820312 0.8774414062 0.0341796875 0.0205078125
1 0.7182617188 0.8769531250 0.0341796875 0.0214843750
1 0.7519531250 0.8769531250 0.0351562500 0.0214843750
1 0.7861328125 0.8769531250 0.0351562500 0.0214843750
1 0.8198242188 0.8764648438 0.0341796875 0.0205078125
1 0.8535156250 0.8764648438 0.0351562500 0.0205078125
1 0.8876953125 0.8764648438 0.0351562500 0.0205078125
1 0.9213867188 0.8764648438 0.0341796875 0.0205078125
1 0.9550781250 0.8769531250 0.0351562500 0.0195312500
1 0.9858398438 0.8759765625 0.0283203125 0.0195312500
0 0.7861328125 0.8564453125 0.0351562500 0.0195312500
0 0.8193359375 0.8564453125 0.0351562500 0.0195312500
0 0.8535156250 0.8559570312 0.0351562500 0.0205078125
0 0.8876953125 0.8559570312 0.0351562500 0.0205078125
0 0.9213867188 0.8559570312 0.0341796875 0.0205078125
0 0.9555664062 0.8559570312 0.0341796875 0.0205078125
0 0.9858398438 0.8559570312 0.0283203125 0.0205078125
0 0.7856445312 0.8964843750 0.0361328125 0.0195312500
0 0.8193359375 0.8969726562 0.0351562500 0.0205078125
0 0.8535156250 0.8959960938 0.0351562500 0.0205078125
0 0.8876953125 0.8964843750 0.0351562500 0.0195312500
0 0.9213867188 0.8964843750 0.0341796875 0.0195312500
0 0.9550781250 0.8959960938 0.0351562500 0.0205078125
0 0.9858398438 0.8955078125 0.0283203125 0.0214843750
0 0.7177734375 0.8974609375 0.0351562500 0.0195312500
0 0.7514648438 0.8969726562 0.0341796875 0.0185546875
0 0.7177734375 0.8564453125 0.0351562500 0.0195312500
0 0.7519531250 0.8569335938 0.0351562500 0.0205078125
