1 0.2236328125 0.0234375000 0.0156250000 0.0312500000
1 0.2407226562 0.0664062500 0.0166015625 0.0312500000
1 0.2578125000 0.0668945312 0.0175781250 0.0341796875
1 0.2749023438 0.0664062500 0.0185546875 0.0312500000
1 0.3017578125 0.0634765625 0.0351562500 0.0195312500
1 0.3457031250 0.0634765625 0.0332031250 0.0195312500
1 0.4819335938 0.0429687500 0.0185546875 0.0312500000
1 0.2954101562 0.2978515625 0.0166015625 0.0410156250
1 0.3403320312 0.2324218750 0.0146484375 0.0390625000
1 0.3632812500 0.2333984375 0.0195312500 0.0332031250
0 0.2041015625 0.0229492188 0.0195312500 0.0341796875
2 0.4389648438 0.0361328125 0.0615234375 0.0488281250
0 0.5166015625 0.1303710938 0.0195312500 0.0341796875
1 0.3466796875 0.3833007812 0.0332031250 0.0205078125
0 0.1181640625 0.3242187500 0.0410156250 0.0156250000
0 0.1186523438 0.3447265625 0.0419921875 0.0136718750
0 0.1191406250 0.3652343750 0.0390625000 0.0156250000
0 0.1186523438 0.3857421875 0.0419921875 0.0156250000
0 0.1196289062 0.4067382812 0.0400390625 0.0146484375
0 0.1181640625 0.4267578125 0.0410156250 0.0156250000
0 0.1191406250 0.4482421875 0.0410156250 0.0136718750
0 0.1186523438 0.4672851562 0.0380859375 0.0146484375
2 0.5004882812 0.2324218750 0.2470703125 0.1621093750
2 0.5004882812 0.5004882812 0.2587890625 0.2568359375
1 0.6386718750 0.3271484375 0.0136718750 0.0371093750
1 0.6962890625 0.3603515625 0.0410156250 0.0136718750
1 0.7548828125 0.3466796875 0.0410156250 0.0136718750
1 0.6528320312 0.3813476562 0.0322265625 0.0205078125
1 0.6533203125 0.4013671875 0.0332031250 0.0195312500
2 0.7832031250 0.4633789062 0.1171875000 0.1376953125
1 0.7333984375 0.5434570312 0.0332031250 0.0205078125
1 0.8300781250 0.5488281250 0.0410156250 0.0136718750
1 0.6542968750 0.6152343750 0.0332031250 0.0195312500
1 0.6528320312 0.6352539062 0.0419921875 0.0146484375
1 0.3471679688 0.6157226562 0.0341796875 0.0185546875
1 0.3466796875 0.6372070312 0.0410156250 0.0146484375
2 0.1840820312 0.5698242188 0.1396484375 0.1181640625
1 0.2656250000 0.5825195312 0.0156250000 0.0361328125
1 0.2392578125 0.6411132812 0.0332031250 0.0205078125
1 0.3134765625 0.6918945312 0.0410156250 0.0166015625
1 0.0288085938 0.7504882812 0.0263671875 0.0439453125
0 0.0703125000 0.6655273438 0.0351562500 0.0185546875
3 0.5029296875 0.9208984375 0.6953125000 0.1582031250
1 0.9355468750 0.0170898438 0.0468750000 0.0263671875
1 0.9360351562 0.0532226562 0.0458984375 0.0283203125
1 0.8784179688 0.0166015625 0.0458984375 0.0273437500
1 0.8798828125 0.0532226562 0.0468750000 0.0263671875
1 0.8349609375 0.0981445312 0.0332031250 0.0185546875
1 0.9692382812 0.0893554688 0.0185546875 0.0341796875
1 0.8608398438 0.1367187500 0.0166015625 0.0410156250
1 0.9492187500 0.1806640625 0.0351562500 0.0195312500
1 0.8486328125 0.2221679688 0.0273437500 0.0458984375
1 0.8793945312 0.2216796875 0.0283203125 0.0449218750
1 0.9082031250 0.2216796875 0.0292968750 0.0468750000
1 0.9394531250 0.2216796875 0.0273437500 0.0468750000
0 0.8676757812 0.0986328125 0.0341796875 0.0195312500
0 0.9428710938 0.0961914062 0.0341796875 0.0185546875
0 0.9438476562 0.1625976562 0.0341796875 0.0185546875
0 0.8818359375 0.3579101562 0.0390625000 0.0146484375
0 0.8818359375 0.3789062500 0.0390625000 0.0136718750
0 0.8818359375 0.3989257812 0.0410156250 0.0146484375
0 0.8818359375 0.4199218750 0.0410156250 0.0136718750
0 0.8818359375 0.4399414062 0.0410156250 0.0146484375
0 0.8818359375 0.4599609375 0.0390625000 0.0136718750
0 0.8818359375 0.4804687500 0.0410156250 0.0156250000
0 0.8818359375 0.5004882812 0.0410156250 0.0146484375
0 0.9790039062 0.8300781250 0.0185546875 0.0332031250
0 0.8598632812 0.6503906250 0.0185546875 0.0332031250
0 0.9365234375 0.6816406250 0.0332031250 0.0195312500
0 0.9345703125 0.6411132812 0.0195312500 0.0322265625
1 0.9003906250 0.6826171875 0.0332031250 0.0195312500
1 0.9584960938 0.7929687500 0.0185546875 0.0390625000
1 0.9785156250 0.7929687500 0.0175781250 0.0332031250
0 0.1113281250 0.7846679688 0.0351562500 0.0185546875
0 0.1113281250 0.8251953125 0.0351562500 0.0195312500
0 0.1450195312 0.7841796875 0.0341796875 0.0195312500
0 0.1787109375 0.7841796875 0.0351562500 0.0195312500
0 0.2124023438 0.7841796875 0.0341796875 0.0195312500
0 0.2465820312 0.7841796875 0.0341796875 0.0195312500
0 0.2807617188 0.7841796875 0.0341796875 0.0195312500
0 0.3149414062 0.7832031250 0.0341796875 0.0195312500
0 0.1450195312 0.8247070312 0.0341796875 0.0205078125
0 0.1791992188 0.8247070312 0.0361328125 0.0205078125
0 0.2124023438 0.8242187500 0.0361328125 0.0195312500
0 0.2465820312 0.8247070312 0.0341796875 0.0205078125
0 0.2807617188 0.8242187500 0.0341796875 0.0195312500
0 0.3149414062 0.8242187500 0.0341796875 0.0195312500
0 0.3491210938 0.8237304688 0.0341796875 0.0205078125
0 0.3823242188 0.8237304688 0.0341796875 0.0205078125
0 0.3491210938 0.7832031250 0.0341796875 0.0214843750
0 0.3828125000 0.7832031250 0.0351562500 0.0214843750
0 0.4160156250 0.7832031250 0.0351562500 0.0195312500
0 0.4165039062 0.8227539062 0.0361328125 0.0205078125
0 0.4501953125 0.7832031250 0.0351562500 0.0195312500
0 0.4506835938 0.8227539062 0.0341796875 0.0205078125
1 0.1108398438 0.8051757812 0.0341796875 0.0205078125
1 0.1445312500 0.8041992188 0.0351562500 0.0205078125
1 0.1787109375 0.8041992188 0.0351562500 0.0205078125
1 0.2124023438 0.8041992188 0.0341796875 0.0185546875
1 0.2470703125 0.8037109375 0.0351562500 0.0195312500
1 0.2807617188 0.8041992188 0.0341796875 0.0205078125
1 0.3144531250 0.8037109375 0.0351562500 0.0195312500
1 0.3486328125 0.8037109375 0.0351562500 0.0195312500
1 0.3828125000 0.8032226562 0.0351562500 0.0205078125
1 0.4165039062 0.8032226562 0.0361328125 0.0205078125
1 0.4506835938 0.8032226562 0.0341796875 0.0205078125
1 0.4848632812 0.8027343750 0.0341796875 0.0214843750
1 0.5185546875 0.8027343750 0.0351562500 0.0214843750
1 0.5527343750 0.8027343750 0.0351562500 0.0214843750
1 0.5864257812 0.8022460938 0.0341796875 0.0205078125
1 0.6201171875 0.8022460938 0.0351562500 0.0205078125
1 0.6542968750 0.8022460938 0.0351562500 0.0205078125
1 0.6879882812 0.8022460938 0.0341796875 0.0205078125
1 0.7216796875 0.8027343750 0.0351562500 0.0195312500
1 0.7558593750 0.8017578125 0.0351562500 0.0195312500
1 0.7895507812 0.8012695312 0.0341796875 0.0205078125
1 0.8237304688 0.8007812500 0.0341796875 0.0195312500
1 0.8574218750 0.8007812500 0.0351562500 0.0195312500
1 0.8906250000 0.8012695312 0.0351562500 0.0185546875
0 0.5527343750 0.7822265625 0.0351562500 0.0195312500
0 0.5859375000 0.7822265625 0.0351562500 0.0195312500
0 0.6201171875 0.7817382812 0.0351562500 0.0205078125
0 0.6542968750 0.7817382812 0.0351562500 0.0205078125
0 0.6879882812 0.7817382812 0.0341796875 0.0205078125
0 0.7221679688 0.7817382812 0.0341796875 0.0205078125
0 0.7558593750 0.7817382812 0.0351562500 0.0205078125
0 0.7895507812 0.7812500000 0.0341796875 0.0195312500
0 0.8237304688 0.7812500000 0.0341796875 0.0195312500
0 0.8569335938 0.7807617188 0.0341796875 0.0205078125
0 0.8901367188 0.7807617188 0.0341796875 0.0205078125
0 0.5522460938 0.8222656250 0.0361328125 0.0195312500
0 0.5859375000 0.8227539062 0.0351562500 0.0205078125
0 0.6201171875 0.8217773438 0.0351562500 0.0205078125
0 0.6542968750 0.8222656250 0.0351562500 0.0195312500
0 0.6879882812 0.8222656250 0.0341796875 0.0195312500
0 0.7216796875 0.8217773438 0.0351562500 0.0205078125
0 0.7558593750 0.8212890625 0.0351562500 0.0214843750
0 0.7900390625 0.8217773438 0.0351562500 0.0205078125
0 0.8232421875 0.8208007812 0.0351562500 0.0205078125
0 0.8574218750 0.8217773438 0.0351562500 0.0205078125
0 0.8906250000 0.8203125000 0.0332031250 0.0214843750
0 0.4843750000 0.8232421875 0.0351562500 0.0195312500
0 0.5180664062 0.8227539062 0.0341796875 0.0185546875
0 0.4843750000 0.7822265625 0.0351562500 0.0195312500
0 0.5185546875 0.7827148438 0.0351562500 0.0205078125
