0 0.4428710938 0.1054687500 0.0361328125 0.0214843750
3 0.6909179688 0.1298828125 0.1455078125 0.1152343750
2 0.5000000000 0.2685546875 0.1503906250 0.1484375000
1 0.4062500000 0.1977539062 0.0175781250 0.0322265625
1 0.4497070312 0.1835937500 0.0322265625 0.0175781250
1 0.5859375000 0.2231445312 0.0175781250 0.0322265625
1 0.4160156250 0.3164062500 0.0156250000 0.0312500000
1 0.4331054688 0.3593750000 0.0166015625 0.0312500000
1 0.4501953125 0.3598632812 0.0175781250 0.0341796875
1 0.4672851562 0.3593750000 0.0185546875 0.0312500000
1 0.4941406250 0.3564453125 0.0351562500 0.0195312500
1 0.5380859375 0.3564453125 0.0332031250 0.0195312500
1 0.6743164062 0.3359375000 0.0185546875 0.0312500000
1 0.4877929688 0.5908203125 0.0166015625 0.0410156250
1 0.5327148438 0.5253906250 0.0146484375 0.0390625000
1 0.5556640625 0.5263671875 0.0195312500 0.0332031250
0 0.3964843750 0.3159179688 0.0195312500 0.0341796875
0 0.5966796875 0.2846679688 0.0332031250 0.0185546875
0 0.7998046875 0.1894531250 0.0214843750 0.0332031250
0 0.8193359375 0.1899414062 0.0195312500 0.0341796875
0 0.8393554688 0.1899414062 0.0224609375 0.0341796875
0 0.8603515625 0.1904296875 0.0214843750 0.0332031250
0 0.8798828125 0.1899414062 0.0195312500 0.0322265625
0 0.9541015625 0.1499023438 0.0195312500 0.0322265625
2 0.6313476562 0.3291015625 0.0615234375 0.0488281250
0 0.7089843750 0.4233398438 0.0195312500 0.0341796875
3 0.1650390625 0.7187500000 0.2460937500 0.2656250000
1 0.5390625000 0.6762695312 0.0332031250 0.0205078125
0 0.3105468750 0.6171875000 0.0410156250 0.0156250000
0 0.3110351562 0.6376953125 0.0419921875 0.0136718750
0 0.3115234375 0.6582031250 0.0390625000 0.0156250000
0 0.3110351562 0.6787109375 0.0419921875 0.0156250000
0 0.3120117188 0.6997070312 0.0400390625 0.0146484375
0 0.3105468750 0.7197265625 0.0410156250 0.0156250000
0 0.3115234375 0.7412109375 0.0410156250 0.0136718750
0 0.3110351562 0.7602539062 0.0380859375 0.0146484375
2 0.6928710938 0.5253906250 0.2470703125 0.1621093750
2 0.6928710938 0.7934570312 0.2587890625 0.2568359375
1 0.8310546875 0.6201171875 0.0136718750 0.0371093750
1 0.8886718750 0.6533203125 0.0410156250 0.0136718750
1 0.9472656250 0.6396484375 0.0410156250 0.0136718750
1 0.8452148438 0.6743164062 0.0322265625 0.0205078125
1 0.8457031250 0.6943359375 0.0332031250 0.0195312500
2 0.9584960938 0.7563476562 0.0830078125 0.1376953125
1 0.9257812500 0.8364257812 0.0332031250 0.0205078125
1 0.8466796875 0.9082031250 0.0332031250 0.0195312500
1 0.8452148438 0.9282226562 0.0419921875 0.0146484375
1 0.5395507812 0.9086914062 0.0341796875 0.0185546875
1 0.5390625000 0.9301757812 0.0410156250 0.0146484375
2 0.3764648438 0.8627929688 0.1396484375 0.1181640625
1 0.4580078125 0.8754882812 0.0156250000 0.0361328125
1 0.4316406250 0.9340820312 0.0332031250 0.0205078125
1 0.5058593750 0.9848632812 0.0410156250 0.0166015625
1 0.1625976562 0.9833984375 0.0263671875 0.0332031250
0 0.2626953125 0.9584960938 0.0351562500 0.0185546875
0 0.0976562500 0.9677734375 0.0156250000 0.0351562500
0 0.0766601562 0.9838867188 0.0166015625 0.0322265625
2 0.9838867188 0.1420898438 0.0322265625 0.0537109375
1 0.9799804688 0.1870117188 0.0341796875 0.0185546875
