2 0.0659179688 0.0434570312 0.1318359375 0.0869140625
1 0.0078125000 0.1040039062 0.0156250000 0.0341796875
1 0.0239257812 0.1035156250 0.0185546875 0.0312500000
1 0.0507812500 0.1005859375 0.0351562500 0.0195312500
1 0.0947265625 0.1005859375 0.0332031250 0.0195312500
1 0.2309570312 0.0800781250 0.0185546875 0.0312500000
1 0.0444335938 0.3349609375 0.0166015625 0.0410156250
1 0.0893554688 0.2695312500 0.0146484375 0.0390625000
1 0.1123046875 0.2705078125 0.0195312500 0.0332031250
0 0.1533203125 0.0288085938 0.0332031250 0.0185546875
2 0.1879882812 0.0732421875 0.0615234375 0.0488281250
0 0.2656250000 0.1674804688 0.0195312500 0.0341796875
1 0.0957031250 0.4204101562 0.0332031250 0.0205078125
2 0.2495117188 0.2695312500 0.2470703125 0.1621093750
2 0.2495117188 0.5375976562 0.2587890625 0.2568359375
1 0.3876953125 0.3642578125 0.0136718750 0.0371093750
1 0.4453125000 0.3974609375 0.0410156250 0.0136718750
1 0.5039062500 0.3837890625 0.0410156250 0.0136718750
1 0.4018554688 0.4184570312 0.0322265625 0.0205078125
1 0.4023437500 0.4384765625 0.0332031250 0.0195312500
2 0.5322265625 0.5004882812 0.1171875000 0.1376953125
1 0.4824218750 0.5805664062 0.0332031250 0.0205078125
1 0.5791015625 0.5859375000 0.0410156250 0.0136718750
1 0.4033203125 0.6523437500 0.0332031250 0.0195312500
1 0.4018554688 0.6723632812 0.0419921875 0.0146484375
1 0.0961914062 0.6528320312 0.0341796875 0.0185546875
1 0.0957031250 0.6743164062 0.0410156250 0.0146484375
1 0.0146484375 0.6196289062 0.0156250000 0.0361328125
1 0.0625000000 0.7290039062 0.0410156250 0.0166015625
1 0.6845703125 0.0541992188 0.0468750000 0.0263671875
1 0.6850585938 0.0903320312 0.0458984375 0.0283203125
1 0.6274414062 0.0537109375 0.0458984375 0.0273437500
1 0.6289062500 0.0903320312 0.0468750000 0.0263671875
1 0.5839843750 0.1352539062 0.0332031250 0.0185546875
1 0.7182617188 0.1264648438 0.0185546875 0.0341796875
1 0.6098632812 0.1738281250 0.0166015625 0.0410156250
1 0.6982421875 0.2177734375 0.0351562500 0.0195312500
1 0.5976562500 0.2592773438 0.0273437500 0.0458984375
1 0.6284179688 0.2587890625 0.0283203125 0.0449218750
1 0.6572265625 0.2587890625 0.0292968750 0.0468750000
1 0.6884765625 0.2587890625 0.0273437500 0.0468750000
0 0.6166992188 0.1357421875 0.0341796875 0.0195312500
0 0.6918945312 0.1333007812 0.0341796875 0.0185546875
0 0.6928710938 0.1997070312 0.0341796875 0.0185546875
3 0.7792968750 0.4633789062 0.2460937500 0.2587890625
0 0.6308593750 0.3950195312 0.0390625000 0.0146484375
0 0.6308593750 0.4160156250 0.0390625000 0.0136718750
0 0.6308593750 0.4360351562 0.0410156250 0.0146484375
0 0.6308593750 0.4570312500 0.0410156250 0.0136718750
0 0.6308593750 0.4770507812 0.0410156250 0.0146484375
0 0.6308593750 0.4970703125 0.0390625000 0.0136718750
0 0.6308593750 0.5175781250 0.0410156250 0.0156250000
0 0.6308593750 0.5375976562 0.0410156250 0.0146484375
1 0.7519531250 0.6181640625 0.0429687500 0.0156250000
2 0.7709960938 0.8413085938 0.0615234375 0.0537109375
0 0.8212890625 0.8193359375 0.0332031250 0.0195312500
0 0.8154296875 0.8500976562 0.0195312500 0.0322265625
0 0.7280273438 0.8671875000 0.0185546875 0.0332031250
0 0.6088867188 0.6875000000 0.0185546875 0.0332031250
0 0.6855468750 0.7187500000 0.0332031250 0.0195312500
0 0.6835937500 0.6782226562 0.0195312500 0.0322265625
1 0.6494140625 0.7197265625 0.0332031250 0.0195312500
1 0.7753906250 0.7978515625 0.0410156250 0.0136718750
1 0.7075195312 0.8300781250 0.0185546875 0.0390625000
1 0.7275390625 0.8300781250 0.0175781250 0.0332031250
1 0.7817382812 0.8808593750 0.0322265625 0.0175781250
0 0.0297851562 0.8212890625 0.0341796875 0.0195312500
0 0.0639648438 0.8203125000 0.0341796875 0.0195312500
0 0.0297851562 0.8613281250 0.0341796875 0.0195312500
0 0.0639648438 0.8613281250 0.0341796875 0.0195312500
0 0.0981445312 0.8608398438 0.0341796875 0.0205078125
0 0.1313476562 0.8608398438 0.0341796875 0.0205078125
0 0.0981445312 0.8203125000 0.0341796875 0.0214843750
0 0.1318359375 0.8203125000 0.0351562500 0.0214843750
0 0.1650390625 0.8203125000 0.0351562500 0.0195312500
0 0.1655273438 0.8598632812 0.0361328125 0.0205078125
0 0.1992187500 0.8203125000 0.0351562500 0.0195312500
0 0.1997070312 0.8598632812 0.0341796875 0.0205078125
1 0.0297851562 0.8413085938 0.0341796875 0.0205078125
1 0.0634765625 0.8408203125 0.0351562500 0.0195312500
1 0.0976562500 0.8408203125 0.0351562500 0.0195312500
1 0.1318359375 0.8403320312 0.0351562500 0.0205078125
1 0.1655273438 0.8403320312 0.0361328125 0.0205078125
1 0.1997070312 0.8403320312 0.0341796875 0.0205078125
1 0.2338867188 0.8398437500 0.0341796875 0.0214843750
1 0.2675781250 0.8398437500 0.0351562500 0.0214843750
1 0.3017578125 0.8398437500 0.0351562500 0.0214843750
1 0.3354492188 0.8393554688 0.0341796875 0.0205078125
1 0.3691406250 0.8393554688 0.0351562500 0.0205078125
1 0.4033203125 0.8393554688 0.0351562500 0.0205078125
1 0.4370117188 0.8393554688 0.0341796875 0.0205078125
1 0.4707031250 0.8398437500 0.0351562500 0.0195312500
1 0.5048828125 0.8388671875 0.0351562500 0.0195312500
1 0.5385742188 0.8383789062 0.0341796875 0.0205078125
1 0.5727539062 0.8378906250 0.0341796875 0.0195312500
1 0.6064453125 0.8378906250 0.0351562500 0.0195312500
1 0.6396484375 0.8383789062 0.0351562500 0.0185546875
0 0.3017578125 0.8193359375 0.0351562500 0.0195312500
0 0.3349609375 0.8193359375 0.0351562500 0.0195312500
0 0.3691406250 0.8188476562 0.0351562500 0.0205078125
0 0.4033203125 0.8188476562 0.0351562500 0.0205078125
0 0.4370117188 0.8188476562 0.0341796875 0.0205078125
0 0.4711914062 0.8188476562 0.0341796875 0.0205078125
0 0.5048828125 0.8188476562 0.0351562500 0.0205078125
0 0.5385742188 0.8183593750 0.0341796875 0.0195312500
0 0.5727539062 0.8183593750 0.0341796875 0.0195312500
0 0.6059570312 0.8178710938 0.0341796875 0.0205078125
0 0.6391601562 0.8178710938 0.0341796875 0.0205078125
0 0.3012695312 0.8593750000 0.0361328125 0.0195312500
0 0.3349609375 0.8598632812 0.0351562500 0.0205078125
0 0.3691406250 0.8588867188 0.0351562500 0.0205078125
0 0.4033203125 0.8593750000 0.0351562500 0.0195312500
0 0.4370117188 0.8593750000 0.0341796875 0.0195312500
0 0.4707031250 0.8588867188 0.0351562500 0.0205078125
0 0.5048828125 0.8583984375 0.0351562500 0.0214843750
0 0.5390625000 0.8588867188 0.0351562500 0.0205078125
0 0.5722656250 0.8579101562 0.0351562500 0.0205078125
0 0.6064453125 0.8588867188 0.0351562500 0.0205078125
0 0.6396484375 0.8574218750 0.0332031250 0.0214843750
0 0.2333984375 0.8603515625 0.0351562500 0.0195312500
0 0.2670898438 0.8598632812 0.0341796875 0.0185546875
0 0.2333984375 0.8193359375 0.0351562500 0.0195312500
0 0.2675781250 0.8198242188 0.0351562500 0.0205078125
