2 0.0659179688 0.0620117188 0.1318359375 0.1240234375
1 0.1425781250 0.0102539062 0.0175781250 0.0205078125
1 0.0078125000 0.1411132812 0.0156250000 0.0341796875
1 0.0239257812 0.1406250000 0.0185546875 0.0312500000
1 0.0507812500 0.1376953125 0.0351562500 0.0195312500
1 0.0947265625 0.1376953125 0.0332031250 0.0195312500
1 0.2309570312 0.1171875000 0.0185546875 0.0312500000
1 0.0444335938 0.3720703125 0.0166015625 0.0410156250
1 0.0893554688 0.3066406250 0.0146484375 0.0390625000
1 0.1123046875 0.3076171875 0.0195312500 0.0332031250
0 0.1533203125 0.0659179688 0.0332031250 0.0185546875
2 0.1879882812 0.1103515625 0.0615234375 0.0488281250
0 0.2656250000 0.2045898438 0.0195312500 0.0341796875
1 0.0957031250 0.4575195312 0.0332031250 0.0205078125
2 0.2495117188 0.3066406250 0.2470703125 0.1621093750
2 0.2495117188 0.5747070312 0.2587890625 0.2568359375
1 0.3876953125 0.4013671875 0.0136718750 0.0371093750
1 0.4453125000 0.4345703125 0.0410156250 0.0136718750
1 0.5039062500 0.4208984375 0.0410156250 0.0136718750
1 0.4018554688 0.4555664062 0.0322265625 0.0205078125
1 0.4023437500 0.4755859375 0.0332031250 0.0195312500
2 0.5322265625 0.5375976562 0.1171875000 0.1376953125
1 0.4824218750 0.6176757812 0.0332031250 0.0205078125
1 0.5791015625 0.6230468750 0.0410156250 0.0136718750
1 0.4033203125 0.6894531250 0.0332031250 0.0195312500
1 0.4018554688 0.7094726562 0.0419921875 0.0146484375
1 0.0961914062 0.6899414062 0.0341796875 0.0185546875
1 0.0957031250 0.7114257812 0.0410156250 0.0146484375
1 0.0146484375 0.6567382812 0.0156250000 0.0361328125
1 0.0625000000 0.7661132812 0.0410156250 0.0166015625
1 0.6845703125 0.0913085938 0.0468750000 0.0263671875
1 0.6850585938 0.1274414062 0.0458984375 0.0283203125
1 0.6274414062 0.0908203125 0.0458984375 0.0273437500
1 0.6289062500 0.1274414062 0.0468750000 0.0263671875
1 0.5839843750 0.1723632812 0.0332031250 0.0185546875
1 0.7182617188 0.1635742188 0.0185546875 0.0341796875
1 0.6098632812 0.2109375000 0.0166015625 0.0410156250
1 0.6982421875 0.2548828125 0.0351562500 0.0195312500
1 0.5976562500 0.2963867188 0.0273437500 0.0458984375
1 0.6284179688 0.2958984375 0.0283203125 0.0449218750
1 0.6572265625 0.2958984375 0.0292968750 0.0468750000
1 0.6884765625 0.2958984375 0.0273437500 0.0468750000
0 0.6166992188 0.1728515625 0.0341796875 0.0195312500
0 0.6918945312 0.1704101562 0.0341796875 0.0185546875
0 0.6928710938 0.2368164062 0.0341796875 0.0185546875
3 0.7792968750 0.5004882812 0.2460937500 0.2587890625
0 0.6308593750 0.4321289062 0.0390625000 0.0146484375
0 0.6308593750 0.4531250000 0.0390625000 0.0136718750
0 0.6308593750 0.4731445312 0.0410156250 0.0146484375
0 0.6308593750 0.4941406250 0.0410156250 0.0136718750
0 0.6308593750 0.5141601562 0.0410156250 0.0146484375
0 0.6308593750 0.5341796875 0.0390625000 0.0136718750
0 0.6308593750 0.5546875000 0.0410156250 0.0156250000
0 0.6308593750 0.5747070312 0.0410156250 0.0146484375
1 0.7519531250 0.6552734375 0.0429687500 0.0156250000
2 0.7709960938 0.8784179688 0.0615234375 0.0537109375
0 0.8212890625 0.8564453125 0.0332031250 0.0195312500
0 0.8154296875 0.8872070312 0.0195312500 0.0322265625
0 0.7280273438 0.9042968750 0.0185546875 0.0332031250
0 0.6088867188 0.7246093750 0.0185546875 0.0332031250
0 0.6855468750 0.7558593750 0.0332031250 0.0195312500
0 0.6835937500 0.7153320312 0.0195312500 0.0322265625
1 0.6494140625 0.7568359375 0.0332031250 0.0195312500
1 0.7753906250 0.8349609375 0.0410156250 0.0136718750
1 0.7075195312 0.8671875000 0.0185546875 0.0390625000
1 0.7275390625 0.8671875000 0.0175781250 0.0332031250
1 0.7817382812 0.9179687500 0.0322265625 0.0175781250
0 0.0297851562 0.8583984375 0.0341796875 0.0195312500
0 0.0639648438 0.8574218750 0.0341796875 0.0195312500
0 0.0297851562 0.8984375000 0.0341796875 0.0195312500
0 0.0639648438 0.8984375000 0.0341796875 0.0195312500
0 0.0981445312 0.8979492188 0.0341796875 0.0205078125
0 0.1313476562 0.8979492188 0.0341796875 0.0205078125
0 0.0981445312 0.8574218750 0.0341796875 0.0214843750
0 0.1318359375 0.8574218750 0.0351562500 0.0214843750
0 0.1650390625 0.8574218750 0.0351562500 0.0195312500
0 0.1655273438 0.8969726562 0.0361328125 0.0205078125
0 0.1992187500 0.8574218750 0.0351562500 0.0195312500
0 0.1997070312 0.8969726562 0.0341796875 0.0205078125
1 0.0297851562 0.8784179688 0.0341796875 0.0205078125
1 0.0634765625 0.8779296875 0.0351562500 0.0195312500
1 0.0976562500 0.8779296875 0.0351562500 0.0195312500
1 0.1318359375 0.8774414062 0.0351562500 0.0205078125
1 0.1655273438 0.8774414062 0.0361328125 0.0205078125
1 0.1997070312 0.8774414062 0.0341796875 0.0205078125
1 0.2338867188 0.8769531250 0.0341796875 0.0214843750
1 0.2675781250 0.8769531250 0.0351562500 0.0214843750
1 0.3017578125 0.8769531250 0.0351562500 0.0214843750
1 0.3354492188 0.8764648438 0.0341796875 0.0205078125
1 0.3691406250 0.8764648438 0.0351562500 0.0205078125
1 0.4033203125 0.8764648438 0.0351562500 0.0205078125
1 0.4370117188 0.8764648438 0.0341796875 0.0205078125
1 0.4707031250 0.8769531250 0.0351562500 0.0195312500
1 0.5048828125 0.8759765625 0.0351562500 0.0195312500
1 0.5385742188 0.8754882812 0.0341796875 0.0205078125
1 0.5727539062 0.8750000000 0.0341796875 0.0195312500
1 0.6064453125 0.8750000000 0.0351562500 0.0195312500
1 0.6396484375 0.8754882812 0.0351562500 0.0185546875
0 0.3017578125 0.8564453125 0.0351562500 0.0195312500
0 0.3349609375 0.8564453125 0.0351562500 0.0195312500
0 0.3691406250 0.8559570312 0.0351562500 0.0205078125
0 0.4033203125 0.8559570312 0.0351562500 0.0205078125
0 0.4370117188 0.8559570312 0.0341796875 0.0205078125
0 0.4711914062 0.8559570312 0.0341796875 0.0205078125
0 0.5048828125 0.8559570312 0.0351562500 0.0205078125
0 0.5385742188 0.8554687500 0.0341796875 0.0195312500
0 0.5727539062 0.8554687500 0.0341796875 0.0195312500
0 0.6059570312 0.8549804688 0.0341796875 0.0205078125
0 0.6391601562 0.8549804688 0.0341796875 0.0205078125
0 0.3012695312 0.8964843750 0.0361328125 0.0195312500
0 0.3349609375 0.8969726562 0.0351562500 0.0205078125
0 0.3691406250 0.8959960938 0.0351562500 0.0205078125
0 0.4033203125 0.8964843750 0.0351562500 0.0195312500
0 0.4370117188 0.8964843750 0.0341796875 0.0195312500
0 0.4707031250 0.8959960938 0.0351562500 0.0205078125
0 0.5048828125 0.8955078125 0.0351562500 0.0214843750
0 0.5390625000 0.8959960938 0.0351562500 0.0205078125
0 0.5722656250 0.8950195312 0.0351562500 0.0205078125
0 0.6064453125 0.8959960938 0.0351562500 0.0205078125
0 0.6396484375 0.8945312500 0.0332031250 0.0214843750
0 0.2333984375 0.8974609375 0.0351562500 0.0195312500
0 0.2670898438 0.8969726562 0.0341796875 0.0185546875
0 0.2333984375 0.8564453125 0.0351562500 0.0195312500
0 0.2675781250 0.8569335938 0.0351562500 0.0205078125
