3 0.2475585938 0.1298828125 0.1455078125 0.1152343750
2 0.0659179688 0.2685546875 0.1318359375 0.1484375000
1 0.0112304688 0.1835937500 0.0224609375 0.0175781250
1 0.1425781250 0.2231445312 0.0175781250 0.0322265625
1 0.0078125000 0.3598632812 0.0156250000 0.0341796875
1 0.0239257812 0.3593750000 0.0185546875 0.0312500000
1 0.0507812500 0.3564453125 0.0351562500 0.0195312500
1 0.0947265625 0.3564453125 0.0332031250 0.0195312500
1 0.2309570312 0.3359375000 0.0185546875 0.0312500000
1 0.0444335938 0.5908203125 0.0166015625 0.0410156250
1 0.0893554688 0.5253906250 0.0146484375 0.0390625000
1 0.1123046875 0.5263671875 0.0195312500 0.0332031250
0 0.1533203125 0.2846679688 0.0332031250 0.0185546875
0 0.3564453125 0.1894531250 0.0214843750 0.0332031250
0 0.3759765625 0.1899414062 0.0195312500 0.0341796875
0 0.3959960938 0.1899414062 0.0224609375 0.0341796875
0 0.4169921875 0.1904296875 0.0214843750 0.0332031250
0 0.4365234375 0.1899414062 0.0195312500 0.0322265625
0 0.5107421875 0.1499023438 0.0195312500 0.0322265625
2 0.1879882812 0.3291015625 0.0615234375 0.0488281250
0 0.2656250000 0.4233398438 0.0195312500 0.0341796875
1 0.0957031250 0.6762695312 0.0332031250 0.0205078125
2 0.2495117188 0.5253906250 0.2470703125 0.1621093750
2 0.2495117188 0.7934570312 0.2587890625 0.2568359375
1 0.3876953125 0.6201171875 0.0136718750 0.0371093750
1 0.4453125000 0.6533203125 0.0410156250 0.0136718750
1 0.5039062500 0.6396484375 0.0410156250 0.0136718750
1 0.4018554688 0.6743164062 0.0322265625 0.0205078125
1 0.4023437500 0.6943359375 0.0332031250 0.0195312500
2 0.5322265625 0.7563476562 0.1171875000 0.1376953125
1 0.4824218750 0.8364257812 0.0332031250 0.0205078125
1 0.5791015625 0.8417968750 0.0410156250 0.0136718750
1 0.4033203125 0.9082031250 0.0332031250 0.0195312500
1 0.4018554688 0.9282226562 0.0419921875 0.0146484375
1 0.0961914062 0.9086914062 0.0341796875 0.0185546875
1 0.0957031250 0.9301757812 0.0410156250 0.0146484375
1 0.0146484375 0.8754882812 0.0156250000 0.0361328125
1 0.0625000000 0.9848632812 0.0410156250 0.0166015625
2 0.5551757812 0.1420898438 0.0615234375 0.0537109375
1 0.5366210938 0.1870117188 0.0341796875 0.0185546875
1 0.6967773438 0.1464843750 0.0185546875 0.0312500000
1 0.6845703125 0.3100585938 0.0468750000 0.0263671875
1 0.6850585938 0.3461914062 0.0458984375 0.0283203125
1 0.6274414062 0.3095703125 0.0458984375 0.0273437500
1 0.6289062500 0.3461914062 0.0468750000 0.0263671875
1 0.5839843750 0.3911132812 0.0332031250 0.0185546875
1 0.7182617188 0.3823242188 0.0185546875 0.0341796875
1 0.6098632812 0.4296875000 0.0166015625 0.0410156250
1 0.6982421875 0.4736328125 0.0351562500 0.0195312500
1 0.5976562500 0.5151367188 0.0273437500 0.0458984375
1 0.6284179688 0.5146484375 0.0283203125 0.0449218750
1 0.6572265625 0.5146484375 0.0292968750 0.0468750000
1 0.6884765625 0.5146484375 0.0273437500 0.0468750000
0 0.5703125000 0.1870117188 0.0351562500 0.0205078125
0 0.6118164062 0.1562500000 0.0361328125 0.0781250000
2 0.6582031250 0.1547851562 0.0468750000 0.0380859375
0 0.6166992188 0.3916015625 0.0341796875 0.0195312500
0 0.6918945312 0.3891601562 0.0341796875 0.0185546875
0 0.6928710938 0.4555664062 0.0341796875 0.0185546875
3 0.7792968750 0.7192382812 0.2460937500 0.2587890625
0 0.6308593750 0.6508789062 0.0390625000 0.0146484375
0 0.6308593750 0.6718750000 0.0390625000 0.0136718750
0 0.6308593750 0.6918945312 0.0410156250 0.0146484375
0 0.6308593750 0.7128906250 0.0410156250 0.0136718750
0 0.6308593750 0.7329101562 0.0410156250 0.0146484375
0 0.6308593750 0.7529296875 0.0390625000 0.0136718750
0 0.6308593750 0.7734375000 0.0410156250 0.0156250000
0 0.6308593750 0.7934570312 0.0410156250 0.0146484375
1 0.7519531250 0.8740234375 0.0429687500 0.0156250000
0 0.6088867188 0.9433593750 0.0185546875 0.0332031250
0 0.6855468750 0.9746093750 0.0332031250 0.0195312500
0 0.6835937500 0.9340820312 0.0195312500 0.0322265625
1 0.6494140625 0.9755859375 0.0332031250 0.0195312500
