0 0.3259868421 0.0720000000 0.0243421053 0.0146666667
3 0.4930921053 0.0886666667 0.0980263158 0.0786666667
2 0.3644736842 0.1833333333 0.1013157895 0.1013333333
1 0.3013157895 0.1350000000 0.0118421053 0.0220000000
1 0.3305921053 0.1253333333 0.0217105263 0.0120000000
1 0.4223684211 0.1523333333 0.0118421053 0.0220000000
1 0.3078947368 0.2160000000 0.0105263158 0.0213333333
1 0.3194078947 0.2453333333 0.0111842105 0.0213333333
1 0.3309210526 0.2456666667 0.0118421053 0.0233333333
1 0.3424342105 0.2453333333 0.0125000000 0.0213333333
1 0.3605263158 0.2433333333 0.0236842105 0.0133333333
1 0.3901315789 0.2433333333 0.0223684211 0.0133333333
1 0.4819078947 0.2293333333 0.0125000000 0.0213333333
1 0.3562500000 0.4033333333 0.0111842105 0.0280000000
1 0.3865131579 0.3586666667 0.0098684211 0.0266666667
1 0.4019736842 0.3593333333 0.0131578947 0.0226666667
0 0.2947368421 0.2156666667 0.0131578947 0.0233333333
0 0.4296052632 0.1943333333 0.0223684211 0.0126666667
0 0.5664473684 0.1293333333 0.0144736842 0.0226666667
0 0.5796052632 0.1296666667 0.0131578947 0.0233333333
0 0.5930921053 0.1296666667 0.0151315789 0.0233333333
0 0.6072368421 0.1300000000 0.0144736842 0.0226666667
0 0.6203947368 0.1296666667 0.0131578947 0.0220000000
0 0.6703947368 0.1023333333 0.0131578947 0.0220000000
2 0.4529605263 0.2246666667 0.0414473684 0.0333333333
0 0.5052631579 0.2890000000 0.0131578947 0.0233333333
3 0.1388157895 0.4906666667 0.1657894737 0.1813333333
1 0.3907894737 0.4616666667 0.0223684211 0.0140000000
0 0.2368421053 0.4213333333 0.0276315789 0.0106666667
0 0.2371710526 0.4353333333 0.0282894737 0.0093333333
0 0.2375000000 0.4493333333 0.0263157895 0.0106666667
0 0.2371710526 0.4633333333 0.0282894737 0.0106666667
0 0.2378289474 0.4776666667 0.0269736842 0.0100000000
0 0.2368421053 0.4913333333 0.0276315789 0.0106666667
0 0.2375000000 0.5060000000 0.0276315789 0.0093333333
0 0.2371710526 0.5190000000 0.0256578947 0.0100000000
2 0.4944078947 0.3586666667 0.1664473684 0.1106666667
2 0.4944078947 0.5416666667 0.1743421053 0.1753333333
1 0.5875000000 0.4233333333 0.0092105263 0.0253333333
1 0.6263157895 0.4460000000 0.0276315789 0.0093333333
1 0.6657894737 0.4366666667 0.0276315789 0.0093333333
1 0.5970394737 0.4603333333 0.0217105263 0.0140000000
1 0.5973684211 0.4740000000 0.0223684211 0.0133333333
2 0.6848684211 0.5163333333 0.0789473684 0.0940000000
1 0.6513157895 0.5710000000 0.0223684211 0.0140000000
1 0.7164473684 0.5746666667 0.0276315789 0.0093333333
1 0.5980263158 0.6200000000 0.0223684211 0.0133333333
1 0.5970394737 0.6336666667 0.0282894737 0.0100000000
1 0.3911184211 0.6203333333 0.0230263158 0.0126666667
1 0.3907894737 0.6350000000 0.0276315789 0.0100000000
2 0.2812500000 0.5890000000 0.0940789474 0.0806666667
1 0.3361842105 0.5976666667 0.0105263158 0.0246666667
1 0.3184210526 0.6376666667 0.0223684211 0.0140000000
1 0.3684210526 0.6723333333 0.0276315789 0.0113333333
1 0.1766447368 0.7123333333 0.0177631579 0.0300000000
1 0.1559210526 0.7116666667 0.0157894737 0.0300000000
1 0.1348684211 0.7130000000 0.0184210526 0.0300000000
1 0.1371710526 0.6753333333 0.0177631579 0.0306666667
0 0.2046052632 0.6543333333 0.0236842105 0.0126666667
0 0.0934210526 0.6606666667 0.0105263158 0.0240000000
0 0.0792763158 0.6736666667 0.0111842105 0.0260000000
0 0.0792763158 0.7043333333 0.0098684211 0.0246666667
2 0.1069078947 0.7006666667 0.0388157895 0.0386666667
3 0.4960526316 0.8573333333 0.4684210526 0.1653333333
2 0.7003289474 0.0970000000 0.0414473684 0.0366666667
1 0.6878289474 0.1276666667 0.0230263158 0.0126666667
1 0.7957236842 0.1000000000 0.0125000000 0.0213333333
1 0.7875000000 0.2116666667 0.0315789474 0.0180000000
1 0.7878289474 0.2363333333 0.0309210526 0.0193333333
1 0.7490131579 0.2113333333 0.0309210526 0.0186666667
1 0.7500000000 0.2363333333 0.0315789474 0.0180000000
1 0.7197368421 0.2670000000 0.0223684211 0.0126666667
1 0.8101973684 0.2610000000 0.0125000000 0.0233333333
1 0.7371710526 0.2933333333 0.0111842105 0.0280000000
1 0.7967105263 0.3233333333 0.0236842105 0.0133333333
1 0.7289473684 0.3516666667 0.0184210526 0.0313333333
1 0.7496710526 0.3513333333 0.0190789474 0.0306666667
1 0.7690789474 0.3513333333 0.0197368421 0.0320000000
1 0.7901315789 0.3513333333 0.0184210526 0.0320000000
0 0.7105263158 0.1276666667 0.0236842105 0.0140000000
0 0.7384868421 0.1066666667 0.0243421053 0.0533333333
2 0.7697368421 0.1056666667 0.0315789474 0.0260000000
0 0.7417763158 0.2673333333 0.0230263158 0.0133333333
0 0.7924342105 0.2656666667 0.0230263158 0.0126666667
0 0.7930921053 0.3110000000 0.0230263158 0.0126666667
3 0.8513157895 0.4910000000 0.1657894737 0.1766666667
0 0.7513157895 0.4443333333 0.0263157895 0.0100000000
0 0.7513157895 0.4586666667 0.0263157895 0.0093333333
0 0.7513157895 0.4723333333 0.0276315789 0.0100000000
0 0.7513157895 0.4866666667 0.0276315789 0.0093333333
0 0.7513157895 0.5003333333 0.0276315789 0.0100000000
0 0.7513157895 0.5140000000 0.0263157895 0.0093333333
0 0.7513157895 0.5280000000 0.0276315789 0.0106666667
0 0.7513157895 0.5416666667 0.0276315789 0.0100000000
1 0.8328947368 0.5966666667 0.0289473684 0.0106666667
2 0.8457236842 0.7490000000 0.0414473684 0.0366666667
0 0.8796052632 0.7340000000 0.0223684211 0.0133333333
0 0.8756578947 0.7550000000 0.0131578947 0.0220000000
0 0.8167763158 0.7666666667 0.0125000000 0.0226666667
0 0.7365131579 0.6440000000 0.0125000000 0.0226666667
0 0.7881578947 0.6653333333 0.0223684211 0.0133333333
0 0.7868421053 0.6376666667 0.0131578947 0.0220000000
1 0.7638157895 0.6660000000 0.0223684211 0.0133333333
1 0.8486842105 0.7193333333 0.0276315789 0.0093333333
1 0.8029605263 0.7413333333 0.0125000000 0.0266666667
1 0.8164473684 0.7413333333 0.0118421053 0.0226666667
1 0.8529605263 0.7760000000 0.0217105263 0.0120000000
0 0.2322368421 0.7356666667 0.0236842105 0.0126666667
0 0.2322368421 0.7633333333 0.0236842105 0.0133333333
0 0.2549342105 0.7353333333 0.0230263158 0.0133333333
0 0.2776315789 0.7353333333 0.0236842105 0.0133333333
0 0.3003289474 0.7353333333 0.0230263158 0.0133333333
0 0.3233552632 0.7353333333 0.0230263158 0.0133333333
0 0.3463815789 0.7353333333 0.0230263158 0.0133333333
0 0.3694078947 0.7346666667 0.0230263158 0.0133333333
0 0.2549342105 0.7630000000 0.0230263158 0.0140000000
0 0.2779605263 0.7630000000 0.0243421053 0.0140000000
0 0.3003289474 0.7626666667 0.0243421053 0.0133333333
0 0.3233552632 0.7630000000 0.0230263158 0.0140000000
0 0.3463815789 0.7626666667 0.0230263158 0.0133333333
0 0.3694078947 0.7626666667 0.0230263158 0.0133333333
0 0.3924342105 0.7623333333 0.0230263158 0.0140000000
0 0.4148026316 0.7623333333 0.0230263158 0.0140000000
0 0.3924342105 0.7346666667 0.0230263158 0.0146666667
0 0.4151315789 0.7346666667 0.0236842105 0.0146666667
0 0.4375000000 0.7346666667 0.0236842105 0.0133333333
0 0.4378289474 0.7616666667 0.0243421053 0.0140000000
0 0.4605263158 0.7346666667 0.0236842105 0.0133333333
0 0.4608552632 0.7616666667 0.0230263158 0.0140000000
1 0.2319078947 0.7496666667 0.0230263158 0.0140000000
1 0.2546052632 0.7490000000 0.0236842105 0.0140000000
1 0.2776315789 0.7490000000 0.0236842105 0.0140000000
1 0.3003289474 0.7490000000 0.0230263158 0.0126666667
1 0.3236842105 0.7486666667 0.0236842105 0.0133333333
1 0.3463815789 0.7490000000 0.0230263158 0.0140000000
1 0.3690789474 0.7486666667 0.0236842105 0.0133333333
1 0.3921052632 0.7486666667 0.0236842105 0.0133333333
1 0.4151315789 0.7483333333 0.0236842105 0.0140000000
1 0.4378289474 0.7483333333 0.0243421053 0.0140000000
1 0.4608552632 0.7483333333 0.0230263158 0.0140000000
1 0.4838815789 0.7480000000 0.0230263158 0.0146666667
1 0.5065789474 0.7480000000 0.0236842105 0.0146666667
1 0.5296052632 0.7480000000 0.0236842105 0.0146666667
1 0.5523026316 0.7476666667 0.0230263158 0.0140000000
1 0.5750000000 0.7476666667 0.0236842105 0.0140000000
1 0.5980263158 0.7476666667 0.0236842105 0.0140000000
1 0.6207236842 0.7476666667 0.0230263158 0.0140000000
1 0.6434210526 0.7480000000 0.0236842105 0.0133333333
1 0.6664473684 0.7473333333 0.0236842105 0.0133333333
1 0.6891447368 0.7470000000 0.0230263158 0.0140000000
1 0.7121710526 0.7466666667 0.0230263158 0.0133333333
1 0.7348684211 0.7466666667 0.0236842105 0.0133333333
1 0.7572368421 0.7470000000 0.0236842105 0.0126666667
0 0.5296052632 0.7340000000 0.0236842105 0.0133333333
0 0.5519736842 0.7340000000 0.0236842105 0.0133333333
0 0.5750000000 0.7336666667 0.0236842105 0.0140000000
0 0.5980263158 0.7336666667 0.0236842105 0.0140000000
0 0.6207236842 0.7336666667 0.0230263158 0.0140000000
0 0.6437500000 0.7336666667 0.0230263158 0.0140000000
0 0.6664473684 0.7336666667 0.0236842105 0.0140000000
0 0.6891447368 0.7333333333 0.0230263158 0.0133333333
0 0.7121710526 0.7333333333 0.0230263158 0.0133333333
0 0.7345394737 0.7330000000 0.0230263158 0.0140000000
0 0.7569078947 0.7330000000 0.0230263158 0.0140000000
0 0.5292763158 0.7613333333 0.0243421053 0.0133333333
0 0.5519736842 0.7616666667 0.0236842105 0.0140000000
0 0.5750000000 0.7610000000 0.0236842105 0.0140000000
0 0.5980263158 0.7613333333 0.0236842105 0.0133333333
0 0.6207236842 0.7613333333 0.0230263158 0.0133333333
0 0.6434210526 0.7610000000 0.0236842105 0.0140000000
0 0.6664473684 0.7606666667 0.0236842105 0.0146666667
0 0.6894736842 0.7610000000 0.0236842105 0.0140000000
0 0.7118421053 0.7603333333 0.0236842105 0.0140000000
0 0.7348684211 0.7610000000 0.0236842105 0.0140000000
0 0.7572368421 0.7600000000 0.0223684211 0.0146666667
0 0.4835526316 0.7620000000 0.0236842105 0.0133333333
0 0.5062500000 0.7616666667 0.0230263158 0.0126666667
0 0.4835526316 0.7340000000 0.0236842105 0.0133333333
0 0.5065789474 0.7343333333 0.0236842105 0.0140000000
