0 0.2504882812 0.0800781250 0.0361328125 0.0214843750
3 0.4985351562 0.1044921875 0.1455078125 0.1152343750
2 0.3076171875 0.2431640625 0.1503906250 0.1484375000
1 0.2138671875 0.1723632812 0.0175781250 0.0322265625
1 0.2573242188 0.1582031250 0.0322265625 0.0175781250
1 0.3935546875 0.1977539062 0.0175781250 0.0322265625
1 0.2236328125 0.2910156250 0.0156250000 0.0312500000
1 0.2407226562 0.3339843750 0.0166015625 0.0312500000
1 0.2578125000 0.3344726562 0.0175781250 0.0341796875
1 0.2749023438 0.3339843750 0.0185546875 0.0312500000
1 0.3017578125 0.3310546875 0.0351562500 0.0195312500
1 0.3457031250 0.3310546875 0.0332031250 0.0195312500
1 0.4819335938 0.3105468750 0.0185546875 0.0312500000
1 0.2954101562 0.5654296875 0.0166015625 0.0410156250
1 0.3403320312 0.5000000000 0.0146484375 0.0390625000
1 0.3632812500 0.5009765625 0.0195312500 0.0332031250
0 0.2041015625 0.2905273438 0.0195312500 0.0341796875
0 0.4042968750 0.2592773438 0.0332031250 0.0185546875
0 0.6074218750 0.1640625000 0.0214843750 0.0332031250
0 0.6269531250 0.1645507812 0.0195312500 0.0341796875
0 0.6469726562 0.1645507812 0.0224609375 0.0341796875
0 0.6679687500 0.1650390625 0.0214843750 0.0332031250
0 0.6875000000 0.1645507812 0.0195312500 0.0322265625
0 0.7617187500 0.1245117188 0.0195312500 0.0322265625
2 0.4389648438 0.3037109375 0.0615234375 0.0488281250
0 0.5166015625 0.3979492188 0.0195312500 0.0341796875
1 0.3466796875 0.6508789062 0.0332031250 0.0205078125
0 0.1181640625 0.5917968750 0.0410156250 0.0156250000
0 0.1186523438 0.6123046875 0.0419921875 0.0136718750
0 0.1191406250 0.6328125000 0.0390625000 0.0156250000
0 0.1186523438 0.6533203125 0.0419921875 0.0156250000
0 0.1196289062 0.6743164062 0.0400390625 0.0146484375
0 0.1181640625 0.6943359375 0.0410156250 0.0156250000
0 0.1191406250 0.7158203125 0.0410156250 0.0136718750
0 0.1186523438 0.7348632812 0.0380859375 0.0146484375
2 0.5004882812 0.5000000000 0.2470703125 0.1621093750
2 0.5004882812 0.7680664062 0.2587890625 0.2568359375
1 0.6386718750 0.5947265625 0.0136718750 0.0371093750
1 0.6962890625 0.6279296875 0.0410156250 0.0136718750
1 0.7548828125 0.6142578125 0.0410156250 0.0136718750
1 0.6528320312 0.6489257812 0.0322265625 0.0205078125
1 0.6533203125 0.6689453125 0.0332031250 0.0195312500
2 0.7832031250 0.7309570312 0.1171875000 0.1376953125
1 0.7333984375 0.8110351562 0.0332031250 0.0205078125
1 0.8300781250 0.8164062500 0.0410156250 0.0136718750
1 0.6542968750 0.8828125000 0.0332031250 0.0195312500
1 0.6528320312 0.9028320312 0.0419921875 0.0146484375
1 0.3471679688 0.8833007812 0.0341796875 0.0185546875
1 0.3466796875 0.9047851562 0.0410156250 0.0146484375
2 0.1840820312 0.8374023438 0.1396484375 0.1181640625
1 0.2656250000 0.8500976562 0.0156250000 0.0361328125
1 0.2392578125 0.9086914062 0.0332031250 0.0205078125
1 0.3134765625 0.9594726562 0.0410156250 0.0166015625
0 0.0703125000 0.9331054688 0.0351562500 0.0185546875
2 0.8061523438 0.1166992188 0.0615234375 0.0537109375
1 0.7875976562 0.1616210938 0.0341796875 0.0185546875
1 0.9477539062 0.1210937500 0.0185546875 0.0312500000
1 0.9355468750 0.2846679688 0.0468750000 0.0263671875
1 0.9360351562 0.3208007812 0.0458984375 0.0283203125
1 0.8784179688 0.2841796875 0.0458984375 0.0273437500
1 0.8798828125 0.3208007812 0.0468750000 0.0263671875
1 0.8349609375 0.3657226562 0.0332031250 0.0185546875
1 0.9692382812 0.3569335938 0.0185546875 0.0341796875
1 0.8608398438 0.4042968750 0.0166015625 0.0410156250
1 0.9492187500 0.4482421875 0.0351562500 0.0195312500
1 0.8486328125 0.4897460938 0.0273437500 0.0458984375
1 0.8793945312 0.4892578125 0.0283203125 0.0449218750
1 0.9082031250 0.4892578125 0.0292968750 0.0468750000
1 0.9394531250 0.4892578125 0.0273437500 0.0468750000
0 0.8212890625 0.1616210938 0.0351562500 0.0205078125
0 0.8627929688 0.1308593750 0.0361328125 0.0781250000
2 0.9091796875 0.1293945312 0.0468750000 0.0380859375
0 0.8676757812 0.3662109375 0.0341796875 0.0195312500
0 0.9428710938 0.3637695312 0.0341796875 0.0185546875
0 0.9438476562 0.4301757812 0.0341796875 0.0185546875
0 0.8818359375 0.6254882812 0.0390625000 0.0146484375
0 0.8818359375 0.6464843750 0.0390625000 0.0136718750
0 0.8818359375 0.6665039062 0.0410156250 0.0146484375
0 0.8818359375 0.6875000000 0.0410156250 0.0136718750
0 0.8818359375 0.7075195312 0.0410156250 0.0146484375
0 0.8818359375 0.7275390625 0.0390625000 0.0136718750
0 0.8818359375 0.7480468750 0.0410156250 0.0156250000
0 0.8818359375 0.7680664062 0.0410156250 0.0146484375
0 0.8598632812 0.9179687500 0.0185546875 0.0332031250
0 0.9365234375 0.9492187500 0.0332031250 0.0195312500
0 0.9345703125 0.9086914062 0.0195312500 0.0322265625
1 0.9003906250 0.9501953125 0.0332031250 0.0195312500
