0 0.3120117188 0.1054687500 0.0361328125 0.0214843750
3 0.5600585938 0.1298828125 0.1455078125 0.1152343750
2 0.3691406250 0.2685546875 0.1503906250 0.1484375000
1 0.2753906250 0.1977539062 0.0175781250 0.0322265625
1 0.3188476562 0.1835937500 0.0322265625 0.0175781250
1 0.4550781250 0.2231445312 0.0175781250 0.0322265625
1 0.2851562500 0.3164062500 0.0156250000 0.0312500000
1 0.3022460938 0.3593750000 0.0166015625 0.0312500000
1 0.3193359375 0.3598632812 0.0175781250 0.0341796875
1 0.3364257812 0.3593750000 0.0185546875 0.0312500000
1 0.3632812500 0.3564453125 0.0351562500 0.0195312500
1 0.4072265625 0.3564453125 0.0332031250 0.0195312500
1 0.5434570312 0.3359375000 0.0185546875 0.0312500000
1 0.3569335938 0.5908203125 0.0166015625 0.0410156250
1 0.4018554688 0.5253906250 0.0146484375 0.0390625000
1 0.4248046875 0.5263671875 0.0195312500 0.0332031250
0 0.2656250000 0.3159179688 0.0195312500 0.0341796875
0 0.4658203125 0.2846679688 0.0332031250 0.0185546875
0 0.6689453125 0.1894531250 0.0214843750 0.0332031250
0 0.6884765625 0.1899414062 0.0195312500 0.0341796875
0 0.7084960938 0.1899414062 0.0224609375 0.0341796875
0 0.7294921875 0.1904296875 0.0214843750 0.0332031250
0 0.7490234375 0.1899414062 0.0195312500 0.0322265625
0 0.8232421875 0.1499023438 0.0195312500 0.0322265625
2 0.5004882812 0.3291015625 0.0615234375 0.0488281250
0 0.5781250000 0.4233398438 0.0195312500 0.0341796875
3 0.0786132812 0.7187500000 0.1572265625 0.2656250000
1 0.4082031250 0.6762695312 0.0332031250 0.0205078125
0 0.1796875000 0.6171875000 0.0410156250 0.0156250000
0 0.1801757812 0.6376953125 0.0419921875 0.0136718750
0 0.1806640625 0.6582031250 0.0390625000 0.0156250000
0 0.1801757812 0.6787109375 0.0419921875 0.0156250000
0 0.1811523438 0.6997070312 0.0400390625 0.0146484375
0 0.1796875000 0.7197265625 0.0410156250 0.0156250000
0 0.1806640625 0.7412109375 0.0410156250 0.0136718750
0 0.1801757812 0.7602539062 0.0380859375 0.0146484375
2 0.5620117188 0.5253906250 0.2470703125 0.1621093750
2 0.5620117188 0.7934570312 0.2587890625 0.2568359375
1 0.7001953125 0.6201171875 0.0136718750 0.0371093750
1 0.7578125000 0.6533203125 0.0410156250 0.0136718750
1 0.8164062500 0.6396484375 0.0410156250 0.0136718750
1 0.7143554688 0.6743164062 0.0322265625 0.0205078125
1 0.7148437500 0.6943359375 0.0332031250 0.0195312500
2 0.8447265625 0.7563476562 0.1171875000 0.1376953125
1 0.7949218750 0.8364257812 0.0332031250 0.0205078125
1 0.8916015625 0.8417968750 0.0410156250 0.0136718750
1 0.7158203125 0.9082031250 0.0332031250 0.0195312500
1 0.7143554688 0.9282226562 0.0419921875 0.0146484375
1 0.4086914062 0.9086914062 0.0341796875 0.0185546875
1 0.4082031250 0.9301757812 0.0410156250 0.0146484375
2 0.2456054688 0.8627929688 0.1396484375 0.1181640625
1 0.3271484375 0.8754882812 0.0156250000 0.0361328125
1 0.3007812500 0.9340820312 0.0332031250 0.0205078125
1 0.3750000000 0.9848632812 0.0410156250 0.0166015625
1 0.0317382812 0.9833984375 0.0263671875 0.0332031250
0 0.1318359375 0.9584960938 0.0351562500 0.0185546875
2 0.8676757812 0.1420898438 0.0615234375 0.0537109375
1 0.8491210938 0.1870117188 0.0341796875 0.0185546875
1 0.9868164062 0.3100585938 0.0263671875 0.0263671875
1 0.9873046875 0.3461914062 0.0253906250 0.0283203125
1 0.9399414062 0.3095703125 0.0458984375 0.0273437500
1 0.9414062500 0.3461914062 0.0468750000 0.0263671875
1 0.8964843750 0.3911132812 0.0332031250 0.0185546875
1 0.9223632812 0.4296875000 0.0166015625 0.0410156250
1 0.9101562500 0.5151367188 0.0273437500 0.0458984375
1 0.9409179688 0.5146484375 0.0283203125 0.0449218750
1 0.9697265625 0.5146484375 0.0292968750 0.0468750000
0 0.8828125000 0.1870117188 0.0351562500 0.0205078125
0 0.9243164062 0.1562500000 0.0361328125 0.0781250000
2 0.9707031250 0.1547851562 0.0468750000 0.0380859375
0 0.9291992188 0.3916015625 0.0341796875 0.0195312500
0 0.9433593750 0.6508789062 0.0390625000 0.0146484375
0 0.9433593750 0.6718750000 0.0390625000 0.0136718750
0 0.9433593750 0.6918945312 0.0410156250 0.0146484375
0 0.9433593750 0.7128906250 0.0410156250 0.0136718750
0 0.9433593750 0.7329101562 0.0410156250 0.0146484375
0 0.9433593750 0.7529296875 0.0390625000 0.0136718750
0 0.9433593750 0.7734375000 0.0410156250 0.0156250000
0 0.9433593750 0.7934570312 0.0410156250 0.0146484375
0 0.9213867188 0.9433593750 0.0185546875 0.0332031250
0 0.9907226562 0.9746093750 0.0185546875 0.0195312500
0 0.9931640625 0.9340820312 0.0136718750 0.0322265625
1 0.9619140625 0.9755859375 0.0332031250 0.0195312500
