1 0.5288085938 0.1259765625 0.0166015625 0.0410156250
1 0.5737304688 0.0605468750 0.0146484375 0.0390625000
1 0.5966796875 0.0615234375 0.0195312500 0.0332031250
3 0.2060546875 0.2539062500 0.2460937500 0.2656250000
1 0.5800781250 0.2114257812 0.0332031250 0.0205078125
0 0.3515625000 0.1523437500 0.0410156250 0.0156250000
0 0.3520507812 0.1728515625 0.0419921875 0.0136718750
0 0.3525390625 0.1933593750 0.0390625000 0.0156250000
0 0.3520507812 0.2138671875 0.0419921875 0.0156250000
0 0.3530273438 0.2348632812 0.0400390625 0.0146484375
0 0.3515625000 0.2548828125 0.0410156250 0.0156250000
0 0.3525390625 0.2763671875 0.0410156250 0.0136718750
0 0.3520507812 0.2954101562 0.0380859375 0.0146484375
2 0.7338867188 0.0708007812 0.2470703125 0.1416015625
2 0.7338867188 0.3286132812 0.2587890625 0.2568359375
1 0.8720703125 0.1552734375 0.0136718750 0.0371093750
1 0.9296875000 0.1884765625 0.0410156250 0.0136718750
1 0.9838867188 0.1748046875 0.0322265625 0.0136718750
1 0.8862304688 0.2094726562 0.0322265625 0.0205078125
1 0.8867187500 0.2294921875 0.0332031250 0.0195312500
1 0.9667968750 0.3715820312 0.0332031250 0.0205078125
1 0.8876953125 0.4433593750 0.0332031250 0.0195312500
1 0.8862304688 0.4633789062 0.0419921875 0.0146484375
1 0.5805664062 0.4438476562 0.0341796875 0.0185546875
1 0.5800781250 0.4653320312 0.0410156250 0.0146484375
2 0.4174804688 0.3979492188 0.1396484375 0.1181640625
1 0.4990234375 0.4106445312 0.0156250000 0.0361328125
1 0.4726562500 0.4692382812 0.0332031250 0.0205078125
1 0.5468750000 0.5200195312 0.0410156250 0.0166015625
1 0.2622070312 0.5786132812 0.0263671875 0.0439453125
1 0.2314453125 0.5776367188 0.0234375000 0.0439453125
1 0.2001953125 0.5795898438 0.0273437500 0.0439453125
1 0.2036132812 0.5244140625 0.0263671875 0.0449218750
0 0.3037109375 0.4936523438 0.0351562500 0.0185546875
0 0.1386718750 0.5029296875 0.0156250000 0.0351562500
0 0.1176757812 0.5219726562 0.0166015625 0.0380859375
0 0.1176757812 0.5668945312 0.0146484375 0.0361328125
2 0.1586914062 0.5615234375 0.0576171875 0.0566406250
3 0.6943359375 0.7910156250 0.6113281250 0.2421875000
0 0.3447265625 0.6127929688 0.0351562500 0.0185546875
0 0.3447265625 0.6533203125 0.0351562500 0.0195312500
0 0.3784179688 0.6123046875 0.0341796875 0.0195312500
0 0.4121093750 0.6123046875 0.0351562500 0.0195312500
0 0.4458007812 0.6123046875 0.0341796875 0.0195312500
0 0.4799804688 0.6123046875 0.0341796875 0.0195312500
0 0.5141601562 0.6123046875 0.0341796875 0.0195312500
0 0.5483398438 0.6113281250 0.0341796875 0.0195312500
0 0.3784179688 0.6528320312 0.0341796875 0.0205078125
0 0.4125976562 0.6528320312 0.0361328125 0.0205078125
0 0.4458007812 0.6523437500 0.0361328125 0.0195312500
0 0.4799804688 0.6528320312 0.0341796875 0.0205078125
0 0.5141601562 0.6523437500 0.0341796875 0.0195312500
0 0.5483398438 0.6523437500 0.0341796875 0.0195312500
0 0.5825195312 0.6518554688 0.0341796875 0.0205078125
0 0.6157226562 0.6518554688 0.0341796875 0.0205078125
0 0.5825195312 0.6113281250 0.0341796875 0.0214843750
0 0.6162109375 0.6113281250 0.0351562500 0.0214843750
0 0.6494140625 0.6113281250 0.0351562500 0.0195312500
0 0.6499023438 0.6508789062 0.0361328125 0.0205078125
0 0.6835937500 0.6113281250 0.0351562500 0.0195312500
0 0.6840820312 0.6508789062 0.0341796875 0.0205078125
1 0.3442382812 0.6333007812 0.0341796875 0.0205078125
1 0.3779296875 0.6323242188 0.0351562500 0.0205078125
1 0.4121093750 0.6323242188 0.0351562500 0.0205078125
1 0.4458007812 0.6323242188 0.0341796875 0.0185546875
1 0.4804687500 0.6318359375 0.0351562500 0.0195312500
1 0.5141601562 0.6323242188 0.0341796875 0.0205078125
1 0.5478515625 0.6318359375 0.0351562500 0.0195312500
1 0.5820312500 0.6318359375 0.0351562500 0.0195312500
1 0.6162109375 0.6313476562 0.0351562500 0.0205078125
1 0.6499023438 0.6313476562 0.0361328125 0.0205078125
1 0.6840820312 0.6313476562 0.0341796875 0.0205078125
1 0.7182617188 0.6308593750 0.0341796875 0.0214843750
1 0.7519531250 0.6308593750 0.0351562500 0.0214843750
1 0.7861328125 0.6308593750 0.0351562500 0.0214843750
1 0.8198242188 0.6303710938 0.0341796875 0.0205078125
1 0.8535156250 0.6303710938 0.0351562500 0.0205078125
1 0.8876953125 0.6303710938 0.0351562500 0.0205078125
1 0.9213867188 0.6303710938 0.0341796875 0.0205078125
1 0.9550781250 0.6308593750 0.0351562500 0.0195312500
1 0.9858398438 0.6298828125 0.0283203125 0.0195312500
0 0.7861328125 0.6103515625 0.0351562500 0.0195312500
0 0.8193359375 0.6103515625 0.0351562500 0.0195312500
0 0.8535156250 0.6098632812 0.0351562500 0.0205078125
0 0.8876953125 0.6098632812 0.0351562500 0.0205078125
0 0.9213867188 0.6098632812 0.0341796875 0.0205078125
0 0.9555664062 0.6098632812 0.0341796875 0.0205078125
0 0.9858398438 0.6098632812 0.0283203125 0.0205078125
0 0.7856445312 0.6503906250 0.0361328125 0.0195312500
0 0.8193359375 0.6508789062 0.0351562500 0.0205078125
0 0.8535156250 0.6499023438 0.0351562500 0.0205078125
0 0.8876953125 0.6503906250 0.0351562500 0.0195312500
0 0.9213867188 0.6503906250 0.0341796875 0.0195312500
0 0.9550781250 0.6499023438 0.0351562500 0.0205078125
0 0.9858398438 0.6494140625 0.0283203125 0.0214843750
0 0.7177734375 0.6513671875 0.0351562500 0.0195312500
0 0.7514648438 0.6508789062 0.0341796875 0.0185546875
0 0.7177734375 0.6103515625 0.0351562500 0.0195312500
0 0.7519531250 0.6108398438 0.0351562500 0.0205078125
