3 0.5000000000 0.2333984375 0.6328125000 0.1347656250
3 0.5815429688 0.4921875000 0.0927734375 0.1699218750
3 0.4038085938 0.5429687500 0.0732421875 0.1347656250
3 0.4365234375 0.3881835938 0.1347656250 0.0751953125
3 0.7485351562 0.3867187500 0.1357421875 0.0781250000
3 0.0664062500 0.8823242188 0.1328125000 0.0751953125
2 0.8564453125 0.8657226562 0.0937500000 0.0927734375
0 0.9121093750 0.6953125000 0.0488281250 0.0253906250
0 0.9116210938 0.6708984375 0.0498046875 0.0253906250
0 0.9501953125 0.8349609375 0.0312500000 0.0507812500
0 0.7910156250 0.6855468750 0.0625000000 0.0371093750
0 0.7714843750 0.6357421875 0.0566406250 0.0292968750
0 0.7734375000 0.6049804688 0.0566406250 0.0322265625
0 0.7709960938 0.5498046875 0.0556640625 0.0312500000
0 0.6928710938 0.4868164062 0.0595703125 0.0341796875
0 0.6791992188 0.5664062500 0.0322265625 0.0566406250
0 0.6499023438 0.5942382812 0.0341796875 0.0537109375
0 0.7270507812 0.7719726562 0.0400390625 0.0361328125
0 0.8564453125 0.3662109375 0.0566406250 0.0312500000
0 0.0092773438 0.7734375000 0.0185546875 0.0507812500
0 0.0307617188 0.7719726562 0.0283203125 0.0615234375
0 0.0561523438 0.7749023438 0.0263671875 0.0556640625
0 0.0815429688 0.7714843750 0.0224609375 0.0546875000
0 0.1074218750 0.7734375000 0.0273437500 0.0566406250
0 0.1416015625 0.7709960938 0.0371093750 0.0634765625
0 0.2900390625 0.4370117188 0.0488281250 0.0302734375
0 0.2890625000 0.4624023438 0.0527343750 0.0224609375
0 0.2880859375 0.4863281250 0.0546875000 0.0253906250
0 0.2875976562 0.5122070312 0.0556640625 0.0244140625
0 0.2880859375 0.5366210938 0.0566406250 0.0263671875
0 0.2875976562 0.5610351562 0.0576171875 0.0244140625
0 0.2890625000 0.5864257812 0.0566406250 0.0263671875
0 0.2739257812 0.6557617188 0.0556640625 0.0302734375
0 0.2744140625 0.6860351562 0.0546875000 0.0322265625
0 0.2739257812 0.7182617188 0.0576171875 0.0283203125
0 0.2597656250 0.8154296875 0.0390625000 0.0390625000
0 0.2431640625 0.8325195312 0.0371093750 0.0400390625
0 0.4267578125 0.6479492188 0.0546875000 0.0322265625
1 0.1093750000 0.9790039062 0.0488281250 0.0302734375
1 0.2221679688 0.8515625000 0.0439453125 0.0468750000
1 0.3759765625 0.6943359375 0.0566406250 0.0566406250
1 0.2231445312 0.5205078125 0.0341796875 0.0605468750
1 0.2465820312 0.3637695312 0.0595703125 0.0341796875
1 0.0571289062 0.2163085938 0.0341796875 0.0595703125
1 0.5444335938 0.6445312500 0.0498046875 0.0507812500
1 0.7758789062 0.8203125000 0.0478515625 0.0429687500
1 0.8935546875 0.9672851562 0.0507812500 0.0517578125
1 0.7065429688 0.7495117188 0.0498046875 0.0458984375
