3 0.7055664062 0.6357421875 0.5322265625 0.2421875000
3 0.7441406250 0.1909179688 0.4648437500 0.2548828125
3 0.4082031250 0.2587890625 0.2089843750 0.5175781250
2 0.1098632812 0.5234375000 0.2197265625 0.1503906250
0 0.2080078125 0.3110351562 0.0605468750 0.0361328125
1 0.1865234375 0.1835937500 0.0527343750 0.0585937500
1 0.1494140625 0.2192382812 0.0605468750 0.0615234375
1 0.0991210938 0.2700195312 0.0615234375 0.0615234375
1 0.0649414062 0.3061523438 0.0537109375 0.0556640625
1 0.1259765625 0.3515625000 0.0507812500 0.0273437500
1 0.0971679688 0.4306640625 0.0576171875 0.0292968750
