3 0.7441406250 0.8325195312 0.4648437500 0.2548828125
3 0.4082031250 0.7104492188 0.2089843750 0.5791015625
3 0.5405273438 0.3076171875 0.1943359375 0.2070312500
2 0.3100585938 0.0307617188 0.0986328125 0.0615234375
2 0.3232421875 0.3305664062 0.0781250000 0.0556640625
3 0.0590820312 0.0366210938 0.1181640625 0.0732421875
1 0.4350585938 0.0327148438 0.0537109375 0.0654296875
1 0.3896484375 0.0224609375 0.0332031250 0.0449218750
1 0.3095703125 0.1499023438 0.0917968750 0.0478515625
1 0.3139648438 0.0971679688 0.0849609375 0.0537109375
2 0.1582031250 0.5131835938 0.0937500000 0.0927734375
0 0.4072265625 0.1054687500 0.0527343750 0.0253906250
0 0.4067382812 0.1318359375 0.0517578125 0.0253906250
0 0.2138671875 0.3427734375 0.0488281250 0.0253906250
0 0.2133789062 0.3183593750 0.0498046875 0.0253906250
0 0.2519531250 0.4824218750 0.0312500000 0.0507812500
0 0.0927734375 0.3330078125 0.0625000000 0.0371093750
0 0.0732421875 0.2832031250 0.0566406250 0.0292968750
0 0.0751953125 0.2524414062 0.0566406250 0.0322265625
0 0.0727539062 0.1972656250 0.0556640625 0.0312500000
0 0.0288085938 0.4194335938 0.0400390625 0.0361328125
0 0.1582031250 0.0146484375 0.0566406250 0.0292968750
0 0.2080078125 0.9526367188 0.0605468750 0.0361328125
3 0.5346679688 0.5000000000 0.0537109375 0.1406250000
1 0.0776367188 0.4677734375 0.0478515625 0.0429687500
1 0.1953125000 0.6147460938 0.0507812500 0.0517578125
1 0.0166015625 0.3969726562 0.0332031250 0.0458984375
1 0.1865234375 0.8251953125 0.0527343750 0.0585937500
1 0.1494140625 0.8608398438 0.0605468750 0.0615234375
1 0.0991210938 0.9116210938 0.0615234375 0.0615234375
1 0.0649414062 0.9477539062 0.0537109375 0.0556640625
1 0.1259765625 0.9897460938 0.0507812500 0.0205078125
