2 0.6367187500 0.0922851562 0.1992187500 0.1845703125
3 0.5004882812 0.5000000000 0.5654296875 0.1425781250
3 0.1772460938 0.4418945312 0.0693359375 0.1376953125
2 0.7778320312 0.8095703125 0.1689453125 0.1718750000
2 0.0156250000 0.7734375000 0.0312500000 0.0449218750
2 0.0283203125 0.9208984375 0.0566406250 0.0527343750
2 0.1855468750 0.7734375000 0.0468750000 0.0449218750
2 0.3193359375 0.8828125000 0.0488281250 0.0468750000
0 0.3134765625 0.9921875000 0.0546875000 0.0156250000
0 0.3676757812 0.3203125000 0.0283203125 0.0527343750
0 0.3979492188 0.3227539062 0.0302734375 0.0576171875
0 0.4414062500 0.3232421875 0.0332031250 0.0566406250
0 0.4741210938 0.3217773438 0.0322265625 0.0556640625
0 0.3652343750 0.3989257812 0.0332031250 0.0537109375
0 0.3984375000 0.4018554688 0.0292968750 0.0556640625
0 0.4428710938 0.3979492188 0.0302734375 0.0576171875
0 0.4731445312 0.3989257812 0.0302734375 0.0615234375
0 0.5668945312 0.4038085938 0.0302734375 0.0517578125
0 0.6000976562 0.4047851562 0.0302734375 0.0537109375
0 0.6440429688 0.4062500000 0.0302734375 0.0566406250
0 0.6752929688 0.4038085938 0.0322265625 0.0517578125
0 0.9414062500 0.7099609375 0.0449218750 0.0253906250
0 0.9394531250 0.7363281250 0.0488281250 0.0253906250
1 0.1186523438 0.2768554688 0.0341796875 0.0576171875
1 0.2524414062 0.3813476562 0.0517578125 0.0947265625
1 0.0478515625 0.8129882812 0.0507812500 0.0302734375
1 0.1459960938 0.8120117188 0.0576171875 0.0322265625
1 0.2685546875 0.8002929688 0.0546875000 0.0283203125
1 0.2075195312 0.9790039062 0.0341796875 0.0419921875
1 0.0659179688 0.9848632812 0.0263671875 0.0302734375
1 0.6401367188 0.7910156250 0.0556640625 0.0273437500
1 0.6396484375 0.7641601562 0.0566406250 0.0302734375
1 0.4863281250 0.0449218750 0.0546875000 0.0292968750
1 0.4687500000 0.0834960938 0.0546875000 0.0283203125
1 0.4697265625 0.1113281250 0.0625000000 0.0292968750
1 0.4750976562 0.1611328125 0.0595703125 0.0371093750
1 0.5541992188 0.2392578125 0.0244140625 0.0527343750
1 0.5800781250 0.2412109375 0.0234375000 0.0566406250
1 0.6235351562 0.2421875000 0.0263671875 0.0566406250
1 0.6503906250 0.2416992188 0.0273437500 0.0576171875
1 0.6972656250 0.2421875000 0.0312500000 0.0566406250
1 0.7250976562 0.2412109375 0.0302734375 0.0605468750
1 0.7856445312 0.0805664062 0.0537109375 0.0302734375
1 0.7856445312 0.1083984375 0.0576171875 0.0292968750
1 0.9199218750 0.2041015625 0.0566406250 0.0332031250
1 0.8588867188 0.6728515625 0.0263671875 0.0585937500
1 0.8339843750 0.6718750000 0.0234375000 0.0566406250
1 0.9765625000 0.7221679688 0.0273437500 0.0576171875
1 0.9008789062 0.7226562500 0.0263671875 0.0566406250
1 0.9135742188 0.7597656250 0.0517578125 0.0234375000
1 0.9326171875 0.7841796875 0.0546875000 0.0273437500
1 0.9121093750 0.8090820312 0.0605468750 0.0283203125
1 0.8383789062 0.9692382812 0.0224609375 0.0439453125
1 0.8139648438 0.9716796875 0.0224609375 0.0468750000
