3 0.7661132812 0.2265625000 0.4677734375 0.1425781250
3 0.4916992188 0.1684570312 0.0693359375 0.1376953125
2 0.6987304688 0.9194335938 0.1669921875 0.1611328125
2 0.3222656250 0.5000000000 0.0468750000 0.0449218750
2 0.3364257812 0.6474609375 0.0693359375 0.0527343750
2 0.3349609375 0.8334960938 0.0468750000 0.0673828125
2 0.2104492188 0.8613281250 0.0751953125 0.0605468750
2 0.3818359375 0.9321289062 0.0859375000 0.0654296875
2 0.5000000000 0.5000000000 0.0468750000 0.0449218750
2 0.6337890625 0.6093750000 0.0488281250 0.0468750000
2 0.2143554688 0.9624023438 0.0458984375 0.0712890625
0 0.7456054688 0.7900390625 0.0302734375 0.0585937500
0 0.6699218750 0.8002929688 0.0273437500 0.0595703125
0 0.6132812500 0.8002929688 0.0273437500 0.0498046875
0 0.6279296875 0.7260742188 0.0546875000 0.0302734375
0 0.1157226562 0.1250000000 0.0302734375 0.0605468750
0 0.0874023438 0.0976562500 0.0341796875 0.0566406250
0 0.6821289062 0.0468750000 0.0283203125 0.0527343750
0 0.7124023438 0.0493164062 0.0302734375 0.0576171875
0 0.7558593750 0.0498046875 0.0332031250 0.0566406250
0 0.7885742188 0.0483398438 0.0322265625 0.0556640625
0 0.6796875000 0.1254882812 0.0332031250 0.0537109375
0 0.7128906250 0.1284179688 0.0292968750 0.0556640625
0 0.7573242188 0.1245117188 0.0302734375 0.0576171875
0 0.7875976562 0.1254882812 0.0302734375 0.0615234375
0 0.8813476562 0.1303710938 0.0302734375 0.0517578125
0 0.9145507812 0.1313476562 0.0302734375 0.0537109375
0 0.9584960938 0.1328125000 0.0302734375 0.0566406250
0 0.9868164062 0.1303710938 0.0263671875 0.0517578125
1 0.4331054688 0.0161132812 0.0341796875 0.0322265625
1 0.5668945312 0.1079101562 0.0517578125 0.0947265625
1 0.2783203125 0.5502929688 0.0312500000 0.0556640625
1 0.3623046875 0.5395507812 0.0507812500 0.0302734375
1 0.4604492188 0.5385742188 0.0576171875 0.0322265625
1 0.5830078125 0.5268554688 0.0546875000 0.0283203125
1 0.5219726562 0.7143554688 0.0341796875 0.0595703125
1 0.3803710938 0.7236328125 0.0263671875 0.0546875000
1 0.2797851562 0.8090820312 0.0517578125 0.0263671875
1 0.1791992188 0.9140625000 0.0283203125 0.0527343750
1 0.2973632812 0.8911132812 0.0322265625 0.0576171875
1 0.3808593750 0.8769531250 0.0605468750 0.0312500000
1 0.2753906250 0.9853515625 0.0488281250 0.0273437500
1 0.9111328125 0.7622070312 0.0292968750 0.0556640625
1 0.9008789062 0.8862304688 0.0283203125 0.0537109375
1 0.9545898438 0.8999023438 0.0517578125 0.0302734375
1 0.9545898438 0.5175781250 0.0556640625 0.0273437500
1 0.9541015625 0.4907226562 0.0566406250 0.0302734375
1 0.7172851562 0.7905273438 0.0263671875 0.0595703125
0 0.2363281250 0.6875000000 0.0546875000 0.0312500000
