3 0.8017578125 0.5424804688 0.3964843750 0.2548828125
3 0.5000000000 0.5000000000 0.2089843750 0.7382812500
3 0.6323242188 0.0605468750 0.1943359375 0.1210937500
2 0.1904296875 0.8750000000 0.2421875000 0.1503906250
2 0.4150390625 0.0405273438 0.0781250000 0.0556640625
2 0.2500000000 0.2231445312 0.0937500000 0.0927734375
0 0.3056640625 0.0527343750 0.0488281250 0.0253906250
0 0.3051757812 0.0283203125 0.0498046875 0.0253906250
0 0.3437500000 0.1923828125 0.0312500000 0.0507812500
0 0.1845703125 0.0429687500 0.0625000000 0.0371093750
0 0.1206054688 0.1293945312 0.0400390625 0.0361328125
0 0.2998046875 0.6625976562 0.0605468750 0.0361328125
3 0.6264648438 0.2099609375 0.0537109375 0.1406250000
1 0.0200195312 0.9150390625 0.0400390625 0.0351562500
1 0.1694335938 0.1777343750 0.0478515625 0.0429687500
1 0.2871093750 0.3247070312 0.0507812500 0.0517578125
1 0.1000976562 0.1069335938 0.0498046875 0.0458984375
1 0.2783203125 0.5351562500 0.0527343750 0.0585937500
1 0.2412109375 0.5708007812 0.0605468750 0.0615234375
1 0.1909179688 0.6215820312 0.0615234375 0.0615234375
1 0.1567382812 0.6577148438 0.0537109375 0.0556640625
1 0.0229492188 0.7944335938 0.0458984375 0.0634765625
1 0.2177734375 0.7031250000 0.0507812500 0.0273437500
1 0.1889648438 0.7822265625 0.0576171875 0.0292968750
