2 0.8637695312 0.5917968750 0.1669921875 0.1718750000
2 0.4873046875 0.1669921875 0.0468750000 0.0449218750
2 0.5014648438 0.3144531250 0.0693359375 0.0527343750
2 0.5000000000 0.5004882812 0.0468750000 0.0673828125
2 0.3754882812 0.5283203125 0.0751953125 0.0605468750
2 0.5468750000 0.5991210938 0.0859375000 0.0654296875
2 0.6650390625 0.1669921875 0.0468750000 0.0449218750
2 0.7988281250 0.2763671875 0.0488281250 0.0468750000
2 0.3793945312 0.6293945312 0.0458984375 0.0712890625
0 0.9106445312 0.4570312500 0.0302734375 0.0585937500
0 0.8349609375 0.4672851562 0.0273437500 0.0595703125
0 0.7783203125 0.4672851562 0.0273437500 0.0498046875
0 0.7929687500 0.3930664062 0.0546875000 0.0302734375
0 0.1381835938 0.3339843750 0.0556640625 0.0312500000
0 0.4428710938 0.8691406250 0.0537109375 0.0312500000
0 0.3232421875 0.8134765625 0.0585937500 0.0351562500
0 0.1391601562 0.2207031250 0.0576171875 0.0332031250
0 0.1381835938 0.1088867188 0.0615234375 0.0361328125
1 0.4433593750 0.2172851562 0.0312500000 0.0556640625
1 0.5273437500 0.2065429688 0.0507812500 0.0302734375
1 0.6254882812 0.2055664062 0.0576171875 0.0322265625
1 0.7480468750 0.1938476562 0.0546875000 0.0283203125
1 0.6870117188 0.3813476562 0.0341796875 0.0595703125
1 0.5454101562 0.3906250000 0.0263671875 0.0546875000
1 0.4448242188 0.4760742188 0.0517578125 0.0263671875
1 0.3442382812 0.5810546875 0.0283203125 0.0527343750
1 0.4624023438 0.5581054688 0.0322265625 0.0576171875
1 0.5458984375 0.5439453125 0.0605468750 0.0312500000
1 0.4404296875 0.6523437500 0.0488281250 0.0273437500
1 0.3330078125 0.6757812500 0.0546875000 0.0292968750
1 0.3706054688 0.8178710938 0.0322265625 0.0556640625
1 0.5034179688 0.8535156250 0.0283203125 0.0585937500
1 0.4682617188 0.7275390625 0.0517578125 0.0312500000
1 0.7983398438 0.7231445312 0.0263671875 0.0556640625
1 0.8496093750 0.7236328125 0.0253906250 0.0566406250
1 0.9741210938 0.7690429688 0.0478515625 0.0244140625
1 0.9765625000 0.7387695312 0.0468750000 0.0263671875
1 0.8823242188 0.4575195312 0.0263671875 0.0595703125
0 0.4013671875 0.3544921875 0.0546875000 0.0312500000
