3 0.2558593750 0.2333984375 0.5117187500 0.1347656250
3 0.9184570312 0.6601562500 0.1630859375 0.2070312500
2 0.7036132812 0.3666992188 0.0986328125 0.0947265625
2 0.7167968750 0.6831054688 0.0781250000 0.0556640625
3 0.2768554688 0.4921875000 0.0927734375 0.1699218750
3 0.0991210938 0.5429687500 0.0732421875 0.1347656250
3 0.1318359375 0.3881835938 0.1347656250 0.0751953125
3 0.4438476562 0.3867187500 0.1357421875 0.0781250000
1 0.8286132812 0.3710937500 0.0537109375 0.0937500000
1 0.7832031250 0.3681640625 0.0332031250 0.0585937500
1 0.7060546875 0.2324218750 0.0917968750 0.0507812500
1 0.7089843750 0.2875976562 0.0859375000 0.0517578125
1 0.7031250000 0.5024414062 0.0917968750 0.0478515625
1 0.7075195312 0.4497070312 0.0849609375 0.0537109375
2 0.5517578125 0.8657226562 0.0937500000 0.0927734375
0 0.8891601562 0.2900390625 0.0341796875 0.0605468750
0 0.7993164062 0.2778320312 0.0556640625 0.0302734375
0 0.7988281250 0.3066406250 0.0546875000 0.0312500000
0 0.8007812500 0.4580078125 0.0527343750 0.0253906250
0 0.8002929688 0.4843750000 0.0517578125 0.0253906250
0 0.6074218750 0.6953125000 0.0488281250 0.0253906250
0 0.6069335938 0.6708984375 0.0498046875 0.0253906250
0 0.6455078125 0.8349609375 0.0312500000 0.0507812500
0 0.4863281250 0.6855468750 0.0625000000 0.0371093750
0 0.4667968750 0.6357421875 0.0566406250 0.0292968750
0 0.4687500000 0.6049804688 0.0566406250 0.0322265625
0 0.4663085938 0.5498046875 0.0556640625 0.0312500000
0 0.3881835938 0.4868164062 0.0595703125 0.0341796875
0 0.3745117188 0.5664062500 0.0322265625 0.0566406250
0 0.3452148438 0.5942382812 0.0341796875 0.0537109375
0 0.4223632812 0.7719726562 0.0400390625 0.0361328125
0 0.5517578125 0.3662109375 0.0566406250 0.0312500000
0 0.1220703125 0.6479492188 0.0546875000 0.0322265625
3 0.9282226562 0.8525390625 0.0537109375 0.1406250000
1 0.0712890625 0.6943359375 0.0566406250 0.0566406250
1 0.2397460938 0.6445312500 0.0498046875 0.0507812500
1 0.4711914062 0.8203125000 0.0478515625 0.0429687500
1 0.5888671875 0.9672851562 0.0507812500 0.0517578125
1 0.4018554688 0.7495117188 0.0498046875 0.0458984375
