2 0.8168945312 0.4941406250 0.1669921875 0.1718750000
2 0.4404296875 0.0693359375 0.0468750000 0.0449218750
2 0.4545898438 0.2167968750 0.0693359375 0.0527343750
2 0.4531250000 0.4028320312 0.0468750000 0.0673828125
2 0.3286132812 0.4306640625 0.0751953125 0.0605468750
2 0.5000000000 0.5014648438 0.0859375000 0.0654296875
2 0.6181640625 0.0693359375 0.0468750000 0.0449218750
2 0.7519531250 0.1787109375 0.0488281250 0.0468750000
2 0.9731445312 0.7050781250 0.0478515625 0.0390625000
2 0.3325195312 0.5317382812 0.0458984375 0.0712890625
0 0.8637695312 0.3593750000 0.0302734375 0.0585937500
0 0.7880859375 0.3696289062 0.0273437500 0.0595703125
0 0.7314453125 0.3696289062 0.0273437500 0.0498046875
0 0.7460937500 0.2954101562 0.0546875000 0.0302734375
0 0.0913085938 0.2363281250 0.0556640625 0.0312500000
0 0.3959960938 0.7714843750 0.0537109375 0.0312500000
0 0.2763671875 0.7158203125 0.0585937500 0.0351562500
0 0.0922851562 0.1230468750 0.0576171875 0.0332031250
0 0.0913085938 0.0146484375 0.0615234375 0.0292968750
1 0.3964843750 0.1196289062 0.0312500000 0.0556640625
1 0.4804687500 0.1088867188 0.0507812500 0.0302734375
1 0.5786132812 0.1079101562 0.0576171875 0.0322265625
1 0.7011718750 0.0961914062 0.0546875000 0.0283203125
1 0.6401367188 0.2836914062 0.0341796875 0.0595703125
1 0.4985351562 0.2929687500 0.0263671875 0.0546875000
1 0.3979492188 0.3784179688 0.0517578125 0.0263671875
1 0.2973632812 0.4833984375 0.0283203125 0.0527343750
1 0.4155273438 0.4604492188 0.0322265625 0.0576171875
1 0.4990234375 0.4462890625 0.0605468750 0.0312500000
1 0.3935546875 0.5546875000 0.0488281250 0.0273437500
1 0.2861328125 0.5781250000 0.0546875000 0.0292968750
1 0.3237304688 0.7202148438 0.0322265625 0.0556640625
1 0.4565429688 0.7558593750 0.0283203125 0.0585937500
1 0.4213867188 0.6298828125 0.0517578125 0.0312500000
1 0.7514648438 0.6254882812 0.0263671875 0.0556640625
1 0.8027343750 0.6259765625 0.0253906250 0.0566406250
1 0.9272460938 0.6713867188 0.0478515625 0.0244140625
1 0.9301757812 0.6411132812 0.0478515625 0.0263671875
1 0.8354492188 0.3598632812 0.0263671875 0.0595703125
0 0.3544921875 0.2568359375 0.0546875000 0.0312500000
