3 0.4082031250 0.8066406250 0.2089843750 0.3867187500
3 0.5405273438 0.5000000000 0.1943359375 0.2070312500
2 0.3100585938 0.2065429688 0.0986328125 0.0947265625
2 0.3232421875 0.5229492188 0.0781250000 0.0556640625
3 0.0590820312 0.2265625000 0.1181640625 0.0781250000
1 0.4350585938 0.2109375000 0.0537109375 0.0937500000
1 0.3896484375 0.2080078125 0.0332031250 0.0585937500
1 0.3125000000 0.0722656250 0.0917968750 0.0507812500
1 0.3154296875 0.1274414062 0.0859375000 0.0517578125
1 0.3095703125 0.3422851562 0.0917968750 0.0478515625
1 0.3139648438 0.2895507812 0.0849609375 0.0537109375
2 0.1582031250 0.7055664062 0.0937500000 0.0927734375
0 0.4956054688 0.1298828125 0.0341796875 0.0605468750
0 0.4057617188 0.1176757812 0.0556640625 0.0302734375
0 0.4052734375 0.1464843750 0.0546875000 0.0312500000
0 0.4072265625 0.2978515625 0.0527343750 0.0253906250
0 0.4067382812 0.3242187500 0.0517578125 0.0253906250
0 0.2138671875 0.5351562500 0.0488281250 0.0253906250
0 0.2133789062 0.5107421875 0.0498046875 0.0253906250
0 0.2519531250 0.6748046875 0.0312500000 0.0507812500
0 0.0927734375 0.5253906250 0.0625000000 0.0371093750
0 0.0732421875 0.4755859375 0.0566406250 0.0292968750
0 0.0751953125 0.4448242188 0.0566406250 0.0322265625
0 0.0727539062 0.3896484375 0.0556640625 0.0312500000
0 0.0288085938 0.6118164062 0.0400390625 0.0361328125
0 0.1582031250 0.2060546875 0.0566406250 0.0312500000
3 0.5346679688 0.6923828125 0.0537109375 0.1406250000
1 0.0776367188 0.6601562500 0.0478515625 0.0429687500
1 0.1953125000 0.8071289062 0.0507812500 0.0517578125
1 0.0166015625 0.5893554688 0.0332031250 0.0458984375
