3 0.8354492188 0.2836914062 0.1337890625 0.5673828125
2 0.4741210938 0.1513671875 0.1689453125 0.1718750000
2 0.0820312500 0.5400390625 0.1640625000 0.1718750000
2 0.9326171875 0.6655273438 0.1347656250 0.1357421875
2 0.8657226562 0.8110351562 0.0673828125 0.0947265625
2 0.0200195312 0.2246093750 0.0400390625 0.0468750000
2 0.2368164062 0.7509765625 0.0478515625 0.0390625000
2 0.3959960938 0.7666015625 0.0478515625 0.0449218750
2 0.5004882812 0.5000000000 0.0498046875 0.0468750000
2 0.3837890625 0.5483398438 0.0449218750 0.0478515625
0 0.9619140625 0.5029296875 0.0292968750 0.0527343750
0 0.9311523438 0.5410156250 0.0322265625 0.0585937500
0 0.9482421875 0.7905273438 0.0566406250 0.0361328125
0 0.8447265625 0.5961914062 0.0566406250 0.0302734375
0 0.8178710938 0.5727539062 0.0634765625 0.0244140625
0 0.1274414062 0.4052734375 0.0302734375 0.0585937500
0 0.0517578125 0.4155273438 0.0273437500 0.0595703125
0 0.0185546875 0.3413085938 0.0371093750 0.0302734375
0 0.6376953125 0.0517578125 0.0449218750 0.0253906250
0 0.6357421875 0.0781250000 0.0488281250 0.0253906250
1 0.0151367188 0.6713867188 0.0263671875 0.0556640625
1 0.0664062500 0.6718750000 0.0253906250 0.0566406250
1 0.1909179688 0.7172851562 0.0478515625 0.0244140625
1 0.1938476562 0.6870117188 0.0478515625 0.0263671875
1 0.2929687500 0.3774414062 0.0292968750 0.0556640625
1 0.2827148438 0.5014648438 0.0283203125 0.0537109375
1 0.3364257812 0.5151367188 0.0517578125 0.0302734375
1 0.3364257812 0.1328125000 0.0556640625 0.0273437500
1 0.3359375000 0.1059570312 0.0566406250 0.0302734375
1 0.5551757812 0.0219726562 0.0263671875 0.0439453125
1 0.5302734375 0.0209960938 0.0234375000 0.0419921875
1 0.6728515625 0.0639648438 0.0273437500 0.0576171875
1 0.5971679688 0.0644531250 0.0263671875 0.0566406250
1 0.6098632812 0.1015625000 0.0517578125 0.0234375000
1 0.6289062500 0.1259765625 0.0546875000 0.0273437500
1 0.6083984375 0.1508789062 0.0605468750 0.0283203125
1 0.5346679688 0.3110351562 0.0224609375 0.0439453125
1 0.5102539062 0.3134765625 0.0224609375 0.0468750000
1 0.7416992188 0.7426757812 0.0341796875 0.0576171875
1 0.8271484375 0.7294921875 0.0312500000 0.0566406250
1 0.7998046875 0.6601562500 0.0507812500 0.0273437500
1 0.9750976562 0.5541992188 0.0302734375 0.0537109375
1 0.0991210938 0.4057617188 0.0263671875 0.0595703125
