3 0.8549804688 0.2265625000 0.2900390625 0.1425781250
3 0.6694335938 0.1684570312 0.0693359375 0.1376953125
2 0.8764648438 0.9194335938 0.1669921875 0.1611328125
2 0.5000000000 0.5000000000 0.0468750000 0.0449218750
2 0.5141601562 0.6474609375 0.0693359375 0.0527343750
2 0.5126953125 0.8334960938 0.0468750000 0.0673828125
2 0.3881835938 0.8613281250 0.0751953125 0.0605468750
2 0.5595703125 0.9321289062 0.0859375000 0.0654296875
2 0.6777343750 0.5000000000 0.0468750000 0.0449218750
2 0.8115234375 0.6093750000 0.0488281250 0.0468750000
2 0.3920898438 0.9624023438 0.0458984375 0.0712890625
0 0.9233398438 0.7900390625 0.0302734375 0.0585937500
0 0.8476562500 0.8002929688 0.0273437500 0.0595703125
0 0.7910156250 0.8002929688 0.0273437500 0.0498046875
0 0.8056640625 0.7260742188 0.0546875000 0.0302734375
0 0.1508789062 0.6669921875 0.0556640625 0.0312500000
0 0.1518554688 0.5537109375 0.0576171875 0.0332031250
0 0.1508789062 0.4418945312 0.0615234375 0.0361328125
0 0.1508789062 0.3286132812 0.0556640625 0.0341796875
0 0.1489257812 0.2319335938 0.0576171875 0.0361328125
0 0.2934570312 0.1250000000 0.0302734375 0.0605468750
0 0.2651367188 0.0976562500 0.0341796875 0.0566406250
0 0.8598632812 0.0468750000 0.0283203125 0.0527343750
0 0.8901367188 0.0493164062 0.0302734375 0.0576171875
0 0.9335937500 0.0498046875 0.0332031250 0.0566406250
0 0.9663085938 0.0483398438 0.0322265625 0.0556640625
0 0.8574218750 0.1254882812 0.0332031250 0.0537109375
0 0.8906250000 0.1284179688 0.0292968750 0.0556640625
0 0.9350585938 0.1245117188 0.0302734375 0.0576171875
0 0.9653320312 0.1254882812 0.0302734375 0.0615234375
1 0.6108398438 0.0161132812 0.0341796875 0.0322265625
1 0.7446289062 0.1079101562 0.0517578125 0.0947265625
1 0.4560546875 0.5502929688 0.0312500000 0.0556640625
1 0.5400390625 0.5395507812 0.0507812500 0.0302734375
1 0.6381835938 0.5385742188 0.0576171875 0.0322265625
1 0.7607421875 0.5268554688 0.0546875000 0.0283203125
1 0.6997070312 0.7143554688 0.0341796875 0.0595703125
1 0.5581054688 0.7236328125 0.0263671875 0.0546875000
1 0.4575195312 0.8090820312 0.0517578125 0.0263671875
1 0.3569335938 0.9140625000 0.0283203125 0.0527343750
1 0.4750976562 0.8911132812 0.0322265625 0.0576171875
1 0.5585937500 0.8769531250 0.0605468750 0.0312500000
1 0.4531250000 0.9853515625 0.0488281250 0.0273437500
1 0.8950195312 0.7905273438 0.0263671875 0.0595703125
0 0.4140625000 0.6875000000 0.0546875000 0.0312500000
