3 0.6811523438 0.1171875000 0.5654296875 0.1425781250
3 0.3579101562 0.0639648438 0.0693359375 0.1279296875
2 0.9370117188 0.4267578125 0.1259765625 0.1718750000
2 0.5649414062 0.8154296875 0.1669921875 0.1718750000
2 0.1884765625 0.3906250000 0.0468750000 0.0449218750
2 0.2026367188 0.5380859375 0.0693359375 0.0527343750
2 0.2011718750 0.7241210938 0.0468750000 0.0673828125
2 0.0766601562 0.7519531250 0.0751953125 0.0605468750
2 0.2480468750 0.8227539062 0.0859375000 0.0654296875
2 0.3662109375 0.3906250000 0.0468750000 0.0449218750
2 0.5000000000 0.5000000000 0.0488281250 0.0468750000
2 0.0805664062 0.8530273438 0.0458984375 0.0712890625
2 0.9799804688 0.7753906250 0.0400390625 0.0468750000
2 0.8681640625 0.8237304688 0.0449218750 0.0478515625
0 0.6118164062 0.6806640625 0.0302734375 0.0585937500
0 0.5361328125 0.6909179688 0.0273437500 0.0595703125
0 0.4794921875 0.6909179688 0.0273437500 0.0498046875
0 0.4941406250 0.6166992188 0.0546875000 0.0302734375
0 0.5458984375 0.0214843750 0.0332031250 0.0429687500
0 0.5791015625 0.0234375000 0.0292968750 0.0468750000
0 0.6235351562 0.0219726562 0.0302734375 0.0439453125
0 0.6538085938 0.0234375000 0.0302734375 0.0468750000
0 0.7475585938 0.0234375000 0.0302734375 0.0468750000
0 0.7807617188 0.0244140625 0.0302734375 0.0488281250
0 0.8247070312 0.0258789062 0.0302734375 0.0517578125
0 0.8559570312 0.0234375000 0.0322265625 0.0468750000
1 0.1445312500 0.4409179688 0.0312500000 0.0556640625
1 0.2285156250 0.4301757812 0.0507812500 0.0302734375
1 0.3266601562 0.4291992188 0.0576171875 0.0322265625
1 0.4492187500 0.4174804688 0.0546875000 0.0283203125
1 0.3881835938 0.6049804688 0.0341796875 0.0595703125
1 0.2465820312 0.6142578125 0.0263671875 0.0546875000
1 0.1459960938 0.6997070312 0.0517578125 0.0263671875
1 0.0454101562 0.8046875000 0.0283203125 0.0527343750
1 0.1635742188 0.7817382812 0.0322265625 0.0576171875
1 0.2470703125 0.7675781250 0.0605468750 0.0312500000
1 0.1416015625 0.8759765625 0.0488281250 0.0273437500
1 0.0341796875 0.8994140625 0.0546875000 0.0292968750
1 0.1694335938 0.9511718750 0.0517578125 0.0312500000
1 0.4995117188 0.9467773438 0.0263671875 0.0556640625
1 0.5507812500 0.9472656250 0.0253906250 0.0566406250
1 0.6752929688 0.9902343750 0.0478515625 0.0195312500
1 0.6782226562 0.9624023438 0.0478515625 0.0263671875
1 0.7773437500 0.6528320312 0.0292968750 0.0556640625
1 0.7670898438 0.7768554688 0.0283203125 0.0537109375
1 0.8208007812 0.7905273438 0.0517578125 0.0302734375
1 0.8208007812 0.4082031250 0.0556640625 0.0273437500
1 0.8203125000 0.3813476562 0.0566406250 0.0302734375
1 0.9916992188 0.5888671875 0.0166015625 0.0468750000
1 0.5834960938 0.6811523438 0.0263671875 0.0595703125
0 0.1025390625 0.5781250000 0.0546875000 0.0312500000
