3 0.8481445312 0.0791015625 0.3037109375 0.1425781250
3 0.6557617188 0.0449218750 0.0693359375 0.0898437500
2 0.8627929688 0.7773437500 0.1669921875 0.1718750000
2 0.4863281250 0.3525390625 0.0468750000 0.0449218750
2 0.5004882812 0.5000000000 0.0693359375 0.0527343750
2 0.4990234375 0.6860351562 0.0468750000 0.0673828125
2 0.3745117188 0.7138671875 0.0751953125 0.0605468750
2 0.5458984375 0.7846679688 0.0859375000 0.0654296875
2 0.6640625000 0.3525390625 0.0468750000 0.0449218750
2 0.7978515625 0.4619140625 0.0488281250 0.0468750000
2 0.3784179688 0.8149414062 0.0458984375 0.0712890625
0 0.9096679688 0.6425781250 0.0302734375 0.0585937500
0 0.8339843750 0.6528320312 0.0273437500 0.0595703125
0 0.7773437500 0.6528320312 0.0273437500 0.0498046875
0 0.7919921875 0.5786132812 0.0546875000 0.0302734375
0 0.1372070312 0.5195312500 0.0556640625 0.0312500000
0 0.3222656250 0.9907226562 0.0585937500 0.0185546875
0 0.1381835938 0.4062500000 0.0576171875 0.0332031250
0 0.1372070312 0.2944335938 0.0615234375 0.0361328125
0 0.1372070312 0.1811523438 0.0556640625 0.0341796875
0 0.1352539062 0.0844726562 0.0576171875 0.0361328125
1 0.4423828125 0.4028320312 0.0312500000 0.0556640625
1 0.5263671875 0.3920898438 0.0507812500 0.0302734375
1 0.6245117188 0.3911132812 0.0576171875 0.0322265625
1 0.7470703125 0.3793945312 0.0546875000 0.0283203125
1 0.6860351562 0.5668945312 0.0341796875 0.0595703125
1 0.5444335938 0.5761718750 0.0263671875 0.0546875000
1 0.4438476562 0.6616210938 0.0517578125 0.0263671875
1 0.3432617188 0.7666015625 0.0283203125 0.0527343750
1 0.4614257812 0.7436523438 0.0322265625 0.0576171875
1 0.5449218750 0.7294921875 0.0605468750 0.0312500000
1 0.4394531250 0.8378906250 0.0488281250 0.0273437500
1 0.3320312500 0.8613281250 0.0546875000 0.0292968750
1 0.4672851562 0.9130859375 0.0517578125 0.0312500000
1 0.7973632812 0.9086914062 0.0263671875 0.0556640625
1 0.8486328125 0.9091796875 0.0253906250 0.0566406250
1 0.9731445312 0.9545898438 0.0478515625 0.0244140625
1 0.9760742188 0.9243164062 0.0478515625 0.0263671875
1 0.8813476562 0.6430664062 0.0263671875 0.0595703125
0 0.4003906250 0.5400390625 0.0546875000 0.0312500000
