3 0.8393554688 0.2333984375 0.3212890625 0.1347656250
2 0.4526367188 0.4912109375 0.3994140625 0.4003906250
3 0.8989257812 0.5429687500 0.0732421875 0.1347656250
3 0.9316406250 0.3881835938 0.1347656250 0.0751953125
3 0.5595703125 0.8823242188 0.1367187500 0.0751953125
0 0.4506835938 0.7734375000 0.0263671875 0.0566406250
0 0.4775390625 0.7739257812 0.0253906250 0.0576171875
0 0.5014648438 0.7734375000 0.0244140625 0.0507812500
0 0.5258789062 0.7719726562 0.0283203125 0.0615234375
0 0.5512695312 0.7749023438 0.0263671875 0.0556640625
0 0.5766601562 0.7714843750 0.0224609375 0.0546875000
0 0.6025390625 0.7734375000 0.0273437500 0.0566406250
0 0.6367187500 0.7709960938 0.0371093750 0.0634765625
0 0.1767578125 0.9936523438 0.0449218750 0.0126953125
0 0.7851562500 0.4370117188 0.0488281250 0.0302734375
0 0.7841796875 0.4624023438 0.0527343750 0.0224609375
0 0.7832031250 0.4863281250 0.0546875000 0.0253906250
0 0.7827148438 0.5122070312 0.0556640625 0.0244140625
0 0.7832031250 0.5366210938 0.0566406250 0.0263671875
0 0.7827148438 0.5610351562 0.0576171875 0.0244140625
0 0.7841796875 0.5864257812 0.0566406250 0.0263671875
0 0.7690429688 0.6557617188 0.0556640625 0.0302734375
0 0.7695312500 0.6860351562 0.0546875000 0.0322265625
0 0.7690429688 0.7182617188 0.0576171875 0.0283203125
0 0.7548828125 0.8154296875 0.0390625000 0.0390625000
0 0.7382812500 0.8325195312 0.0371093750 0.0400390625
0 0.9218750000 0.6479492188 0.0546875000 0.0322265625
1 0.0239257812 0.3706054688 0.0478515625 0.0302734375
1 0.0249023438 0.3984375000 0.0498046875 0.0292968750
1 0.2167968750 0.2827148438 0.0273437500 0.0556640625
1 0.1552734375 0.4941406250 0.0566406250 0.0332031250
1 0.2509765625 0.7294921875 0.0605468750 0.0351562500
1 0.0942382812 0.9628906250 0.0263671875 0.0585937500
1 0.0693359375 0.9619140625 0.0234375000 0.0566406250
1 0.6044921875 0.9790039062 0.0488281250 0.0302734375
1 0.7172851562 0.8515625000 0.0439453125 0.0468750000
1 0.3955078125 0.7607421875 0.0527343750 0.0312500000
1 0.8710937500 0.6943359375 0.0566406250 0.0566406250
1 0.7182617188 0.5205078125 0.0341796875 0.0605468750
1 0.7416992188 0.3637695312 0.0595703125 0.0341796875
1 0.5522460938 0.2163085938 0.0341796875 0.0595703125
