3 0.5966796875 0.1904296875 0.6328125000 0.1347656250
2 0.1269531250 0.4482421875 0.2539062500 0.4003906250
3 0.6782226562 0.4492187500 0.0927734375 0.1699218750
3 0.5004882812 0.5000000000 0.0732421875 0.1347656250
3 0.5332031250 0.3452148438 0.1347656250 0.0751953125
3 0.8452148438 0.3437500000 0.1357421875 0.0781250000
3 0.1611328125 0.8393554688 0.1367187500 0.0751953125
2 0.9531250000 0.8227539062 0.0937500000 0.0927734375
0 0.8876953125 0.6425781250 0.0625000000 0.0371093750
0 0.8681640625 0.5927734375 0.0566406250 0.0292968750
0 0.8701171875 0.5620117188 0.0566406250 0.0322265625
0 0.8676757812 0.5068359375 0.0556640625 0.0312500000
0 0.7895507812 0.4438476562 0.0595703125 0.0341796875
0 0.7758789062 0.5234375000 0.0322265625 0.0566406250
0 0.7465820312 0.5512695312 0.0341796875 0.0537109375
0 0.8237304688 0.7290039062 0.0400390625 0.0361328125
0 0.9531250000 0.3232421875 0.0566406250 0.0312500000
0 0.0522460938 0.7304687500 0.0263671875 0.0566406250
0 0.0791015625 0.7309570312 0.0253906250 0.0576171875
0 0.1030273438 0.7304687500 0.0244140625 0.0507812500
0 0.1274414062 0.7290039062 0.0283203125 0.0615234375
0 0.1528320312 0.7319335938 0.0263671875 0.0556640625
0 0.1782226562 0.7285156250 0.0224609375 0.0546875000
0 0.2041015625 0.7304687500 0.0273437500 0.0566406250
0 0.2382812500 0.7280273438 0.0371093750 0.0634765625
0 0.3867187500 0.3940429688 0.0488281250 0.0302734375
0 0.3857421875 0.4194335938 0.0527343750 0.0224609375
0 0.3847656250 0.4433593750 0.0546875000 0.0253906250
0 0.3842773438 0.4692382812 0.0556640625 0.0244140625
0 0.3847656250 0.4936523438 0.0566406250 0.0263671875
0 0.3842773438 0.5180664062 0.0576171875 0.0244140625
0 0.3857421875 0.5434570312 0.0566406250 0.0263671875
0 0.3706054688 0.6127929688 0.0556640625 0.0302734375
0 0.3710937500 0.6430664062 0.0546875000 0.0322265625
0 0.3706054688 0.6752929688 0.0576171875 0.0283203125
0 0.3564453125 0.7724609375 0.0390625000 0.0390625000
0 0.3398437500 0.7895507812 0.0371093750 0.0400390625
0 0.5234375000 0.6049804688 0.0546875000 0.0322265625
1 0.2060546875 0.9360351562 0.0488281250 0.0302734375
1 0.3188476562 0.8085937500 0.0439453125 0.0468750000
1 0.4726562500 0.6513671875 0.0566406250 0.0566406250
1 0.3198242188 0.4775390625 0.0341796875 0.0605468750
1 0.3432617188 0.3208007812 0.0595703125 0.0341796875
1 0.1538085938 0.1733398438 0.0341796875 0.0595703125
1 0.6411132812 0.6015625000 0.0498046875 0.0507812500
1 0.8725585938 0.7773437500 0.0478515625 0.0429687500
1 0.9824218750 0.9243164062 0.0351562500 0.0517578125
1 0.8032226562 0.7065429688 0.0498046875 0.0458984375
