2 0.7377929688 0.1054687500 0.1689453125 0.1718750000
2 0.3442382812 0.4941406250 0.1669921875 0.1718750000
2 0.0351562500 0.5014648438 0.0703125000 0.0654296875
2 0.1455078125 0.0693359375 0.0468750000 0.0449218750
2 0.2792968750 0.1787109375 0.0488281250 0.0468750000
2 0.5004882812 0.7050781250 0.0478515625 0.0390625000
2 0.6596679688 0.7207031250 0.0478515625 0.0449218750
2 0.7641601562 0.4541015625 0.0498046875 0.0468750000
2 0.6474609375 0.5024414062 0.0449218750 0.0478515625
0 0.3911132812 0.3593750000 0.0302734375 0.0585937500
0 0.3154296875 0.3696289062 0.0273437500 0.0595703125
0 0.2587890625 0.3696289062 0.0273437500 0.0498046875
0 0.2734375000 0.2954101562 0.0546875000 0.0302734375
0 0.9013671875 0.0092773438 0.0449218750 0.0185546875
0 0.8994140625 0.0322265625 0.0488281250 0.0253906250
1 0.0166015625 0.1088867188 0.0332031250 0.0302734375
1 0.1059570312 0.1079101562 0.0576171875 0.0322265625
1 0.2285156250 0.0961914062 0.0546875000 0.0283203125
1 0.1674804688 0.2836914062 0.0341796875 0.0595703125
1 0.0258789062 0.2929687500 0.0263671875 0.0546875000
1 0.0283203125 0.4462890625 0.0566406250 0.0312500000
1 0.2788085938 0.6254882812 0.0263671875 0.0556640625
1 0.3300781250 0.6259765625 0.0253906250 0.0566406250
1 0.4545898438 0.6713867188 0.0478515625 0.0244140625
1 0.4575195312 0.6411132812 0.0478515625 0.0263671875
1 0.5566406250 0.3315429688 0.0292968750 0.0556640625
1 0.5463867188 0.4555664062 0.0283203125 0.0537109375
1 0.6000976562 0.4692382812 0.0517578125 0.0302734375
1 0.6000976562 0.0869140625 0.0556640625 0.0273437500
1 0.5996093750 0.0600585938 0.0566406250 0.0302734375
1 0.9365234375 0.0234375000 0.0273437500 0.0468750000
1 0.8608398438 0.0234375000 0.0263671875 0.0468750000
1 0.8735351562 0.0556640625 0.0517578125 0.0234375000
1 0.8925781250 0.0800781250 0.0546875000 0.0273437500
1 0.8720703125 0.1049804688 0.0605468750 0.0283203125
1 0.7983398438 0.2651367188 0.0224609375 0.0439453125
1 0.7739257812 0.2675781250 0.0224609375 0.0468750000
1 0.3627929688 0.3598632812 0.0263671875 0.0595703125
