3 0.4189453125 0.2333984375 0.6328125000 0.1347656250
2 0.9272460938 0.3666992188 0.0986328125 0.0947265625
2 0.9404296875 0.6831054688 0.0781250000 0.0556640625
3 0.5004882812 0.4921875000 0.0927734375 0.1699218750
3 0.3227539062 0.5429687500 0.0732421875 0.1347656250
3 0.3554687500 0.3881835938 0.1347656250 0.0751953125
3 0.6674804688 0.3867187500 0.1357421875 0.0781250000
1 0.9296875000 0.2324218750 0.0917968750 0.0507812500
1 0.9326171875 0.2875976562 0.0859375000 0.0517578125
1 0.9267578125 0.5024414062 0.0917968750 0.0478515625
1 0.9311523438 0.4497070312 0.0849609375 0.0537109375
2 0.7753906250 0.8657226562 0.0937500000 0.0927734375
0 0.8310546875 0.6953125000 0.0488281250 0.0253906250
0 0.8305664062 0.6708984375 0.0498046875 0.0253906250
0 0.8691406250 0.8349609375 0.0312500000 0.0507812500
0 0.7099609375 0.6855468750 0.0625000000 0.0371093750
0 0.6904296875 0.6357421875 0.0566406250 0.0292968750
0 0.6923828125 0.6049804688 0.0566406250 0.0322265625
0 0.6899414062 0.5498046875 0.0556640625 0.0312500000
0 0.6118164062 0.4868164062 0.0595703125 0.0341796875
0 0.5981445312 0.5664062500 0.0322265625 0.0566406250
0 0.5688476562 0.5942382812 0.0341796875 0.0537109375
0 0.6459960938 0.7719726562 0.0400390625 0.0361328125
0 0.7753906250 0.3662109375 0.0566406250 0.0312500000
0 0.0058593750 0.7714843750 0.0117187500 0.0546875000
0 0.0263671875 0.7734375000 0.0273437500 0.0566406250
0 0.0605468750 0.7709960938 0.0371093750 0.0634765625
0 0.2089843750 0.4370117188 0.0488281250 0.0302734375
0 0.2080078125 0.4624023438 0.0527343750 0.0224609375
0 0.2070312500 0.4863281250 0.0546875000 0.0253906250
0 0.2065429688 0.5122070312 0.0556640625 0.0244140625
0 0.2070312500 0.5366210938 0.0566406250 0.0263671875
0 0.2065429688 0.5610351562 0.0576171875 0.0244140625
0 0.2080078125 0.5864257812 0.0566406250 0.0263671875
0 0.1928710938 0.6557617188 0.0556640625 0.0302734375
0 0.1933593750 0.6860351562 0.0546875000 0.0322265625
0 0.1928710938 0.7182617188 0.0576171875 0.0283203125
0 0.1787109375 0.8154296875 0.0390625000 0.0390625000
0 0.1621093750 0.8325195312 0.0371093750 0.0400390625
0 0.3457031250 0.6479492188 0.0546875000 0.0322265625
1 0.0283203125 0.9790039062 0.0488281250 0.0302734375
1 0.1411132812 0.8515625000 0.0439453125 0.0468750000
1 0.2949218750 0.6943359375 0.0566406250 0.0566406250
1 0.1420898438 0.5205078125 0.0341796875 0.0605468750
1 0.1655273438 0.3637695312 0.0595703125 0.0341796875
1 0.4633789062 0.6445312500 0.0498046875 0.0507812500
1 0.6948242188 0.8203125000 0.0478515625 0.0429687500
1 0.8125000000 0.9672851562 0.0507812500 0.0517578125
1 0.6254882812 0.7495117188 0.0498046875 0.0458984375
