2 0.5004882812 0.4912109375 0.3994140625 0.4003906250
3 0.9467773438 0.5429687500 0.0732421875 0.1347656250
3 0.9560546875 0.3881835938 0.0878906250 0.0751953125
3 0.6074218750 0.8823242188 0.1367187500 0.0751953125
0 0.4985351562 0.7734375000 0.0263671875 0.0566406250
0 0.5253906250 0.7739257812 0.0253906250 0.0576171875
0 0.5493164062 0.7734375000 0.0244140625 0.0507812500
0 0.5737304688 0.7719726562 0.0283203125 0.0615234375
0 0.5991210938 0.7749023438 0.0263671875 0.0556640625
0 0.6245117188 0.7714843750 0.0224609375 0.0546875000
0 0.6503906250 0.7734375000 0.0273437500 0.0566406250
0 0.6845703125 0.7709960938 0.0371093750 0.0634765625
0 0.2246093750 0.9936523438 0.0449218750 0.0126953125
0 0.8330078125 0.4370117188 0.0488281250 0.0302734375
0 0.8320312500 0.4624023438 0.0527343750 0.0224609375
0 0.8310546875 0.4863281250 0.0546875000 0.0253906250
0 0.8305664062 0.5122070312 0.0556640625 0.0244140625
0 0.8310546875 0.5366210938 0.0566406250 0.0263671875
0 0.8305664062 0.5610351562 0.0576171875 0.0244140625
0 0.8320312500 0.5864257812 0.0566406250 0.0263671875
0 0.8168945312 0.6557617188 0.0556640625 0.0302734375
0 0.8173828125 0.6860351562 0.0546875000 0.0322265625
0 0.8168945312 0.7182617188 0.0576171875 0.0283203125
0 0.8027343750 0.8154296875 0.0390625000 0.0390625000
0 0.7861328125 0.8325195312 0.0371093750 0.0400390625
0 0.9697265625 0.6479492188 0.0546875000 0.0322265625
1 0.0117187500 0.5312500000 0.0234375000 0.0605468750
1 0.0688476562 0.3706054688 0.0537109375 0.0302734375
1 0.0688476562 0.3984375000 0.0576171875 0.0292968750
1 0.2646484375 0.2827148438 0.0273437500 0.0556640625
1 0.2031250000 0.4941406250 0.0566406250 0.0332031250
1 0.2988281250 0.7294921875 0.0605468750 0.0351562500
1 0.1420898438 0.9628906250 0.0263671875 0.0585937500
1 0.1171875000 0.9619140625 0.0234375000 0.0566406250
1 0.6523437500 0.9790039062 0.0488281250 0.0302734375
1 0.7651367188 0.8515625000 0.0439453125 0.0468750000
1 0.4433593750 0.7607421875 0.0527343750 0.0312500000
1 0.9189453125 0.6943359375 0.0566406250 0.0566406250
1 0.7661132812 0.5205078125 0.0341796875 0.0605468750
1 0.7895507812 0.3637695312 0.0595703125 0.0341796875
1 0.6000976562 0.2163085938 0.0341796875 0.0595703125
