3 0.5849609375 0.7954101562 0.2089843750 0.4091796875
3 0.7172851562 0.4775390625 0.1943359375 0.2070312500
2 0.4868164062 0.1840820312 0.0986328125 0.0947265625
2 0.5000000000 0.5004882812 0.0781250000 0.0556640625
3 0.0600585938 0.3095703125 0.0927734375 0.1699218750
3 0.2270507812 0.2041015625 0.1357421875 0.0781250000
1 0.6118164062 0.1884765625 0.0537109375 0.0937500000
1 0.5664062500 0.1855468750 0.0332031250 0.0585937500
1 0.4892578125 0.0498046875 0.0917968750 0.0507812500
1 0.4921875000 0.1049804688 0.0859375000 0.0517578125
1 0.4863281250 0.3198242188 0.0917968750 0.0478515625
1 0.4907226562 0.2670898438 0.0849609375 0.0537109375
2 0.3349609375 0.6831054688 0.0937500000 0.0927734375
0 0.6723632812 0.1074218750 0.0341796875 0.0605468750
0 0.5825195312 0.0952148438 0.0556640625 0.0302734375
0 0.5820312500 0.1240234375 0.0546875000 0.0312500000
0 0.5839843750 0.2753906250 0.0527343750 0.0253906250
0 0.5834960938 0.3017578125 0.0517578125 0.0253906250
0 0.3906250000 0.5126953125 0.0488281250 0.0253906250
0 0.3901367188 0.4882812500 0.0498046875 0.0253906250
0 0.4287109375 0.6523437500 0.0312500000 0.0507812500
0 0.2695312500 0.5029296875 0.0625000000 0.0371093750
0 0.2500000000 0.4531250000 0.0566406250 0.0292968750
0 0.2519531250 0.4223632812 0.0566406250 0.0322265625
0 0.2495117188 0.3671875000 0.0556640625 0.0312500000
0 0.1713867188 0.3041992188 0.0595703125 0.0341796875
0 0.1577148438 0.3837890625 0.0322265625 0.0566406250
0 0.1284179688 0.4116210938 0.0341796875 0.0537109375
0 0.2055664062 0.5893554688 0.0400390625 0.0361328125
0 0.3349609375 0.1835937500 0.0566406250 0.0312500000
3 0.7114257812 0.6699218750 0.0537109375 0.1406250000
1 0.0239257812 0.4619140625 0.0478515625 0.0507812500
1 0.2543945312 0.6376953125 0.0478515625 0.0429687500
1 0.3720703125 0.7846679688 0.0507812500 0.0517578125
1 0.1850585938 0.5668945312 0.0498046875 0.0458984375
1 0.3632812500 0.9829101562 0.0527343750 0.0341796875
