3 0.3950195312 0.8857421875 0.7900390625 0.1835937500
3 0.1323242188 0.7060546875 0.2646484375 0.0742187500
3 0.8017578125 0.3559570312 0.2089843750 0.7119140625
2 0.4921875000 0.7177734375 0.2421875000 0.1503906250
2 0.5517578125 0.0659179688 0.0937500000 0.0927734375
0 0.6455078125 0.0351562500 0.0312500000 0.0507812500
0 0.6015625000 0.5053710938 0.0605468750 0.0361328125
0 0.0151367188 0.6557617188 0.0302734375 0.0302734375
0 0.0151367188 0.6250000000 0.0302734375 0.0332031250
3 0.9282226562 0.0615234375 0.0537109375 0.1230468750
1 0.3125000000 0.7578125000 0.0585937500 0.0351562500
1 0.1005859375 0.6445312500 0.0429687500 0.0488281250
1 0.4711914062 0.0209960938 0.0478515625 0.0419921875
1 0.5888671875 0.1674804688 0.0507812500 0.0517578125
1 0.5800781250 0.3779296875 0.0527343750 0.0585937500
1 0.5429687500 0.4135742188 0.0605468750 0.0615234375
1 0.4926757812 0.4643554688 0.0615234375 0.0615234375
1 0.4584960938 0.5004882812 0.0537109375 0.0556640625
1 0.3173828125 0.6372070312 0.0605468750 0.0634765625
1 0.5195312500 0.5458984375 0.0507812500 0.0273437500
1 0.4907226562 0.6250000000 0.0576171875 0.0292968750
2 0.2856445312 0.3105468750 0.5712890625 0.6210937500
