3 0.3989257812 0.6914062500 0.7978515625 0.1835937500
3 0.1362304688 0.5117187500 0.2724609375 0.0742187500
3 0.8095703125 0.2587890625 0.2089843750 0.5175781250
2 0.5000000000 0.5234375000 0.2421875000 0.1503906250
0 0.6093750000 0.3110351562 0.0605468750 0.0361328125
0 0.0190429688 0.4614257812 0.0380859375 0.0302734375
0 0.0190429688 0.4306640625 0.0380859375 0.0332031250
1 0.3203125000 0.5634765625 0.0585937500 0.0351562500
1 0.1083984375 0.4501953125 0.0429687500 0.0488281250
1 0.5878906250 0.1835937500 0.0527343750 0.0585937500
1 0.5507812500 0.2192382812 0.0605468750 0.0615234375
1 0.5004882812 0.2700195312 0.0615234375 0.0615234375
1 0.4663085938 0.3061523438 0.0537109375 0.0556640625
1 0.3251953125 0.4428710938 0.0605468750 0.0634765625
1 0.5273437500 0.3515625000 0.0507812500 0.0273437500
1 0.4985351562 0.4306640625 0.0576171875 0.0292968750
