3 0.4709472656 0.8452497551 0.4545898438 0.0920666014
3 0.8527832031 0.8173359452 0.2661132812 0.1214495593
3 0.8720703125 0.5942703232 0.2324218750 0.1278158668
3 0.4008789062 0.1170421156 0.3164062500 0.0675808031
2 0.1296386719 0.2463271303 0.1997070312 0.2007835455
3 0.0905761719 0.5759059745 0.0668945312 0.3682664055
3 0.3391113281 0.7551420176 0.1928710938 0.0372184133
3 0.7041015625 0.5729676787 0.1044921875 0.3702252693
3 0.7702636719 0.3310479922 0.0971679688 0.1038197845
2 0.5493164062 0.7610186092 0.1210937500 0.0754162586
2 0.1401367188 0.8092556317 0.0693359375 0.0680705191
2 0.1057128906 0.8822233105 0.0336914062 0.0475024486
2 0.6550292969 0.1838883448 0.0493164062 0.0475024486
2 0.6616210938 0.3425563173 0.0390625000 0.0279138100
3 0.4416503906 0.2468168462 0.0463867188 0.0852105779
3 0.3527832031 0.2722820764 0.0366210938 0.0675808031
3 0.3691406250 0.1946620960 0.0673828125 0.0377081293
3 0.5251464844 0.1939275220 0.0678710938 0.0391772772
3 0.1831054688 0.4424583741 0.0683593750 0.0377081293
1 0.7175292969 0.1860920666 0.0268554688 0.0470127326
1 0.6948242188 0.1846229187 0.0166015625 0.0293829579
1 0.6562500000 0.1165523996 0.0458984375 0.0254652302
1 0.6577148438 0.1442213516 0.0429687500 0.0259549461
1 0.6547851562 0.2519588639 0.0458984375 0.0239960823
1 0.6569824219 0.2255142018 0.0424804688 0.0269343781
2 0.5791015625 0.4341332027 0.0468750000 0.0465230167
0 0.7478027344 0.1454456415 0.0170898438 0.0303623898
0 0.7028808594 0.1393241920 0.0278320312 0.0151811949
0 0.7026367188 0.1537708129 0.0273437500 0.0156709109
0 0.7036132812 0.2296767875 0.0263671875 0.0127326151
0 0.7033691406 0.2428991185 0.0258789062 0.0127326151
0 0.6069335938 0.3486777669 0.0244140625 0.0127326151
0 0.6066894531 0.3364348678 0.0249023438 0.0127326151
0 0.6259765625 0.4187071499 0.0156250000 0.0254652302
0 0.5463867188 0.3437806072 0.0312500000 0.0186092067
0 0.5366210938 0.3188050930 0.0283203125 0.0146914789
0 0.5375976562 0.3033790402 0.0283203125 0.0161606268
0 0.5363769531 0.2757100881 0.0278320312 0.0156709109
0 0.4973144531 0.2441234084 0.0297851562 0.0171400588
0 0.4904785156 0.2840352595 0.0161132812 0.0284035260
0 0.4758300781 0.2979921645 0.0170898438 0.0269343781
0 0.5144042969 0.3871204701 0.0200195312 0.0181194907
0 0.5791015625 0.1836434868 0.0283203125 0.0156709109
0 0.6040039062 0.6545053869 0.0302734375 0.0181194907
0 0.3046875000 0.7299216454 0.0273437500 0.0151811949
0 0.3056640625 0.7144955926 0.0253906250 0.0166503428
0 0.2121582031 0.7507345739 0.0278320312 0.0176297747
0 0.1538085938 0.7277179236 0.0146484375 0.0264446621
0 0.1384277344 0.7468168462 0.0161132812 0.0293829579
0 0.2214355469 0.7899118511 0.0288085938 0.0166503428
0 0.1977539062 0.8033790402 0.0283203125 0.0190989226
0 0.1916503906 0.8366797258 0.0170898438 0.0298726738
0 0.2314453125 0.8371694417 0.0146484375 0.0259549461
0 0.1901855469 0.8878550441 0.0161132812 0.0293829579
0 0.1469726562 0.8719392752 0.0283203125 0.0181194907
0 0.0952148438 0.7744857982 0.0283203125 0.0151811949
0 0.0817871094 0.7627326151 0.0317382812 0.0122428991
0 0.1286621094 0.3878550441 0.0131835938 0.0284035260
0 0.1420898438 0.3880999021 0.0126953125 0.0288932419
0 0.1540527344 0.3878550441 0.0122070312 0.0254652302
0 0.1662597656 0.3871204701 0.0141601562 0.0308521058
0 0.1789550781 0.3885896180 0.0131835938 0.0279138100
0 0.1916503906 0.3868756121 0.0112304688 0.0274240940
0 0.2045898438 0.3878550441 0.0136718750 0.0284035260
0 0.2216796875 0.3866307542 0.0185546875 0.0318315377
0 0.2958984375 0.2191478942 0.0244140625 0.0151811949
0 0.2954101562 0.2318805093 0.0263671875 0.0112634672
0 0.2949218750 0.2438785504 0.0273437500 0.0127326151
0 0.2946777344 0.2568560235 0.0278320312 0.0122428991
0 0.2949218750 0.2690989226 0.0283203125 0.0132223310
0 0.2946777344 0.2813418217 0.0288085938 0.0122428991
0 0.2954101562 0.2940744368 0.0283203125 0.0132223310
0 0.2878417969 0.3288442703 0.0278320312 0.0151811949
0 0.2880859375 0.3440254652 0.0273437500 0.0161606268
0 0.2878417969 0.3601860921 0.0288085938 0.0142017630
0 0.2807617188 0.4089128306 0.0195312500 0.0195886386
0 0.2724609375 0.4174828599 0.0185546875 0.0200783546
0 0.3642578125 0.3249265426 0.0273437500 0.0161606268
3 0.7673339844 0.4275220372 0.0268554688 0.0705190989
1 0.0117187500 0.1417727718 0.0136718750 0.0279138100
1 0.0288085938 0.3658178257 0.0302734375 0.0176297747
1 0.0092773438 0.5075905975 0.0136718750 0.0288932419
1 0.0437011719 0.8479431929 0.0170898438 0.0288932419
1 0.0864257812 0.8413320274 0.0156250000 0.0284035260
1 0.0727539062 0.8065621939 0.0253906250 0.0137120470
1 0.1604003906 0.7534280118 0.0151367188 0.0269343781
1 0.1896972656 0.7801175318 0.0161132812 0.0284035260
1 0.4594726562 0.7810969638 0.0292968750 0.0176297747
1 0.3535156250 0.7242899119 0.0214843750 0.0244857982
1 0.2976074219 0.6691968658 0.0258789062 0.0249755142
1 0.2246093750 0.5979431929 0.0234375000 0.0254652302
1 0.2055664062 0.4909402547 0.0244140625 0.0151811949
1 0.2619628906 0.4270323213 0.0219726562 0.0235063663
1 0.1010742188 0.3814887365 0.0263671875 0.0156709109
1 0.3388671875 0.3481880509 0.0283203125 0.0284035260
1 0.2624511719 0.2610186092 0.0170898438 0.0303623898
1 0.2741699219 0.1824191969 0.0297851562 0.0171400588
1 0.1794433594 0.1084720862 0.0170898438 0.0298726738
1 0.4230957031 0.3232125367 0.0249023438 0.0254652302
1 0.5388183594 0.4113614104 0.0239257812 0.0215475024
1 0.5976562500 0.4850636631 0.0253906250 0.0259549461
1 0.5041503906 0.3758570029 0.0249023438 0.0230166503
1 0.5932617188 0.5905974535 0.0263671875 0.0293829579
1 0.5747070312 0.6084720862 0.0302734375 0.0308521058
1 0.5495605469 0.6339373164 0.0307617188 0.0308521058
1 0.5324707031 0.6520568071 0.0268554688 0.0279138100
1 0.4619140625 0.7206170421 0.0302734375 0.0318315377
1 0.5629882812 0.6748285994 0.0253906250 0.0137120470
1 0.5485839844 0.7144955926 0.0288085938 0.0146914789
2 0.4055175781 0.5293829579 0.3666992188 0.3663075416
