3 0.9365234375 0.2607421875 0.1269531250 0.5214843750
2 0.5786132812 0.1054687500 0.1689453125 0.1718750000
2 0.1850585938 0.4941406250 0.1669921875 0.1718750000
2 0.9682617188 0.7651367188 0.0634765625 0.0947265625
2 0.1201171875 0.1787109375 0.0488281250 0.0468750000
2 0.3413085938 0.7050781250 0.0478515625 0.0390625000
2 0.5004882812 0.7207031250 0.0478515625 0.0449218750
2 0.6049804688 0.4541015625 0.0498046875 0.0468750000
2 0.4882812500 0.5024414062 0.0449218750 0.0478515625
0 0.9492187500 0.5502929688 0.0566406250 0.0302734375
0 0.9223632812 0.5268554688 0.0634765625 0.0244140625
0 0.2319335938 0.3593750000 0.0302734375 0.0585937500
0 0.1562500000 0.3696289062 0.0273437500 0.0595703125
0 0.0996093750 0.3696289062 0.0273437500 0.0498046875
0 0.1142578125 0.2954101562 0.0546875000 0.0302734375
0 0.7421875000 0.0092773438 0.0449218750 0.0185546875
0 0.7402343750 0.0322265625 0.0488281250 0.0253906250
1 0.0693359375 0.0961914062 0.0546875000 0.0283203125
1 0.0126953125 0.2836914062 0.0253906250 0.0595703125
1 0.1196289062 0.6254882812 0.0263671875 0.0556640625
1 0.1708984375 0.6259765625 0.0253906250 0.0566406250
1 0.2954101562 0.6713867188 0.0478515625 0.0244140625
1 0.2983398438 0.6411132812 0.0478515625 0.0263671875
1 0.3974609375 0.3315429688 0.0292968750 0.0556640625
1 0.3872070312 0.4555664062 0.0283203125 0.0537109375
1 0.4409179688 0.4692382812 0.0517578125 0.0302734375
1 0.4409179688 0.0869140625 0.0556640625 0.0273437500
1 0.4404296875 0.0600585938 0.0566406250 0.0302734375
1 0.7773437500 0.0234375000 0.0273437500 0.0468750000
1 0.7016601562 0.0234375000 0.0263671875 0.0468750000
1 0.7143554688 0.0556640625 0.0517578125 0.0234375000
1 0.7333984375 0.0800781250 0.0546875000 0.0273437500
1 0.7128906250 0.1049804688 0.0605468750 0.0283203125
1 0.6391601562 0.2651367188 0.0224609375 0.0439453125
1 0.6147460938 0.2675781250 0.0224609375 0.0468750000
1 0.8461914062 0.6967773438 0.0341796875 0.0576171875
1 0.9316406250 0.6835937500 0.0312500000 0.0566406250
1 0.9042968750 0.6142578125 0.0507812500 0.0273437500
1 0.2036132812 0.3598632812 0.0263671875 0.0595703125
