3 0.4008789062 0.2607421875 0.1337890625 0.5214843750
3 0.8525390625 0.5117187500 0.2949218750 0.0742187500
2 0.0620117188 0.1054687500 0.1240234375 0.1718750000
2 0.5000000000 0.6196289062 0.1386718750 0.1357421875
2 0.4311523438 0.7651367188 0.0673828125 0.0947265625
2 0.0659179688 0.4541015625 0.0498046875 0.0468750000
0 0.8291015625 0.4614257812 0.0546875000 0.0302734375
0 0.8310546875 0.4306640625 0.0507812500 0.0332031250
0 0.6440429688 0.5029296875 0.0556640625 0.0351562500
0 0.5273437500 0.4570312500 0.0292968750 0.0527343750
0 0.4965820312 0.4951171875 0.0322265625 0.0585937500
0 0.6625976562 0.5810546875 0.0576171875 0.0332031250
0 0.6152343750 0.6079101562 0.0566406250 0.0380859375
0 0.6030273438 0.6743164062 0.0341796875 0.0595703125
0 0.6826171875 0.6752929688 0.0292968750 0.0517578125
0 0.6000976562 0.7763671875 0.0322265625 0.0585937500
0 0.5136718750 0.7446289062 0.0566406250 0.0361328125
0 0.4101562500 0.5502929688 0.0566406250 0.0302734375
0 0.3833007812 0.5268554688 0.0634765625 0.0244140625
0 0.2031250000 0.0092773438 0.0449218750 0.0185546875
0 0.2011718750 0.0322265625 0.0488281250 0.0253906250
1 0.2382812500 0.0234375000 0.0273437500 0.0468750000
1 0.1625976562 0.0234375000 0.0263671875 0.0468750000
1 0.1752929688 0.0556640625 0.0517578125 0.0234375000
1 0.1943359375 0.0800781250 0.0546875000 0.0273437500
1 0.1738281250 0.1049804688 0.0605468750 0.0283203125
1 0.1000976562 0.2651367188 0.0224609375 0.0439453125
1 0.0756835938 0.2675781250 0.0224609375 0.0468750000
1 0.3071289062 0.6967773438 0.0341796875 0.0576171875
1 0.3925781250 0.6835937500 0.0312500000 0.0566406250
1 0.3652343750 0.6142578125 0.0507812500 0.0273437500
1 0.5405273438 0.5083007812 0.0302734375 0.0537109375
1 0.5991210938 0.5615234375 0.0322265625 0.0566406250
1 0.9267578125 0.4501953125 0.0429687500 0.0488281250
1 0.8149414062 0.3403320312 0.0517578125 0.0498046875
1 0.6689453125 0.1982421875 0.0468750000 0.0507812500
