3 0.1567382812 0.6499023438 0.3134765625 0.2353515625
2 0.9526367188 0.5634765625 0.0947265625 0.1718750000
2 0.6123046875 0.1386718750 0.0468750000 0.0449218750
2 0.6264648438 0.2861328125 0.0693359375 0.0527343750
2 0.6250000000 0.4721679688 0.0468750000 0.0673828125
2 0.5004882812 0.5000000000 0.0751953125 0.0605468750
2 0.6718750000 0.5708007812 0.0859375000 0.0654296875
2 0.7900390625 0.1386718750 0.0468750000 0.0449218750
2 0.9238281250 0.2480468750 0.0488281250 0.0468750000
2 0.5043945312 0.6010742188 0.0458984375 0.0712890625
0 0.9599609375 0.4389648438 0.0273437500 0.0595703125
0 0.9033203125 0.4389648438 0.0273437500 0.0498046875
0 0.9179687500 0.3647460938 0.0546875000 0.0302734375
0 0.2631835938 0.3056640625 0.0556640625 0.0312500000
0 0.5678710938 0.8408203125 0.0537109375 0.0312500000
0 0.4482421875 0.7851562500 0.0585937500 0.0351562500
0 0.2641601562 0.1923828125 0.0576171875 0.0332031250
0 0.2631835938 0.0805664062 0.0615234375 0.0361328125
1 0.5683593750 0.1889648438 0.0312500000 0.0556640625
1 0.6523437500 0.1782226562 0.0507812500 0.0302734375
1 0.7504882812 0.1772460938 0.0576171875 0.0322265625
1 0.8730468750 0.1655273438 0.0546875000 0.0283203125
1 0.8120117188 0.3530273438 0.0341796875 0.0595703125
1 0.6704101562 0.3623046875 0.0263671875 0.0546875000
1 0.5698242188 0.4477539062 0.0517578125 0.0263671875
1 0.4692382812 0.5527343750 0.0283203125 0.0527343750
1 0.5874023438 0.5297851562 0.0322265625 0.0576171875
1 0.6708984375 0.5156250000 0.0605468750 0.0312500000
1 0.5654296875 0.6240234375 0.0488281250 0.0273437500
1 0.4580078125 0.6474609375 0.0546875000 0.0292968750
1 0.4956054688 0.7895507812 0.0322265625 0.0556640625
1 0.6284179688 0.8251953125 0.0283203125 0.0585937500
1 0.5932617188 0.6992187500 0.0517578125 0.0312500000
1 0.9233398438 0.6948242188 0.0263671875 0.0556640625
1 0.9746093750 0.6953125000 0.0253906250 0.0566406250
0 0.5263671875 0.3261718750 0.0546875000 0.0312500000
