2 0.3930664062 0.1547851562 0.3994140625 0.3095703125
3 0.3149414062 0.6997070312 0.1337890625 0.6005859375
3 0.8393554688 0.1611328125 0.0732421875 0.1347656250
3 0.8720703125 0.0219726562 0.1347656250 0.0439453125
3 0.5000000000 0.5004882812 0.1367187500 0.0751953125
0 0.3911132812 0.3916015625 0.0263671875 0.0566406250
0 0.4179687500 0.3920898438 0.0253906250 0.0576171875
0 0.4418945312 0.3916015625 0.0244140625 0.0507812500
0 0.4663085938 0.3901367188 0.0283203125 0.0615234375
0 0.4916992188 0.3930664062 0.0263671875 0.0556640625
0 0.5170898438 0.3896484375 0.0224609375 0.0546875000
0 0.5429687500 0.3916015625 0.0273437500 0.0566406250
0 0.5771484375 0.3891601562 0.0371093750 0.0634765625
0 0.1171875000 0.6181640625 0.0449218750 0.0253906250
0 0.1152343750 0.6445312500 0.0488281250 0.0253906250
0 0.7255859375 0.0551757812 0.0488281250 0.0302734375
0 0.7246093750 0.0805664062 0.0527343750 0.0224609375
0 0.7236328125 0.1044921875 0.0546875000 0.0253906250
0 0.7231445312 0.1303710938 0.0556640625 0.0244140625
0 0.7236328125 0.1547851562 0.0566406250 0.0263671875
0 0.7231445312 0.1791992188 0.0576171875 0.0244140625
0 0.7246093750 0.2045898438 0.0566406250 0.0263671875
0 0.7094726562 0.2739257812 0.0556640625 0.0302734375
0 0.7099609375 0.3041992188 0.0546875000 0.0322265625
0 0.7094726562 0.3364257812 0.0576171875 0.0283203125
0 0.6953125000 0.4335937500 0.0390625000 0.0390625000
0 0.6787109375 0.4506835938 0.0371093750 0.0400390625
0 0.8623046875 0.2661132812 0.0546875000 0.0322265625
1 0.0957031250 0.1123046875 0.0566406250 0.0332031250
1 0.1914062500 0.3476562500 0.0605468750 0.0351562500
1 0.0346679688 0.5810546875 0.0263671875 0.0585937500
1 0.0107421875 0.5800781250 0.0214843750 0.0566406250
1 0.1523437500 0.6303710938 0.0273437500 0.0576171875
1 0.0766601562 0.6308593750 0.0263671875 0.0566406250
1 0.0893554688 0.6679687500 0.0517578125 0.0234375000
1 0.1083984375 0.6923828125 0.0546875000 0.0273437500
1 0.0878906250 0.7172851562 0.0605468750 0.0283203125
1 0.0141601562 0.8774414062 0.0224609375 0.0439453125
1 0.7290039062 0.9526367188 0.0517578125 0.0498046875
1 0.5830078125 0.8105468750 0.0468750000 0.0507812500
1 0.5449218750 0.5971679688 0.0488281250 0.0302734375
1 0.6577148438 0.4697265625 0.0439453125 0.0468750000
1 0.3359375000 0.3789062500 0.0527343750 0.0312500000
1 0.8115234375 0.3125000000 0.0566406250 0.0566406250
1 0.6586914062 0.1386718750 0.0341796875 0.0605468750
1 0.9775390625 0.2626953125 0.0449218750 0.0507812500
2 0.7890625000 0.6542968750 0.4218750000 0.6914062500
