3 0.4702148438 0.2607421875 0.1337890625 0.5214843750
3 0.8872070312 0.5117187500 0.2255859375 0.0742187500
2 0.1088867188 0.1054687500 0.1689453125 0.1718750000
2 0.5693359375 0.6196289062 0.1386718750 0.1357421875
2 0.5004882812 0.7651367188 0.0673828125 0.0947265625
2 0.0307617188 0.7207031250 0.0478515625 0.0449218750
2 0.1352539062 0.4541015625 0.0498046875 0.0468750000
2 0.0205078125 0.5024414062 0.0410156250 0.0478515625
0 0.8984375000 0.4614257812 0.0546875000 0.0302734375
0 0.9003906250 0.4306640625 0.0507812500 0.0332031250
0 0.7133789062 0.5029296875 0.0556640625 0.0351562500
0 0.5966796875 0.4570312500 0.0292968750 0.0527343750
0 0.5659179688 0.4951171875 0.0322265625 0.0585937500
0 0.7319335938 0.5810546875 0.0576171875 0.0332031250
0 0.6845703125 0.6079101562 0.0566406250 0.0380859375
0 0.6723632812 0.6743164062 0.0341796875 0.0595703125
0 0.7519531250 0.6752929688 0.0292968750 0.0517578125
0 0.6694335938 0.7763671875 0.0322265625 0.0585937500
0 0.5830078125 0.7446289062 0.0566406250 0.0361328125
0 0.4794921875 0.5502929688 0.0566406250 0.0302734375
0 0.4526367188 0.5268554688 0.0634765625 0.0244140625
0 0.2724609375 0.0092773438 0.0449218750 0.0185546875
0 0.2705078125 0.0322265625 0.0488281250 0.0253906250
1 0.3076171875 0.0234375000 0.0273437500 0.0468750000
1 0.2319335938 0.0234375000 0.0263671875 0.0468750000
1 0.2446289062 0.0556640625 0.0517578125 0.0234375000
1 0.2636718750 0.0800781250 0.0546875000 0.0273437500
1 0.2431640625 0.1049804688 0.0605468750 0.0283203125
1 0.1694335938 0.2651367188 0.0224609375 0.0439453125
1 0.1450195312 0.2675781250 0.0224609375 0.0468750000
1 0.3764648438 0.6967773438 0.0341796875 0.0576171875
1 0.4619140625 0.6835937500 0.0312500000 0.0566406250
1 0.4345703125 0.6142578125 0.0507812500 0.0273437500
1 0.6098632812 0.5083007812 0.0302734375 0.0537109375
1 0.6684570312 0.5615234375 0.0322265625 0.0566406250
1 0.9873046875 0.4501953125 0.0253906250 0.0488281250
1 0.8842773438 0.3403320312 0.0517578125 0.0498046875
1 0.7382812500 0.1982421875 0.0468750000 0.0507812500
