3 0.9423828125 0.2607421875 0.1152343750 0.5214843750
2 0.5903320312 0.1054687500 0.1689453125 0.1718750000
2 0.1967773438 0.4941406250 0.1669921875 0.1718750000
2 0.9741210938 0.7651367188 0.0517578125 0.0947265625
2 0.1318359375 0.1787109375 0.0488281250 0.0468750000
2 0.3530273438 0.7050781250 0.0478515625 0.0390625000
2 0.5122070312 0.7207031250 0.0478515625 0.0449218750
2 0.6166992188 0.4541015625 0.0498046875 0.0468750000
2 0.5000000000 0.5024414062 0.0449218750 0.0478515625
0 0.9609375000 0.5502929688 0.0566406250 0.0302734375
0 0.9340820312 0.5268554688 0.0634765625 0.0244140625
0 0.2436523438 0.3593750000 0.0302734375 0.0585937500
0 0.1679687500 0.3696289062 0.0273437500 0.0595703125
0 0.1113281250 0.3696289062 0.0273437500 0.0498046875
0 0.1259765625 0.2954101562 0.0546875000 0.0302734375
0 0.7539062500 0.0092773438 0.0449218750 0.0185546875
0 0.7519531250 0.0322265625 0.0488281250 0.0253906250
1 0.0810546875 0.0961914062 0.0546875000 0.0283203125
1 0.0200195312 0.2836914062 0.0341796875 0.0595703125
1 0.1313476562 0.6254882812 0.0263671875 0.0556640625
1 0.1826171875 0.6259765625 0.0253906250 0.0566406250
1 0.3071289062 0.6713867188 0.0478515625 0.0244140625
1 0.3100585938 0.6411132812 0.0478515625 0.0263671875
1 0.4091796875 0.3315429688 0.0292968750 0.0556640625
1 0.3989257812 0.4555664062 0.0283203125 0.0537109375
1 0.4526367188 0.4692382812 0.0517578125 0.0302734375
1 0.4526367188 0.0869140625 0.0556640625 0.0273437500
1 0.4521484375 0.0600585938 0.0566406250 0.0302734375
1 0.7890625000 0.0234375000 0.0273437500 0.0468750000
1 0.7133789062 0.0234375000 0.0263671875 0.0468750000
1 0.7260742188 0.0556640625 0.0517578125 0.0234375000
1 0.7451171875 0.0800781250 0.0546875000 0.0273437500
1 0.7246093750 0.1049804688 0.0605468750 0.0283203125
1 0.6508789062 0.2651367188 0.0224609375 0.0439453125
1 0.6264648438 0.2675781250 0.0224609375 0.0468750000
1 0.8579101562 0.6967773438 0.0341796875 0.0576171875
1 0.9433593750 0.6835937500 0.0312500000 0.0566406250
1 0.9160156250 0.6142578125 0.0507812500 0.0273437500
1 0.2153320312 0.3598632812 0.0263671875 0.0595703125
