3 0.6547851562 0.6914062500 0.6904296875 0.1835937500
3 0.5004882812 0.5117187500 0.3857421875 0.0742187500
2 0.8999023438 0.5234375000 0.2001953125 0.1503906250
2 0.1025390625 0.6196289062 0.1386718750 0.1357421875
2 0.0336914062 0.7651367188 0.0673828125 0.0947265625
0 0.4316406250 0.4614257812 0.0546875000 0.0302734375
0 0.4335937500 0.4306640625 0.0507812500 0.0332031250
0 0.2465820312 0.5029296875 0.0556640625 0.0351562500
0 0.1298828125 0.4570312500 0.0292968750 0.0527343750
0 0.0991210938 0.4951171875 0.0322265625 0.0585937500
0 0.2651367188 0.5810546875 0.0576171875 0.0332031250
0 0.2177734375 0.6079101562 0.0566406250 0.0380859375
0 0.2055664062 0.6743164062 0.0341796875 0.0595703125
0 0.2851562500 0.6752929688 0.0292968750 0.0517578125
0 0.2026367188 0.7763671875 0.0322265625 0.0585937500
0 0.1162109375 0.7446289062 0.0566406250 0.0361328125
0 0.0205078125 0.5502929688 0.0410156250 0.0302734375
1 0.1430664062 0.5083007812 0.0302734375 0.0537109375
1 0.2016601562 0.5615234375 0.0322265625 0.0566406250
1 0.7412109375 0.5634765625 0.0585937500 0.0351562500
1 0.5292968750 0.4501953125 0.0429687500 0.0488281250
1 0.4174804688 0.3403320312 0.0517578125 0.0498046875
1 0.2714843750 0.1982421875 0.0468750000 0.0507812500
1 0.9707031250 0.2192382812 0.0585937500 0.0615234375
1 0.9213867188 0.2700195312 0.0615234375 0.0615234375
1 0.8872070312 0.3061523438 0.0537109375 0.0556640625
1 0.7460937500 0.4428710938 0.0605468750 0.0634765625
1 0.9482421875 0.3515625000 0.0507812500 0.0273437500
1 0.9194335938 0.4306640625 0.0576171875 0.0292968750
2 0.6333007812 0.2133789062 0.7333984375 0.4267578125
