3 0.5004882812 0.2309570312 0.1982421875 0.1337890625
2 0.8388671875 0.3764648438 0.1992187500 0.1962890625
3 0.7026367188 0.7900390625 0.5654296875 0.1425781250
3 0.3793945312 0.7319335938 0.0693359375 0.1376953125
0 0.0092773438 0.6884765625 0.0185546875 0.0605468750
0 0.0078125000 0.3681640625 0.0156250000 0.0585937500
0 0.5698242188 0.6103515625 0.0283203125 0.0527343750
0 0.6000976562 0.6127929688 0.0302734375 0.0576171875
0 0.6435546875 0.6132812500 0.0332031250 0.0566406250
0 0.6762695312 0.6118164062 0.0322265625 0.0556640625
0 0.5673828125 0.6889648438 0.0332031250 0.0537109375
0 0.6005859375 0.6918945312 0.0292968750 0.0556640625
0 0.6450195312 0.6879882812 0.0302734375 0.0576171875
0 0.6752929688 0.6889648438 0.0302734375 0.0615234375
0 0.7690429688 0.6938476562 0.0302734375 0.0517578125
0 0.8022460938 0.6948242188 0.0302734375 0.0537109375
0 0.8461914062 0.6962890625 0.0302734375 0.0566406250
0 0.8774414062 0.6938476562 0.0322265625 0.0517578125
1 0.3208007812 0.5668945312 0.0341796875 0.0576171875
1 0.4545898438 0.6713867188 0.0517578125 0.0947265625
1 0.7001953125 0.2885742188 0.0292968750 0.0517578125
1 0.7807617188 0.2343750000 0.0263671875 0.0546875000
1 0.8071289062 0.2299804688 0.0244140625 0.0595703125
1 0.6884765625 0.3349609375 0.0546875000 0.0292968750
1 0.6708984375 0.3735351562 0.0546875000 0.0283203125
1 0.6718750000 0.4013671875 0.0625000000 0.0292968750
1 0.6772460938 0.4511718750 0.0595703125 0.0371093750
1 0.7563476562 0.5292968750 0.0244140625 0.0527343750
1 0.7822265625 0.5312500000 0.0234375000 0.0566406250
1 0.8256835938 0.5322265625 0.0263671875 0.0566406250
1 0.8525390625 0.5317382812 0.0273437500 0.0576171875
1 0.8994140625 0.5322265625 0.0312500000 0.0566406250
1 0.9272460938 0.5312500000 0.0302734375 0.0605468750
1 0.9804687500 0.3706054688 0.0390625000 0.0302734375
1 0.9794921875 0.3984375000 0.0410156250 0.0292968750
