3 0.1389160156 0.7896669931 0.2661132812 0.1180215475
3 0.5666503906 0.1158178257 0.0991210938 0.0670910872
2 0.7358398438 0.1887855044 0.0996093750 0.0984329089
3 0.6677246094 0.3961802155 0.2827148438 0.0714985309
3 0.5061035156 0.3670421156 0.0346679688 0.0690499510
3 0.9768066406 0.5759059745 0.0463867188 0.3682664055
2 0.8063964844 0.5514201763 0.0844726562 0.0861900098
2 0.6096191406 0.7463271303 0.0834960938 0.0861900098
2 0.4213867188 0.5333006856 0.0234375000 0.0225269344
2 0.4284667969 0.6072477963 0.0346679688 0.0264446621
2 0.4277343750 0.7005386876 0.0234375000 0.0337904016
2 0.3654785156 0.7144955926 0.0375976562 0.0303623898
2 0.4511718750 0.7500000000 0.0429687500 0.0328109696
2 0.5102539062 0.5333006856 0.0234375000 0.0225269344
2 0.5771484375 0.5881488737 0.0244140625 0.0235063663
2 0.6877441406 0.8521057786 0.0239257812 0.0195886386
2 0.3674316406 0.7651811949 0.0229492188 0.0357492654
2 0.7673339844 0.8599412341 0.0239257812 0.0225269344
2 0.8195800781 0.7262487757 0.0249023438 0.0235063663
2 0.7612304688 0.7504897160 0.0224609375 0.0239960823
0 0.9887695312 0.7744857982 0.0224609375 0.0151811949
0 0.9782714844 0.7627326151 0.0317382812 0.0122428991
0 0.6330566406 0.6787463271 0.0151367188 0.0293829579
0 0.5952148438 0.6838883448 0.0136718750 0.0298726738
0 0.5668945312 0.6838883448 0.0136718750 0.0249755142
0 0.5742187500 0.6466699314 0.0273437500 0.0151811949
0 0.2468261719 0.6170421156 0.0278320312 0.0156709109
0 0.3991699219 0.8854064643 0.0268554688 0.0156709109
0 0.3393554688 0.8574926543 0.0292968750 0.0176297747
0 0.2473144531 0.5602350637 0.0288085938 0.0166503428
0 0.2468261719 0.5041625857 0.0307617188 0.0181194907
0 0.2468261719 0.4473555338 0.0278320312 0.0171400588
0 0.2458496094 0.3988736533 0.0288085938 0.0181194907
0 0.3181152344 0.3452497551 0.0151367188 0.0303623898
0 0.3039550781 0.3315377081 0.0170898438 0.0284035260
0 0.2438964844 0.2421645446 0.0278320312 0.0142017630
0 0.3166503906 0.1846229187 0.0151367188 0.0293829579
0 0.3037109375 0.1706660137 0.0166015625 0.0298726738
0 0.6013183594 0.3060724780 0.0141601562 0.0264446621
0 0.6164550781 0.3072967679 0.0151367188 0.0288932419
0 0.6381835938 0.3075416259 0.0166015625 0.0284035260
0 0.6545410156 0.3068070519 0.0161132812 0.0279138100
0 0.6000976562 0.3454946131 0.0166015625 0.0269343781
0 0.6166992188 0.3469637610 0.0146484375 0.0279138100
0 0.6389160156 0.3450048972 0.0151367188 0.0288932419
0 0.6540527344 0.3454946131 0.0151367188 0.0308521058
0 0.7009277344 0.3479431929 0.0151367188 0.0259549461
0 0.7175292969 0.3484329089 0.0151367188 0.0269343781
0 0.7395019531 0.3491674829 0.0151367188 0.0284035260
0 0.7551269531 0.3479431929 0.0161132812 0.0259549461
0 0.8881835938 0.5014691479 0.0224609375 0.0127326151
0 0.8872070312 0.5146914789 0.0244140625 0.0127326151
1 0.4768066406 0.2842801175 0.0170898438 0.0288932419
1 0.5437011719 0.3366797258 0.0258789062 0.0475024486
1 0.3994140625 0.5585210578 0.0156250000 0.0279138100
1 0.4414062500 0.5531341822 0.0253906250 0.0151811949
1 0.4904785156 0.5526444662 0.0288085938 0.0161606268
1 0.5517578125 0.5467678746 0.0273437500 0.0142017630
1 0.5212402344 0.6407933399 0.0170898438 0.0298726738
1 0.4504394531 0.6454456415 0.0131835938 0.0274240940
1 0.4001464844 0.6882957884 0.0258789062 0.0132223310
1 0.3498535156 0.7409402547 0.0141601562 0.0264446621
1 0.4089355469 0.7294319295 0.0161132812 0.0288932419
1 0.4506835938 0.7223310480 0.0302734375 0.0156709109
1 0.3979492188 0.7766895201 0.0244140625 0.0137120470
1 0.3442382812 0.7884427032 0.0273437500 0.0146914789
1 0.3630371094 0.8596963761 0.0161132812 0.0279138100
1 0.4294433594 0.8775710088 0.0141601562 0.0293829579
1 0.4118652344 0.8143976494 0.0258789062 0.0156709109
1 0.5769042969 0.8121939275 0.0131835938 0.0279138100
1 0.6025390625 0.8124387855 0.0126953125 0.0284035260
1 0.6647949219 0.8352105779 0.0239257812 0.0122428991
1 0.6662597656 0.8200293830 0.0239257812 0.0132223310
1 0.7158203125 0.6647894221 0.0146484375 0.0279138100
1 0.7106933594 0.7269833497 0.0141601562 0.0269343781
1 0.7375488281 0.7338393732 0.0258789062 0.0151811949
1 0.7375488281 0.5421155730 0.0278320312 0.0137120470
1 0.7373046875 0.5286483839 0.0283203125 0.0151811949
1 0.6665039062 0.1447110676 0.0146484375 0.0259549461
1 0.7067871094 0.1175318315 0.0131835938 0.0274240940
1 0.7199707031 0.1153281097 0.0122070312 0.0298726738
1 0.6606445312 0.1679725759 0.0273437500 0.0146914789
1 0.6518554688 0.1873163565 0.0273437500 0.0142017630
1 0.6523437500 0.2012732615 0.0312500000 0.0146914789
1 0.6550292969 0.2262487757 0.0297851562 0.0186092067
1 0.6945800781 0.2654260529 0.0122070312 0.0264446621
1 0.7075195312 0.2664054848 0.0117187500 0.0284035260
1 0.7292480469 0.2668952008 0.0131835938 0.0284035260
1 0.7426757812 0.2666503428 0.0136718750 0.0288932419
1 0.7661132812 0.2668952008 0.0156250000 0.0284035260
1 0.7800292969 0.2664054848 0.0151367188 0.0303623898
1 0.8103027344 0.1858472086 0.0268554688 0.0151811949
1 0.8103027344 0.1998041136 0.0288085938 0.0146914789
1 0.9082031250 0.1417727718 0.0136718750 0.0279138100
1 0.8774414062 0.2477962782 0.0283203125 0.0166503428
1 0.9252929688 0.3658178257 0.0302734375 0.0176297747
1 0.8469238281 0.4828599412 0.0131835938 0.0293829579
1 0.8344726562 0.4823702253 0.0117187500 0.0284035260
1 0.9057617188 0.5075905975 0.0136718750 0.0288932419
1 0.8679199219 0.5078354554 0.0131835938 0.0284035260
1 0.8742675781 0.5264446621 0.0258789062 0.0117531832
1 0.8837890625 0.5386875612 0.0273437500 0.0137120470
1 0.8735351562 0.5511753183 0.0302734375 0.0142017630
1 0.8366699219 0.6314887365 0.0112304688 0.0220372184
1 0.8244628906 0.6327130264 0.0112304688 0.0235063663
1 0.9401855469 0.8479431929 0.0170898438 0.0288932419
1 0.9829101562 0.8413320274 0.0156250000 0.0284035260
1 0.9692382812 0.8065621939 0.0253906250 0.0137120470
1 0.9921875000 0.3814887365 0.0156250000 0.0156709109
1 0.6188964844 0.6789911851 0.0131835938 0.0298726738
0 0.3784179688 0.6273261508 0.0273437500 0.0156709109
