3 0.5004734848 0.7007575758 0.8816287879 0.1780303030
3 0.2447916667 0.5265151515 0.3740530303 0.0719696970
3 0.9256628788 0.2660984848 0.1486742424 0.5321969697
2 0.6524621212 0.5378787879 0.2348484848 0.1458333333
0 0.7585227273 0.3319128788 0.0587121212 0.0350378788
0 0.1780303030 0.4777462121 0.0530303030 0.0293560606
0 0.1799242424 0.4479166667 0.0492424242 0.0321969697
0 0.0222537879 0.5937500000 0.0445075758 0.0321969697
0 0.0359848485 0.6851325758 0.0284090909 0.0501893939
1 0.4782196970 0.5767045455 0.0568181818 0.0340909091
1 0.2727272727 0.4668560606 0.0416666667 0.0473484848
1 0.1642992424 0.3603219697 0.0501893939 0.0482954545
1 0.0227272727 0.2225378788 0.0454545455 0.0492424242
1 0.7462121212 0.0146780303 0.0492424242 0.0293560606
1 0.7376893939 0.2083333333 0.0511363636 0.0568181818
1 0.7017045455 0.2428977273 0.0587121212 0.0596590909
1 0.6529356061 0.2921401515 0.0596590909 0.0596590909
1 0.6197916667 0.3271780303 0.0520833333 0.0539772727
1 0.4829545455 0.4597537879 0.0587121212 0.0615530303
1 0.6789772727 0.3712121212 0.0492424242 0.0265151515
1 0.6510416667 0.4479166667 0.0558712121 0.0284090909
2 0.3735795455 0.2220643939 0.7111742424 0.4441287879
