3 0.5676269531 0.8452497551 0.4545898438 0.0920666014
3 0.9082031250 0.8173359452 0.1835937500 0.1214495593
3 0.9262695312 0.5942703232 0.1474609375 0.1278158668
3 0.4975585938 0.1170421156 0.3164062500 0.0675808031
2 0.2263183594 0.2463271303 0.1997070312 0.2007835455
3 0.1872558594 0.5759059745 0.0668945312 0.3682664055
3 0.4357910156 0.7551420176 0.1928710938 0.0372184133
3 0.8007812500 0.5729676787 0.1044921875 0.3702252693
3 0.8669433594 0.3310479922 0.0971679688 0.1038197845
2 0.0244140625 0.5514201763 0.0488281250 0.0861900098
2 0.6459960938 0.7610186092 0.1210937500 0.0754162586
2 0.2368164062 0.8092556317 0.0693359375 0.0680705191
2 0.2023925781 0.8822233105 0.0336914062 0.0475024486
2 0.0197753906 0.7262487757 0.0249023438 0.0235063663
2 0.7517089844 0.1838883448 0.0493164062 0.0475024486
2 0.7583007812 0.3425563173 0.0390625000 0.0279138100
3 0.5383300781 0.2468168462 0.0463867188 0.0852105779
3 0.4494628906 0.2722820764 0.0366210938 0.0675808031
3 0.4658203125 0.1946620960 0.0673828125 0.0377081293
3 0.6218261719 0.1939275220 0.0678710938 0.0391772772
3 0.2797851562 0.4424583741 0.0683593750 0.0377081293
1 0.8142089844 0.1860920666 0.0268554688 0.0470127326
1 0.7915039062 0.1846229187 0.0166015625 0.0293829579
1 0.7529296875 0.1165523996 0.0458984375 0.0254652302
1 0.7543945312 0.1442213516 0.0429687500 0.0259549461
1 0.7514648438 0.2519588639 0.0458984375 0.0239960823
1 0.7536621094 0.2255142018 0.0424804688 0.0269343781
2 0.6757812500 0.4341332027 0.0468750000 0.0465230167
0 0.8444824219 0.1454456415 0.0170898438 0.0303623898
0 0.7995605469 0.1393241920 0.0278320312 0.0151811949
0 0.7993164062 0.1537708129 0.0273437500 0.0156709109
0 0.8002929688 0.2296767875 0.0263671875 0.0127326151
0 0.8000488281 0.2428991185 0.0258789062 0.0127326151
0 0.7036132812 0.3486777669 0.0244140625 0.0127326151
0 0.7033691406 0.3364348678 0.0249023438 0.0127326151
0 0.7226562500 0.4187071499 0.0156250000 0.0254652302
0 0.6430664062 0.3437806072 0.0312500000 0.0186092067
0 0.6333007812 0.3188050930 0.0283203125 0.0146914789
0 0.6342773438 0.3033790402 0.0283203125 0.0161606268
0 0.6330566406 0.2757100881 0.0278320312 0.0156709109
0 0.5939941406 0.2441234084 0.0297851562 0.0171400588
0 0.5871582031 0.2840352595 0.0161132812 0.0284035260
0 0.5725097656 0.2979921645 0.0170898438 0.0269343781
0 0.6110839844 0.3871204701 0.0200195312 0.0181194907
0 0.6757812500 0.1836434868 0.0283203125 0.0156709109
0 0.7006835938 0.6545053869 0.0302734375 0.0181194907
0 0.4013671875 0.7299216454 0.0273437500 0.0151811949
0 0.4023437500 0.7144955926 0.0253906250 0.0166503428
0 0.3088378906 0.7507345739 0.0278320312 0.0176297747
0 0.2504882812 0.7277179236 0.0146484375 0.0264446621
0 0.2351074219 0.7468168462 0.0161132812 0.0293829579
0 0.3181152344 0.7899118511 0.0288085938 0.0166503428
0 0.2944335938 0.8033790402 0.0283203125 0.0190989226
0 0.2883300781 0.8366797258 0.0170898438 0.0298726738
0 0.3281250000 0.8371694417 0.0146484375 0.0259549461
0 0.2868652344 0.8878550441 0.0161132812 0.0293829579
0 0.2436523438 0.8719392752 0.0283203125 0.0181194907
0 0.1918945312 0.7744857982 0.0283203125 0.0151811949
0 0.1784667969 0.7627326151 0.0317382812 0.0122428991
0 0.2253417969 0.3878550441 0.0131835938 0.0284035260
0 0.2387695312 0.3880999021 0.0126953125 0.0288932419
0 0.2507324219 0.3878550441 0.0122070312 0.0254652302
0 0.2629394531 0.3871204701 0.0141601562 0.0308521058
0 0.2756347656 0.3885896180 0.0131835938 0.0279138100
0 0.2883300781 0.3868756121 0.0112304688 0.0274240940
0 0.3012695312 0.3878550441 0.0136718750 0.0284035260
0 0.3183593750 0.3866307542 0.0185546875 0.0318315377
0 0.0883789062 0.5014691479 0.0224609375 0.0127326151
0 0.0874023438 0.5146914789 0.0244140625 0.0127326151
0 0.3925781250 0.2191478942 0.0244140625 0.0151811949
0 0.3920898438 0.2318805093 0.0263671875 0.0112634672
0 0.3916015625 0.2438785504 0.0273437500 0.0127326151
0 0.3913574219 0.2568560235 0.0278320312 0.0122428991
0 0.3916015625 0.2690989226 0.0283203125 0.0132223310
0 0.3913574219 0.2813418217 0.0288085938 0.0122428991
0 0.3920898438 0.2940744368 0.0283203125 0.0132223310
0 0.3845214844 0.3288442703 0.0278320312 0.0151811949
0 0.3847656250 0.3440254652 0.0273437500 0.0161606268
0 0.3845214844 0.3601860921 0.0288085938 0.0142017630
0 0.3774414062 0.4089128306 0.0195312500 0.0195886386
0 0.3691406250 0.4174828599 0.0185546875 0.0200783546
0 0.4609375000 0.3249265426 0.0273437500 0.0161606268
3 0.8640136719 0.4275220372 0.0268554688 0.0705190989
1 0.0119628906 0.1858472086 0.0239257812 0.0151811949
1 0.0124511719 0.1998041136 0.0249023438 0.0146914789
1 0.1083984375 0.1417727718 0.0136718750 0.0279138100
1 0.0776367188 0.2477962782 0.0283203125 0.0166503428
1 0.1254882812 0.3658178257 0.0302734375 0.0176297747
1 0.0471191406 0.4828599412 0.0131835938 0.0293829579
1 0.0346679688 0.4823702253 0.0117187500 0.0284035260
1 0.1059570312 0.5075905975 0.0136718750 0.0288932419
1 0.0681152344 0.5078354554 0.0131835938 0.0284035260
1 0.0744628906 0.5264446621 0.0258789062 0.0117531832
1 0.0839843750 0.5386875612 0.0273437500 0.0137120470
1 0.0737304688 0.5511753183 0.0302734375 0.0142017630
1 0.0368652344 0.6314887365 0.0112304688 0.0220372184
1 0.0246582031 0.6327130264 0.0112304688 0.0235063663
1 0.1403808594 0.8479431929 0.0170898438 0.0288932419
1 0.1831054688 0.8413320274 0.0156250000 0.0284035260
1 0.1694335938 0.8065621939 0.0253906250 0.0137120470
1 0.2570800781 0.7534280118 0.0151367188 0.0269343781
1 0.2863769531 0.7801175318 0.0161132812 0.0284035260
1 0.5561523438 0.7810969638 0.0292968750 0.0176297747
1 0.4501953125 0.7242899119 0.0214843750 0.0244857982
1 0.3942871094 0.6691968658 0.0258789062 0.0249755142
1 0.3212890625 0.5979431929 0.0234375000 0.0254652302
1 0.3022460938 0.4909402547 0.0244140625 0.0151811949
1 0.3586425781 0.4270323213 0.0219726562 0.0235063663
1 0.1977539062 0.3814887365 0.0263671875 0.0156709109
1 0.4355468750 0.3481880509 0.0283203125 0.0284035260
1 0.3591308594 0.2610186092 0.0170898438 0.0303623898
1 0.3708496094 0.1824191969 0.0297851562 0.0171400588
1 0.2761230469 0.1084720862 0.0170898438 0.0298726738
1 0.5197753906 0.3232125367 0.0249023438 0.0254652302
1 0.6354980469 0.4113614104 0.0239257812 0.0215475024
1 0.6943359375 0.4850636631 0.0253906250 0.0259549461
1 0.6008300781 0.3758570029 0.0249023438 0.0230166503
1 0.6899414062 0.5905974535 0.0263671875 0.0293829579
1 0.6713867188 0.6084720862 0.0302734375 0.0308521058
1 0.6462402344 0.6339373164 0.0307617188 0.0308521058
1 0.6291503906 0.6520568071 0.0268554688 0.0279138100
1 0.5585937500 0.7206170421 0.0302734375 0.0318315377
1 0.6596679688 0.6748285994 0.0253906250 0.0137120470
1 0.6452636719 0.7144955926 0.0288085938 0.0146914789
2 0.5021972656 0.5293829579 0.3666992188 0.3663075416
