3 0.7309570312 0.6601562500 0.1943359375 0.2070312500
2 0.5004882812 0.3666992188 0.0986328125 0.0947265625
2 0.5136718750 0.6831054688 0.0781250000 0.0556640625
3 0.0737304688 0.4921875000 0.0927734375 0.1699218750
3 0.2407226562 0.3867187500 0.1357421875 0.0781250000
1 0.6254882812 0.3710937500 0.0537109375 0.0937500000
1 0.5800781250 0.3681640625 0.0332031250 0.0585937500
1 0.5029296875 0.2324218750 0.0917968750 0.0507812500
1 0.5058593750 0.2875976562 0.0859375000 0.0517578125
1 0.5000000000 0.5024414062 0.0917968750 0.0478515625
1 0.5043945312 0.4497070312 0.0849609375 0.0537109375
2 0.3486328125 0.8657226562 0.0937500000 0.0927734375
0 0.6860351562 0.2900390625 0.0341796875 0.0605468750
0 0.5961914062 0.2778320312 0.0556640625 0.0302734375
0 0.5957031250 0.3066406250 0.0546875000 0.0312500000
0 0.5976562500 0.4580078125 0.0527343750 0.0253906250
0 0.5971679688 0.4843750000 0.0517578125 0.0253906250
0 0.4042968750 0.6953125000 0.0488281250 0.0253906250
0 0.4038085938 0.6708984375 0.0498046875 0.0253906250
0 0.4423828125 0.8349609375 0.0312500000 0.0507812500
0 0.2832031250 0.6855468750 0.0625000000 0.0371093750
0 0.2636718750 0.6357421875 0.0566406250 0.0292968750
0 0.2656250000 0.6049804688 0.0566406250 0.0322265625
0 0.2631835938 0.5498046875 0.0556640625 0.0312500000
0 0.1850585938 0.4868164062 0.0595703125 0.0341796875
0 0.1713867188 0.5664062500 0.0322265625 0.0566406250
0 0.1420898438 0.5942382812 0.0341796875 0.0537109375
0 0.2192382812 0.7719726562 0.0400390625 0.0361328125
0 0.3486328125 0.3662109375 0.0566406250 0.0312500000
3 0.7250976562 0.8525390625 0.0537109375 0.1406250000
1 0.0366210938 0.6445312500 0.0498046875 0.0507812500
1 0.2680664062 0.8203125000 0.0478515625 0.0429687500
1 0.3857421875 0.9672851562 0.0507812500 0.0517578125
1 0.1987304688 0.7495117188 0.0498046875 0.0458984375
