3 0.5004882812 0.5000000000 0.1337890625 0.7343750000
3 0.9023437500 0.8574218750 0.1953125000 0.0742187500
2 0.1391601562 0.4511718750 0.1689453125 0.1718750000
2 0.5996093750 0.9487304688 0.1386718750 0.1025390625
2 0.1655273438 0.7998046875 0.0498046875 0.0468750000
2 0.0488281250 0.8481445312 0.0449218750 0.0478515625
3 0.6855468750 0.2338867188 0.1367187500 0.0751953125
0 0.9287109375 0.8071289062 0.0546875000 0.0302734375
0 0.9306640625 0.7763671875 0.0507812500 0.0332031250
0 0.7436523438 0.8486328125 0.0556640625 0.0351562500
0 0.6269531250 0.8027343750 0.0292968750 0.0527343750
0 0.5961914062 0.8408203125 0.0322265625 0.0585937500
0 0.7622070312 0.9267578125 0.0576171875 0.0332031250
0 0.7148437500 0.9536132812 0.0566406250 0.0380859375
0 0.5097656250 0.8959960938 0.0566406250 0.0302734375
0 0.4829101562 0.8725585938 0.0634765625 0.0244140625
0 0.0102539062 0.0478515625 0.0205078125 0.0566406250
0 0.0366210938 0.0454101562 0.0322265625 0.0517578125
0 0.5766601562 0.1250000000 0.0263671875 0.0566406250
0 0.6035156250 0.1254882812 0.0253906250 0.0576171875
0 0.6274414062 0.1250000000 0.0244140625 0.0507812500
0 0.6518554688 0.1235351562 0.0283203125 0.0615234375
0 0.6772460938 0.1264648438 0.0263671875 0.0556640625
0 0.7026367188 0.1230468750 0.0224609375 0.0546875000
0 0.7285156250 0.1250000000 0.0273437500 0.0566406250
0 0.7626953125 0.1225585938 0.0371093750 0.0634765625
0 0.3027343750 0.3515625000 0.0449218750 0.0253906250
0 0.3007812500 0.3779296875 0.0488281250 0.0253906250
0 0.8950195312 0.0112304688 0.0556640625 0.0224609375
0 0.8955078125 0.0375976562 0.0546875000 0.0322265625
0 0.8950195312 0.0698242188 0.0576171875 0.0283203125
0 0.8808593750 0.1669921875 0.0390625000 0.0390625000
0 0.8642578125 0.1840820312 0.0371093750 0.0400390625
1 0.0136718750 0.8149414062 0.0273437500 0.0302734375
1 0.0146484375 0.4326171875 0.0292968750 0.0273437500
1 0.0146484375 0.4057617188 0.0292968750 0.0302734375
1 0.3769531250 0.0810546875 0.0605468750 0.0351562500
1 0.2202148438 0.3144531250 0.0263671875 0.0585937500
1 0.1953125000 0.3134765625 0.0234375000 0.0566406250
1 0.3378906250 0.3637695312 0.0273437500 0.0576171875
1 0.2622070312 0.3642578125 0.0263671875 0.0566406250
1 0.2749023438 0.4013671875 0.0517578125 0.0234375000
1 0.2939453125 0.4257812500 0.0546875000 0.0273437500
1 0.2734375000 0.4506835938 0.0605468750 0.0283203125
1 0.1997070312 0.6108398438 0.0224609375 0.0439453125
1 0.1752929688 0.6132812500 0.0224609375 0.0468750000
1 0.4648437500 0.9599609375 0.0507812500 0.0273437500
1 0.6401367188 0.8540039062 0.0302734375 0.0537109375
1 0.6987304688 0.9072265625 0.0322265625 0.0566406250
1 0.9145507812 0.6860351562 0.0517578125 0.0498046875
1 0.7685546875 0.5439453125 0.0468750000 0.0507812500
1 0.7304687500 0.3305664062 0.0488281250 0.0302734375
1 0.8432617188 0.2031250000 0.0439453125 0.0468750000
1 0.5214843750 0.1123046875 0.0527343750 0.0312500000
1 0.9843750000 0.0458984375 0.0312500000 0.0566406250
