3 0.2529296875 0.1904296875 0.5058593750 0.1425781250
3 0.8618164062 0.5488281250 0.1337890625 0.7343750000
2 0.5004882812 0.5000000000 0.1689453125 0.1718750000
2 0.1069335938 0.8886718750 0.1669921875 0.1718750000
2 0.0419921875 0.5732421875 0.0488281250 0.0468750000
2 0.5268554688 0.8486328125 0.0498046875 0.0468750000
2 0.4101562500 0.8969726562 0.0449218750 0.0478515625
0 0.9868164062 0.8515625000 0.0263671875 0.0527343750
0 0.9575195312 0.8896484375 0.0322265625 0.0585937500
0 0.8710937500 0.9448242188 0.0566406250 0.0302734375
0 0.8442382812 0.9213867188 0.0634765625 0.0244140625
0 0.1538085938 0.7539062500 0.0302734375 0.0585937500
0 0.0781250000 0.7641601562 0.0273437500 0.0595703125
0 0.0214843750 0.7641601562 0.0273437500 0.0498046875
0 0.0361328125 0.6899414062 0.0546875000 0.0302734375
0 0.0903320312 0.0185546875 0.0283203125 0.0371093750
0 0.1206054688 0.0209960938 0.0302734375 0.0419921875
0 0.1640625000 0.0209960938 0.0332031250 0.0419921875
0 0.1967773438 0.0200195312 0.0322265625 0.0400390625
0 0.0878906250 0.0893554688 0.0332031250 0.0537109375
0 0.1210937500 0.0922851562 0.0292968750 0.0556640625
0 0.1655273438 0.0883789062 0.0302734375 0.0576171875
0 0.1958007812 0.0893554688 0.0302734375 0.0615234375
0 0.2895507812 0.0942382812 0.0302734375 0.0517578125
0 0.3227539062 0.0952148438 0.0302734375 0.0537109375
0 0.3666992188 0.0966796875 0.0302734375 0.0566406250
0 0.3979492188 0.0942382812 0.0322265625 0.0517578125
0 0.9379882812 0.1738281250 0.0263671875 0.0566406250
0 0.9648437500 0.1743164062 0.0253906250 0.0576171875
0 0.9882812500 0.1738281250 0.0234375000 0.0507812500
0 0.6640625000 0.4003906250 0.0449218750 0.0253906250
0 0.6621093750 0.4267578125 0.0488281250 0.0253906250
1 0.3193359375 0.7260742188 0.0292968750 0.0556640625
1 0.3090820312 0.8500976562 0.0283203125 0.0537109375
1 0.3627929688 0.8637695312 0.0517578125 0.0302734375
1 0.3627929688 0.4814453125 0.0556640625 0.0273437500
1 0.3623046875 0.4545898438 0.0566406250 0.0302734375
1 0.7382812500 0.1298828125 0.0605468750 0.0351562500
1 0.5815429688 0.3632812500 0.0263671875 0.0585937500
1 0.5566406250 0.3623046875 0.0234375000 0.0566406250
1 0.6992187500 0.4125976562 0.0273437500 0.0576171875
1 0.6235351562 0.4130859375 0.0263671875 0.0566406250
1 0.6362304688 0.4501953125 0.0517578125 0.0234375000
1 0.6552734375 0.4746093750 0.0546875000 0.0273437500
1 0.6347656250 0.4995117188 0.0605468750 0.0283203125
1 0.5610351562 0.6596679688 0.0224609375 0.0439453125
1 0.5366210938 0.6621093750 0.0224609375 0.0468750000
1 0.8828125000 0.1611328125 0.0527343750 0.0312500000
1 0.1254882812 0.7543945312 0.0263671875 0.0595703125
