3 0.7500000000 0.7041015625 0.2089843750 0.5917968750
3 0.8823242188 0.2949218750 0.1943359375 0.2070312500
2 0.6518554688 0.0244140625 0.0986328125 0.0488281250
2 0.6650390625 0.3178710938 0.0781250000 0.0556640625
3 0.2250976562 0.1269531250 0.0927734375 0.1699218750
3 0.0473632812 0.1777343750 0.0732421875 0.1347656250
3 0.0800781250 0.0302734375 0.1347656250 0.0605468750
3 0.3920898438 0.0302734375 0.1357421875 0.0605468750
1 0.7768554688 0.0263671875 0.0537109375 0.0527343750
1 0.7314453125 0.0161132812 0.0332031250 0.0322265625
1 0.6513671875 0.1372070312 0.0917968750 0.0478515625
1 0.6557617188 0.0844726562 0.0849609375 0.0537109375
2 0.5000000000 0.5004882812 0.0937500000 0.0927734375
0 0.7490234375 0.0927734375 0.0527343750 0.0253906250
0 0.7485351562 0.1191406250 0.0517578125 0.0253906250
0 0.5556640625 0.3300781250 0.0488281250 0.0253906250
0 0.5551757812 0.3056640625 0.0498046875 0.0253906250
0 0.5937500000 0.4697265625 0.0312500000 0.0507812500
0 0.4345703125 0.3203125000 0.0625000000 0.0371093750
0 0.4150390625 0.2705078125 0.0566406250 0.0292968750
0 0.4169921875 0.2397460938 0.0566406250 0.0322265625
0 0.4145507812 0.1845703125 0.0556640625 0.0312500000
0 0.3364257812 0.1215820312 0.0595703125 0.0341796875
0 0.3227539062 0.2011718750 0.0322265625 0.0566406250
0 0.2934570312 0.2290039062 0.0341796875 0.0537109375
0 0.3706054688 0.4067382812 0.0400390625 0.0361328125
0 0.5000000000 0.0083007812 0.0566406250 0.0166015625
0 0.5498046875 0.9399414062 0.0605468750 0.0361328125
0 0.0703125000 0.2827148438 0.0546875000 0.0322265625
3 0.8764648438 0.4873046875 0.0537109375 0.1406250000
1 0.0239257812 0.3291015625 0.0478515625 0.0566406250
1 0.1879882812 0.2792968750 0.0498046875 0.0507812500
1 0.4194335938 0.4550781250 0.0478515625 0.0429687500
1 0.5371093750 0.6020507812 0.0507812500 0.0517578125
1 0.3500976562 0.3842773438 0.0498046875 0.0458984375
1 0.5283203125 0.8125000000 0.0527343750 0.0585937500
1 0.4912109375 0.8481445312 0.0605468750 0.0615234375
1 0.4409179688 0.8989257812 0.0615234375 0.0615234375
1 0.4067382812 0.9350585938 0.0537109375 0.0556640625
1 0.4677734375 0.9804687500 0.0507812500 0.0273437500
2 0.2597656250 0.6625976562 0.5195312500 0.6748046875
