3 0.3676757812 0.9501953125 0.3857421875 0.0742187500
2 0.7880859375 0.9433593750 0.2421875000 0.1132812500
3 0.0620117188 0.3266601562 0.1240234375 0.0751953125
2 0.8476562500 0.3100585938 0.0937500000 0.0927734375
0 0.9033203125 0.1396484375 0.0488281250 0.0253906250
0 0.9028320312 0.1152343750 0.0498046875 0.0253906250
0 0.9414062500 0.2792968750 0.0312500000 0.0507812500
0 0.7822265625 0.1298828125 0.0625000000 0.0371093750
0 0.7626953125 0.0800781250 0.0566406250 0.0292968750
0 0.7646484375 0.0493164062 0.0566406250 0.0322265625
0 0.6704101562 0.0195312500 0.0322265625 0.0390625000
0 0.6411132812 0.0385742188 0.0341796875 0.0537109375
0 0.7182617188 0.2163085938 0.0400390625 0.0361328125
0 0.8974609375 0.7495117188 0.0605468750 0.0361328125
0 0.2988281250 0.8999023438 0.0546875000 0.0302734375
0 0.3007812500 0.8691406250 0.0507812500 0.0332031250
0 0.1137695312 0.9414062500 0.0556640625 0.0351562500
0 0.0219726562 0.2163085938 0.0283203125 0.0615234375
0 0.0473632812 0.2192382812 0.0263671875 0.0556640625
0 0.0727539062 0.2158203125 0.0224609375 0.0546875000
0 0.0986328125 0.2177734375 0.0273437500 0.0566406250
0 0.1328125000 0.2153320312 0.0371093750 0.0634765625
0 0.2788085938 0.0087890625 0.0576171875 0.0175781250
0 0.2802734375 0.0307617188 0.0566406250 0.0263671875
0 0.2651367188 0.1000976562 0.0556640625 0.0302734375
0 0.2656250000 0.1303710938 0.0546875000 0.0322265625
0 0.2651367188 0.1625976562 0.0576171875 0.0283203125
0 0.2509765625 0.2597656250 0.0390625000 0.0390625000
0 0.2343750000 0.2768554688 0.0371093750 0.0400390625
0 0.4179687500 0.0922851562 0.0546875000 0.0322265625
1 0.0126953125 0.9467773438 0.0253906250 0.0537109375
1 0.0688476562 0.9858398438 0.0322265625 0.0283203125
1 0.3964843750 0.8886718750 0.0429687500 0.0488281250
1 0.2846679688 0.7788085938 0.0517578125 0.0498046875
1 0.1386718750 0.6367187500 0.0468750000 0.0507812500
1 0.1005859375 0.4233398438 0.0488281250 0.0302734375
1 0.2133789062 0.2958984375 0.0439453125 0.0468750000
1 0.3671875000 0.1386718750 0.0566406250 0.0566406250
1 0.5356445312 0.0888671875 0.0498046875 0.0507812500
1 0.7670898438 0.2646484375 0.0478515625 0.0429687500
1 0.8847656250 0.4116210938 0.0507812500 0.0517578125
1 0.6977539062 0.1938476562 0.0498046875 0.0458984375
1 0.8759765625 0.6220703125 0.0527343750 0.0585937500
1 0.8388671875 0.6577148438 0.0605468750 0.0615234375
1 0.7885742188 0.7084960938 0.0615234375 0.0615234375
1 0.7543945312 0.7446289062 0.0537109375 0.0556640625
1 0.6132812500 0.8813476562 0.0605468750 0.0634765625
1 0.8154296875 0.7900390625 0.0507812500 0.0273437500
1 0.7866210938 0.8691406250 0.0576171875 0.0292968750
2 0.5004882812 0.5000000000 0.7333984375 0.7304687500
