3 0.1547851562 0.5805664062 0.3095703125 0.2353515625
2 0.9506835938 0.4941406250 0.0986328125 0.1718750000
2 0.6083984375 0.0693359375 0.0468750000 0.0449218750
2 0.6225585938 0.2167968750 0.0693359375 0.0527343750
2 0.6210937500 0.4028320312 0.0468750000 0.0673828125
2 0.4965820312 0.4306640625 0.0751953125 0.0605468750
2 0.6679687500 0.5014648438 0.0859375000 0.0654296875
2 0.7861328125 0.0693359375 0.0468750000 0.0449218750
2 0.9199218750 0.1787109375 0.0488281250 0.0468750000
2 0.5004882812 0.5317382812 0.0458984375 0.0712890625
0 0.9560546875 0.3696289062 0.0273437500 0.0595703125
0 0.8994140625 0.3696289062 0.0273437500 0.0498046875
0 0.9140625000 0.2954101562 0.0546875000 0.0302734375
0 0.2592773438 0.2363281250 0.0556640625 0.0312500000
0 0.5639648438 0.7714843750 0.0537109375 0.0312500000
0 0.4443359375 0.7158203125 0.0585937500 0.0351562500
0 0.2602539062 0.1230468750 0.0576171875 0.0332031250
0 0.2592773438 0.0146484375 0.0615234375 0.0292968750
1 0.5644531250 0.1196289062 0.0312500000 0.0556640625
1 0.6484375000 0.1088867188 0.0507812500 0.0302734375
1 0.7465820312 0.1079101562 0.0576171875 0.0322265625
1 0.8691406250 0.0961914062 0.0546875000 0.0283203125
1 0.8081054688 0.2836914062 0.0341796875 0.0595703125
1 0.6665039062 0.2929687500 0.0263671875 0.0546875000
1 0.5659179688 0.3784179688 0.0517578125 0.0263671875
1 0.4653320312 0.4833984375 0.0283203125 0.0527343750
1 0.5834960938 0.4604492188 0.0322265625 0.0576171875
1 0.6669921875 0.4462890625 0.0605468750 0.0312500000
1 0.5615234375 0.5546875000 0.0488281250 0.0273437500
1 0.4541015625 0.5781250000 0.0546875000 0.0292968750
1 0.4916992188 0.7202148438 0.0322265625 0.0556640625
1 0.6245117188 0.7558593750 0.0283203125 0.0585937500
1 0.5893554688 0.6298828125 0.0517578125 0.0312500000
1 0.9194335938 0.6254882812 0.0263671875 0.0556640625
1 0.9707031250 0.6259765625 0.0253906250 0.0566406250
0 0.5224609375 0.2568359375 0.0546875000 0.0312500000
