3 0.7055664062 0.9121093750 0.5322265625 0.1757812500
3 0.7441406250 0.5004882812 0.4648437500 0.2548828125
3 0.4082031250 0.4580078125 0.2089843750 0.7382812500
2 0.1098632812 0.8330078125 0.2197265625 0.1503906250
2 0.1582031250 0.1811523438 0.0937500000 0.0927734375
0 0.2138671875 0.0117187500 0.0488281250 0.0234375000
0 0.2519531250 0.1503906250 0.0312500000 0.0507812500
0 0.0927734375 0.0097656250 0.0625000000 0.0195312500
0 0.0288085938 0.0874023438 0.0400390625 0.0361328125
0 0.2080078125 0.6206054688 0.0605468750 0.0361328125
3 0.5346679688 0.1679687500 0.0537109375 0.1406250000
1 0.0776367188 0.1357421875 0.0478515625 0.0429687500
1 0.1953125000 0.2827148438 0.0507812500 0.0517578125
1 0.0166015625 0.0649414062 0.0332031250 0.0458984375
1 0.1865234375 0.4931640625 0.0527343750 0.0585937500
1 0.1494140625 0.5288085938 0.0605468750 0.0615234375
1 0.0991210938 0.5795898438 0.0615234375 0.0615234375
1 0.0649414062 0.6157226562 0.0537109375 0.0556640625
1 0.1259765625 0.6611328125 0.0507812500 0.0273437500
1 0.0971679688 0.7402343750 0.0576171875 0.0292968750
