2 0.9301757812 0.1450195312 0.1396484375 0.1962890625
3 0.7705078125 0.5585937500 0.4589843750 0.1425781250
3 0.5004882812 0.5004882812 0.0693359375 0.1376953125
2 0.3310546875 0.8320312500 0.0468750000 0.0449218750
2 0.3452148438 0.9765625000 0.0693359375 0.0468750000
2 0.5087890625 0.8320312500 0.0468750000 0.0449218750
2 0.6425781250 0.9414062500 0.0488281250 0.0468750000
0 0.1245117188 0.4570312500 0.0302734375 0.0605468750
0 0.0961914062 0.4296875000 0.0341796875 0.0566406250
0 0.1215820312 0.1367187500 0.0302734375 0.0585937500
0 0.0957031250 0.1088867188 0.0332031250 0.0595703125
0 0.6909179688 0.3789062500 0.0283203125 0.0527343750
0 0.7211914062 0.3813476562 0.0302734375 0.0576171875
0 0.7646484375 0.3818359375 0.0332031250 0.0566406250
0 0.7973632812 0.3803710938 0.0322265625 0.0556640625
0 0.6884765625 0.4575195312 0.0332031250 0.0537109375
0 0.7216796875 0.4604492188 0.0292968750 0.0556640625
0 0.7661132812 0.4565429688 0.0302734375 0.0576171875
0 0.7963867188 0.4575195312 0.0302734375 0.0615234375
0 0.8901367188 0.4624023438 0.0302734375 0.0517578125
0 0.9233398438 0.4633789062 0.0302734375 0.0537109375
0 0.9672851562 0.4648437500 0.0302734375 0.0566406250
0 0.9912109375 0.4624023438 0.0175781250 0.0517578125
1 0.4418945312 0.3354492188 0.0341796875 0.0576171875
1 0.5756835938 0.4399414062 0.0517578125 0.0947265625
1 0.2871093750 0.8823242188 0.0312500000 0.0556640625
1 0.3710937500 0.8715820312 0.0507812500 0.0302734375
1 0.4692382812 0.8706054688 0.0576171875 0.0322265625
1 0.5917968750 0.8588867188 0.0546875000 0.0283203125
1 0.9633789062 0.8496093750 0.0556640625 0.0273437500
1 0.9628906250 0.8227539062 0.0566406250 0.0302734375
1 0.8212890625 0.0571289062 0.0292968750 0.0517578125
1 0.9018554688 0.0151367188 0.0263671875 0.0302734375
1 0.8095703125 0.1035156250 0.0546875000 0.0292968750
1 0.7919921875 0.1420898438 0.0546875000 0.0283203125
1 0.7929687500 0.1699218750 0.0625000000 0.0292968750
1 0.7983398438 0.2197265625 0.0595703125 0.0371093750
1 0.8774414062 0.2978515625 0.0244140625 0.0527343750
1 0.9033203125 0.2998046875 0.0234375000 0.0566406250
1 0.9467773438 0.3007812500 0.0263671875 0.0566406250
1 0.9736328125 0.3002929688 0.0273437500 0.0576171875
