3 0.2778320312 0.7749023438 0.5322265625 0.2353515625
2 0.8427734375 0.2636718750 0.0468750000 0.0449218750
2 0.8569335938 0.4111328125 0.0693359375 0.0527343750
2 0.8554687500 0.5971679688 0.0468750000 0.0673828125
2 0.7309570312 0.6250000000 0.0751953125 0.0605468750
2 0.9023437500 0.6958007812 0.0859375000 0.0654296875
2 0.7348632812 0.7260742188 0.0458984375 0.0712890625
0 0.4936523438 0.4306640625 0.0556640625 0.0312500000
0 0.7983398438 0.9658203125 0.0537109375 0.0312500000
0 0.6787109375 0.9101562500 0.0585937500 0.0351562500
0 0.4946289062 0.3173828125 0.0576171875 0.0332031250
0 0.4936523438 0.2055664062 0.0615234375 0.0361328125
0 0.4936523438 0.0922851562 0.0556640625 0.0341796875
1 0.7988281250 0.3139648438 0.0312500000 0.0556640625
1 0.8828125000 0.3032226562 0.0507812500 0.0302734375
1 0.9760742188 0.3022460938 0.0478515625 0.0322265625
1 0.9008789062 0.4873046875 0.0263671875 0.0546875000
1 0.8002929688 0.5727539062 0.0517578125 0.0263671875
1 0.6997070312 0.6777343750 0.0283203125 0.0527343750
1 0.8178710938 0.6547851562 0.0322265625 0.0576171875
1 0.9013671875 0.6406250000 0.0605468750 0.0312500000
1 0.7958984375 0.7490234375 0.0488281250 0.0273437500
1 0.6884765625 0.7724609375 0.0546875000 0.0292968750
1 0.7260742188 0.9145507812 0.0322265625 0.0556640625
1 0.8588867188 0.9501953125 0.0283203125 0.0585937500
1 0.8237304688 0.8242187500 0.0517578125 0.0312500000
0 0.7568359375 0.4511718750 0.0546875000 0.0312500000
