3 0.2841796875 0.2333984375 0.5683593750 0.1347656250
3 0.9467773438 0.6601562500 0.1064453125 0.2070312500
2 0.7602539062 0.3666992188 0.0986328125 0.0947265625
2 0.7734375000 0.6831054688 0.0781250000 0.0556640625
3 0.3334960938 0.4921875000 0.0927734375 0.1699218750
3 0.1557617188 0.5429687500 0.0732421875 0.1347656250
3 0.1884765625 0.3881835938 0.1347656250 0.0751953125
3 0.5004882812 0.3867187500 0.1357421875 0.0781250000
1 0.8852539062 0.3710937500 0.0537109375 0.0937500000
1 0.8398437500 0.3681640625 0.0332031250 0.0585937500
1 0.7626953125 0.2324218750 0.0917968750 0.0507812500
1 0.7656250000 0.2875976562 0.0859375000 0.0517578125
1 0.7597656250 0.5024414062 0.0917968750 0.0478515625
1 0.7641601562 0.4497070312 0.0849609375 0.0537109375
2 0.6083984375 0.8657226562 0.0937500000 0.0927734375
0 0.9458007812 0.2900390625 0.0341796875 0.0605468750
0 0.8559570312 0.2778320312 0.0556640625 0.0302734375
0 0.8554687500 0.3066406250 0.0546875000 0.0312500000
0 0.8574218750 0.4580078125 0.0527343750 0.0253906250
0 0.8569335938 0.4843750000 0.0517578125 0.0253906250
0 0.6640625000 0.6953125000 0.0488281250 0.0253906250
0 0.6635742188 0.6708984375 0.0498046875 0.0253906250
0 0.7021484375 0.8349609375 0.0312500000 0.0507812500
0 0.5429687500 0.6855468750 0.0625000000 0.0371093750
0 0.5234375000 0.6357421875 0.0566406250 0.0292968750
0 0.5253906250 0.6049804688 0.0566406250 0.0322265625
0 0.5229492188 0.5498046875 0.0556640625 0.0312500000
0 0.4448242188 0.4868164062 0.0595703125 0.0341796875
0 0.4311523438 0.5664062500 0.0322265625 0.0566406250
0 0.4018554688 0.5942382812 0.0341796875 0.0537109375
0 0.4790039062 0.7719726562 0.0400390625 0.0361328125
0 0.6083984375 0.3662109375 0.0566406250 0.0312500000
0 0.0419921875 0.4370117188 0.0488281250 0.0302734375
0 0.0410156250 0.4624023438 0.0527343750 0.0224609375
0 0.0400390625 0.4863281250 0.0546875000 0.0253906250
0 0.0395507812 0.5122070312 0.0556640625 0.0244140625
0 0.0400390625 0.5366210938 0.0566406250 0.0263671875
0 0.0395507812 0.5610351562 0.0576171875 0.0244140625
0 0.0410156250 0.5864257812 0.0566406250 0.0263671875
0 0.0268554688 0.6557617188 0.0537109375 0.0302734375
0 0.0268554688 0.6860351562 0.0537109375 0.0322265625
0 0.0273437500 0.7182617188 0.0546875000 0.0283203125
0 0.0156250000 0.8154296875 0.0312500000 0.0390625000
0 0.1787109375 0.6479492188 0.0546875000 0.0322265625
3 0.9790039062 0.8525390625 0.0419921875 0.1406250000
1 0.1279296875 0.6943359375 0.0566406250 0.0566406250
1 0.2963867188 0.6445312500 0.0498046875 0.0507812500
1 0.5278320312 0.8203125000 0.0478515625 0.0429687500
1 0.6455078125 0.9672851562 0.0507812500 0.0517578125
1 0.4584960938 0.7495117188 0.0498046875 0.0458984375
