2 0.8940429688 0.1113281250 0.1689453125 0.1718750000
2 0.5004882812 0.5000000000 0.1669921875 0.1718750000
2 0.1240234375 0.0751953125 0.0468750000 0.0449218750
2 0.1381835938 0.2226562500 0.0693359375 0.0527343750
2 0.1367187500 0.4086914062 0.0468750000 0.0673828125
2 0.0249023438 0.4365234375 0.0498046875 0.0605468750
2 0.1835937500 0.5073242188 0.0859375000 0.0654296875
2 0.3017578125 0.0751953125 0.0468750000 0.0449218750
2 0.4355468750 0.1845703125 0.0488281250 0.0468750000
2 0.6567382812 0.7109375000 0.0478515625 0.0390625000
2 0.0195312500 0.5375976562 0.0390625000 0.0712890625
2 0.8159179688 0.7265625000 0.0478515625 0.0449218750
2 0.9204101562 0.4599609375 0.0498046875 0.0468750000
2 0.8037109375 0.5083007812 0.0449218750 0.0478515625
0 0.5473632812 0.3652343750 0.0302734375 0.0585937500
0 0.4716796875 0.3754882812 0.0273437500 0.0595703125
0 0.4150390625 0.3754882812 0.0273437500 0.0498046875
0 0.4296875000 0.3012695312 0.0546875000 0.0302734375
0 0.0795898438 0.7773437500 0.0537109375 0.0312500000
1 0.0800781250 0.1254882812 0.0312500000 0.0556640625
1 0.1640625000 0.1147460938 0.0507812500 0.0302734375
1 0.2622070312 0.1137695312 0.0576171875 0.0322265625
1 0.3847656250 0.1020507812 0.0546875000 0.0283203125
1 0.3237304688 0.2895507812 0.0341796875 0.0595703125
1 0.1821289062 0.2988281250 0.0263671875 0.0546875000
1 0.0815429688 0.3842773438 0.0517578125 0.0263671875
1 0.0991210938 0.4663085938 0.0322265625 0.0576171875
1 0.1826171875 0.4521484375 0.0605468750 0.0312500000
1 0.0771484375 0.5605468750 0.0488281250 0.0273437500
1 0.0117187500 0.7260742188 0.0234375000 0.0556640625
1 0.1401367188 0.7617187500 0.0283203125 0.0585937500
1 0.1049804688 0.6357421875 0.0517578125 0.0312500000
1 0.4350585938 0.6313476562 0.0263671875 0.0556640625
1 0.4863281250 0.6318359375 0.0253906250 0.0566406250
1 0.6108398438 0.6772460938 0.0478515625 0.0244140625
1 0.6137695312 0.6469726562 0.0478515625 0.0263671875
1 0.7128906250 0.3374023438 0.0292968750 0.0556640625
1 0.7026367188 0.4614257812 0.0283203125 0.0537109375
1 0.7563476562 0.4750976562 0.0517578125 0.0302734375
1 0.7563476562 0.0927734375 0.0556640625 0.0273437500
1 0.7558593750 0.0659179688 0.0566406250 0.0302734375
1 0.9545898438 0.2709960938 0.0224609375 0.0439453125
1 0.9301757812 0.2734375000 0.0224609375 0.0468750000
1 0.5190429688 0.3657226562 0.0263671875 0.0595703125
0 0.0380859375 0.2626953125 0.0546875000 0.0312500000
