0 0.0214843750 0.1152542373 0.0253906250 0.0149152542
0 0.1042480469 0.0342372881 0.0229492188 0.0183050847
0 0.0505371094 0.1854237288 0.0229492188 0.0142372881
1 0.1000976562 0.1983050847 0.0234375000 0.0142372881
0 0.0817871094 0.2555932203 0.0249023438 0.0149152542
0 0.1281738281 0.2647457627 0.0209960938 0.0155932203
0 0.1186523438 0.2477966102 0.0224609375 0.0155932203
1 0.1101074219 0.2915254237 0.0112304688 0.0108474576
0 0.1311035156 0.3481355932 0.0219726562 0.0169491525
0 0.1315917969 0.3708474576 0.0258789062 0.0122033898
1 0.1633300781 0.3647457627 0.0102539062 0.0311864407
1 0.1760253906 0.3647457627 0.0102539062 0.0311864407
1 0.1887207031 0.3647457627 0.0102539062 0.0311864407
1 0.2009277344 0.3654237288 0.0102539062 0.0311864407
1 0.2136230469 0.3640677966 0.0102539062 0.0311864407
1 0.2390136719 0.3640677966 0.0102539062 0.0311864407
1 0.2512207031 0.3640677966 0.0102539062 0.0311864407
1 0.2634277344 0.3640677966 0.0102539062 0.0311864407
1 0.2761230469 0.3633898305 0.0102539062 0.0311864407
1 0.3010253906 0.3633898305 0.0102539062 0.0311864407
1 0.3259277344 0.3633898305 0.0102539062 0.0311864407
1 0.3381347656 0.3627118644 0.0102539062 0.0311864407
1 0.3508300781 0.3633898305 0.0102539062 0.0311864407
1 0.3762207031 0.3633898305 0.0102539062 0.0311864407
1 0.3930664062 0.3413559322 0.0214843750 0.0698305085
3 0.3662109375 0.1189830508 0.5683593750 0.1172881356
1 0.5021972656 0.3752542373 0.0122070312 0.0115254237
1 0.5202636719 0.3884745763 0.0063476562 0.0162711864
1 0.5522460938 0.3372881356 0.0078125000 0.0169491525
1 0.5610351562 0.3745762712 0.0107421875 0.0128813559
1 0.5612792969 0.3911864407 0.0122070312 0.0108474576
1 0.5410156250 0.3932203390 0.0117187500 0.0094915254
1 0.5266113281 0.4098305085 0.0112304688 0.0101694915
1 0.5070800781 0.4233898305 0.0122070312 0.0101694915
1 0.5856933594 0.4105084746 0.0131835938 0.0115254237
1 0.6398925781 0.3732203390 0.0122070312 0.0115254237
1 0.6201171875 0.3735593220 0.0117187500 0.0108474576
1 0.6791992188 0.3335593220 0.0078125000 0.0162711864
0 0.5900878906 0.3433898305 0.0102539062 0.0305084746
0 0.6022949219 0.3433898305 0.0102539062 0.0305084746
0 0.6152343750 0.3430508475 0.0107421875 0.0311864407
0 0.6274414062 0.3427118644 0.0107421875 0.0332203390
0 0.6394042969 0.3416949153 0.0102539062 0.0325423729
0 0.6520996094 0.3423728814 0.0102539062 0.0311864407
0 0.6652832031 0.3423728814 0.0122070312 0.0325423729
1 0.7490234375 0.1677966102 0.0117187500 0.0115254237
1 0.8315429688 0.0508474576 0.0703125000 0.0488135593
0 0.8737792969 0.0969491525 0.0112304688 0.0325423729
1 0.8740234375 0.2094915254 0.0224609375 0.0149152542
1 0.8696289062 0.2244067797 0.0117187500 0.0094915254
0 0.8789062500 0.3722033898 0.0117187500 0.0311864407
1 0.0036621094 0.5169491525 0.0073242188 0.0169491525
1 0.0107421875 0.5166101695 0.0078125000 0.0176271186
1 0.0400390625 0.5172881356 0.0078125000 0.0162711864
1 0.0476074219 0.5166101695 0.0073242188 0.0162711864
1 0.0976562500 0.5128813559 0.0078125000 0.0183050847
1 0.0627441406 0.6047457627 0.0219726562 0.0162711864
1 0.0676269531 0.5786440678 0.0122070312 0.0128813559
0 0.0625000000 0.5355932203 0.0234375000 0.0162711864
1 0.0048828125 0.6508474576 0.0078125000 0.0162711864
1 0.0229492188 0.6508474576 0.0068359375 0.0162711864
1 0.0522460938 0.6396610169 0.0126953125 0.0128813559
1 0.0090332031 0.7088135593 0.0083007812 0.0169491525
1 0.0224609375 0.7094915254 0.0068359375 0.0183050847
1 0.0322265625 0.7142372881 0.0078125000 0.0169491525
1 0.0637207031 0.6918644068 0.0122070312 0.0115254237
1 0.1831054688 0.4050847458 0.0234375000 0.0142372881
1 0.1835937500 0.4230508475 0.0224609375 0.0149152542
1 0.1826171875 0.4400000000 0.0224609375 0.0149152542
1 0.1835937500 0.4583050847 0.0224609375 0.0149152542
1 0.1831054688 0.4752542373 0.0224609375 0.0149152542
1 0.1831054688 0.4928813559 0.0224609375 0.0149152542
1 0.1835937500 0.5098305085 0.0224609375 0.0149152542
1 0.1247558594 0.5196610169 0.0209960938 0.0684745763
1 0.1840820312 0.5620338983 0.0224609375 0.0149152542
1 0.1840820312 0.5796610169 0.0224609375 0.0149152542
1 0.1835937500 0.5972881356 0.0224609375 0.0149152542
1 0.1840820312 0.6142372881 0.0224609375 0.0149152542
1 0.1840820312 0.6318644068 0.0224609375 0.0149152542
1 0.1840820312 0.6488135593 0.0224609375 0.0149152542
1 0.1845703125 0.6664406780 0.0224609375 0.0149152542
0 0.0876464844 0.4074576271 0.0229492188 0.0162711864
1 0.2675781250 0.5355932203 0.0224609375 0.0149152542
1 0.2775878906 0.5671186441 0.0112304688 0.0305084746
1 0.2768554688 0.5996610169 0.0107421875 0.0318644068
1 0.2827148438 0.4769491525 0.0224609375 0.0155932203
1 0.3320312500 0.4661016949 0.0234375000 0.0142372881
1 0.3454589844 0.4938983051 0.0122070312 0.0115254237
1 0.3403320312 0.5345762712 0.0234375000 0.0169491525
1 0.3640136719 0.5349152542 0.0229492188 0.0162711864
1 0.3925781250 0.5342372881 0.0224609375 0.0149152542
1 0.3461914062 0.5803389831 0.0107421875 0.0325423729
1 0.3459472656 0.6040677966 0.0102539062 0.0108474576
1 0.3562011719 0.6250847458 0.0102539062 0.0325423729
1 0.3054199219 0.5627118644 0.0112304688 0.0325423729
1 0.3059082031 0.5942372881 0.0112304688 0.0318644068
0 0.3056640625 0.4077966102 0.0097656250 0.0318644068
0 0.3061523438 0.4406779661 0.0107421875 0.0298305085
0 0.4245605469 0.4172881356 0.0229492188 0.0155932203
1 0.4250488281 0.4461016949 0.0229492188 0.0149152542
1 0.4245605469 0.4820338983 0.0229492188 0.0149152542
1 0.4250488281 0.5159322034 0.0229492188 0.0149152542
1 0.4250488281 0.5335593220 0.0229492188 0.0149152542
1 0.4255371094 0.5511864407 0.0229492188 0.0149152542
1 0.4260253906 0.5945762712 0.0229492188 0.0149152542
1 0.4252929688 0.6118644068 0.0224609375 0.0155932203
1 0.4252929688 0.6301694915 0.0224609375 0.0155932203
0 0.4245605469 0.4640677966 0.0229492188 0.0142372881
0 0.4245605469 0.4989830508 0.0229492188 0.0135593220
1 0.4912109375 0.5088135593 0.0078125000 0.0169491525
1 0.5166015625 0.5000000000 0.0087890625 0.0169491525
1 0.5363769531 0.4996610169 0.0083007812 0.0176271186
1 0.5683593750 0.5027118644 0.0087890625 0.0169491525
1 0.5856933594 0.4850847458 0.0131835938 0.0101694915
1 0.6115722656 0.5203389831 0.0131835938 0.0101694915
1 0.6311035156 0.5206779661 0.0131835938 0.0122033898
1 0.6413574219 0.5572881356 0.0122070312 0.0122033898
1 0.6213378906 0.5579661017 0.0141601562 0.0122033898
1 0.5856933594 0.5755932203 0.0122070312 0.0108474576
1 0.5720214844 0.5840677966 0.0131835938 0.0101694915
1 0.5422363281 0.5766101695 0.0131835938 0.0115254237
1 0.5283203125 0.5945762712 0.0126953125 0.0122033898
1 0.5214843750 0.5728813559 0.0068359375 0.0189830508
1 0.5034179688 0.5593220339 0.0126953125 0.0108474576
1 0.5083007812 0.6071186441 0.0126953125 0.0128813559
0 0.5812988281 0.4505084746 0.0239257812 0.0169491525
0 0.5971679688 0.5169491525 0.0117187500 0.0318644068
0 0.6625976562 0.6603389831 0.0117187500 0.0325423729
0 0.8037109375 0.5538983051 0.0107421875 0.0325423729
0 0.8334960938 0.4725423729 0.0234375000 0.0149152542
1 0.8691406250 0.4983050847 0.0136718750 0.0108474576
1 0.8728027344 0.5179661017 0.0239257812 0.0149152542
0 0.0610351562 0.8586440678 0.0224609375 0.0142372881
0 0.0620117188 0.8783050847 0.0244140625 0.0155932203
2 0.0629882812 0.9037288136 0.0185546875 0.0284745763
0 0.0256347656 0.9006779661 0.0131835938 0.0318644068
0 0.0620117188 0.9301694915 0.0224609375 0.0189830508
2 0.1044921875 0.7362711864 0.0332031250 0.0501694915
3 0.3715820312 0.8779661017 0.5654296875 0.1220338983
3 0.6733398438 0.8691525424 0.0244140625 0.1220338983
1 0.2216796875 0.7091525424 0.0117187500 0.0311864407
1 0.2338867188 0.7091525424 0.0117187500 0.0311864407
1 0.2460937500 0.7091525424 0.0117187500 0.0311864407
1 0.2592773438 0.7098305085 0.0117187500 0.0311864407
1 0.2714843750 0.7098305085 0.0117187500 0.0311864407
1 0.2836914062 0.7091525424 0.0117187500 0.0311864407
1 0.2963867188 0.7091525424 0.0117187500 0.0311864407
1 0.3090820312 0.7084745763 0.0117187500 0.0311864407
1 0.3212890625 0.7091525424 0.0117187500 0.0311864407
1 0.3339843750 0.7077966102 0.0117187500 0.0311864407
1 0.3461914062 0.7084745763 0.0117187500 0.0311864407
1 0.3593750000 0.7084745763 0.0117187500 0.0311864407
1 0.3710937500 0.7077966102 0.0117187500 0.0311864407
1 0.4926757812 0.6935593220 0.0078125000 0.0189830508
1 0.5139160156 0.7057627119 0.0122070312 0.0122033898
1 0.5405273438 0.6840677966 0.0078125000 0.0176271186
1 0.5700683594 0.6844067797 0.0083007812 0.0183050847
1 0.5871582031 0.6701694915 0.0122070312 0.0115254237
1 0.6098632812 0.6881355932 0.0117187500 0.0122033898
1 0.6220703125 0.7057627119 0.0117187500 0.0108474576
1 0.6416015625 0.7047457627 0.0126953125 0.0115254237
1 0.8000488281 0.7067796610 0.0073242188 0.0183050847
1 0.8154296875 0.6928813559 0.0234375000 0.0149152542
0 0.8046875000 0.7600000000 0.0107421875 0.0298305085
1 0.8103027344 0.8827118644 0.0122070312 0.0108474576
1 0.8159179688 0.8996610169 0.0253906250 0.0162711864
1 0.8566894531 0.9372881356 0.0717773438 0.0508474576
1 0.3022460938 0.5352542373 0.0224609375 0.0169491525
1 0.3510742188 0.3267796610 0.0078125000 0.0176271186
