0 0.0639648438 0.3139648438 0.0478515625 0.0205078125
1 0.2065429688 0.1420898438 0.0654296875 0.0302734375
1 0.2758789062 0.1884765625 0.0673828125 0.0292968750
0 0.5532226562 0.0610351562 0.0439453125 0.0244140625
0 0.5541992188 0.0937500000 0.0517578125 0.0175781250
1 0.6176757812 0.0849609375 0.0205078125 0.0449218750
1 0.6430664062 0.0849609375 0.0205078125 0.0449218750
1 0.6684570312 0.0849609375 0.0205078125 0.0449218750
1 0.6928710938 0.0859375000 0.0205078125 0.0449218750
1 0.7182617188 0.0839843750 0.0205078125 0.0449218750
1 0.7690429688 0.0839843750 0.0205078125 0.0449218750
1 0.7934570312 0.0839843750 0.0205078125 0.0449218750
1 0.8178710938 0.0839843750 0.0205078125 0.0449218750
1 0.8432617188 0.0830078125 0.0205078125 0.0449218750
1 0.8930664062 0.0830078125 0.0205078125 0.0449218750
1 0.9428710938 0.0830078125 0.0205078125 0.0449218750
1 0.9672851562 0.0820312500 0.0205078125 0.0449218750
1 0.9912109375 0.0830078125 0.0175781250 0.0449218750
0 0.2490234375 0.3139648438 0.0234375000 0.0458984375
1 0.2978515625 0.3041992188 0.0156250000 0.0244140625
1 0.3125000000 0.3037109375 0.0156250000 0.0253906250
1 0.3710937500 0.3046875000 0.0156250000 0.0234375000
1 0.3862304688 0.3037109375 0.0146484375 0.0234375000
1 0.4863281250 0.2983398438 0.0156250000 0.0263671875
1 0.2348632812 0.3642578125 0.0224609375 0.0136718750
1 0.2348632812 0.4208984375 0.0224609375 0.0156250000
1 0.2353515625 0.4423828125 0.0449218750 0.0234375000
1 0.4165039062 0.4306640625 0.0439453125 0.0234375000
1 0.4262695312 0.3930664062 0.0244140625 0.0185546875
0 0.4160156250 0.3310546875 0.0468750000 0.0234375000
0 0.2280273438 0.3945312500 0.0458984375 0.0214843750
1 0.3007812500 0.4970703125 0.0156250000 0.0234375000
1 0.3369140625 0.4970703125 0.0136718750 0.0234375000
1 0.3955078125 0.4809570312 0.0253906250 0.0185546875
1 0.3090820312 0.5805664062 0.0166015625 0.0244140625
1 0.3359375000 0.5815429688 0.0136718750 0.0263671875
1 0.3554687500 0.5883789062 0.0156250000 0.0244140625
1 0.4184570312 0.5561523438 0.0244140625 0.0166015625
1 0.6572265625 0.1430664062 0.0468750000 0.0205078125
1 0.6582031250 0.1689453125 0.0449218750 0.0214843750
1 0.6562500000 0.1933593750 0.0449218750 0.0214843750
1 0.6582031250 0.2197265625 0.0449218750 0.0214843750
1 0.6572265625 0.2441406250 0.0449218750 0.0214843750
1 0.6572265625 0.2695312500 0.0449218750 0.0214843750
1 0.6582031250 0.2939453125 0.0449218750 0.0214843750
1 0.5405273438 0.3081054688 0.0419921875 0.0986328125
1 0.6591796875 0.3691406250 0.0449218750 0.0214843750
1 0.6591796875 0.3945312500 0.0449218750 0.0214843750
1 0.6582031250 0.4199218750 0.0449218750 0.0214843750
1 0.6591796875 0.4443359375 0.0449218750 0.0214843750
1 0.6591796875 0.4697265625 0.0449218750 0.0214843750
1 0.6591796875 0.4941406250 0.0449218750 0.0214843750
1 0.6601562500 0.5195312500 0.0449218750 0.0214843750
0 0.4663085938 0.1464843750 0.0458984375 0.0234375000
1 0.8261718750 0.3310546875 0.0449218750 0.0214843750
1 0.8461914062 0.3764648438 0.0224609375 0.0439453125
1 0.8447265625 0.4233398438 0.0214843750 0.0458984375
1 0.8564453125 0.2465820312 0.0449218750 0.0224609375
1 0.9550781250 0.2309570312 0.0468750000 0.0205078125
1 0.9819335938 0.2709960938 0.0244140625 0.0166015625
1 0.9716796875 0.3295898438 0.0468750000 0.0244140625
1 0.9833984375 0.3955078125 0.0214843750 0.0468750000
1 0.9829101562 0.4296875000 0.0205078125 0.0156250000
1 0.9018554688 0.3701171875 0.0224609375 0.0468750000
1 0.9028320312 0.4155273438 0.0224609375 0.0458984375
0 0.9023437500 0.1469726562 0.0195312500 0.0458984375
0 0.9033203125 0.1943359375 0.0214843750 0.0429687500
0 0.0625000000 0.8583984375 0.0214843750 0.0488281250
0 0.2021484375 0.8564453125 0.0234375000 0.0449218750
0 0.2065429688 0.6010742188 0.0439453125 0.0224609375
0 0.2075195312 0.6254882812 0.0439453125 0.0224609375
0 0.4130859375 0.7963867188 0.0449218750 0.0205078125
0 0.4150390625 0.8247070312 0.0488281250 0.0224609375
2 0.4169921875 0.8613281250 0.0371093750 0.0410156250
0 0.3422851562 0.8569335938 0.0263671875 0.0458984375
0 0.4150390625 0.8994140625 0.0449218750 0.0273437500
2 0.5000000000 0.6201171875 0.0664062500 0.0722656250
1 0.7343750000 0.5810546875 0.0234375000 0.0449218750
1 0.7587890625 0.5810546875 0.0234375000 0.0449218750
1 0.7832031250 0.5810546875 0.0234375000 0.0449218750
1 0.8095703125 0.5820312500 0.0234375000 0.0449218750
1 0.8339843750 0.5820312500 0.0234375000 0.0449218750
1 0.8583984375 0.5810546875 0.0234375000 0.0449218750
1 0.8837890625 0.5810546875 0.0234375000 0.0449218750
1 0.9091796875 0.5800781250 0.0234375000 0.0449218750
1 0.9335937500 0.5810546875 0.0234375000 0.0449218750
1 0.9589843750 0.5791015625 0.0234375000 0.0449218750
1 0.9833984375 0.5800781250 0.0234375000 0.0449218750
1 0.8955078125 0.3305664062 0.0449218750 0.0244140625
1 0.9926757812 0.0302734375 0.0146484375 0.0253906250
