1 0.0654296875 0.4980468750 0.0214843750 0.0429687500
0 0.0488281250 0.0454101562 0.0429687500 0.0205078125
2 0.1689453125 0.4140625000 0.1503906250 0.1972656250
3 0.5000000000 0.1147460938 0.4238281250 0.1728515625
3 0.6215820312 0.4160156250 0.7568359375 0.4726562500
1 0.0732421875 0.6201171875 0.0683593750 0.1347656250
1 0.0532226562 0.7045898438 0.0419921875 0.0224609375
1 0.0532226562 0.7744140625 0.0419921875 0.0214843750
1 0.0722656250 0.8559570312 0.0683593750 0.1357421875
0 0.1840820312 0.5747070312 0.0419921875 0.0205078125
0 0.1840820312 0.5981445312 0.0419921875 0.0205078125
0 0.1840820312 0.6225585938 0.0419921875 0.0205078125
2 0.2216796875 0.7060546875 0.0625000000 0.0742187500
0 0.2392578125 0.7709960938 0.0214843750 0.0439453125
1 0.4169921875 0.6528320312 0.0644531250 0.0283203125
2 0.3701171875 0.7998046875 0.2070312500 0.2070312500
2 0.2846679688 0.9521484375 0.0654296875 0.0644531250
0 0.3500976562 0.9399414062 0.0439453125 0.0205078125
1 0.6469726562 0.6967773438 0.0927734375 0.0419921875
1 0.7797851562 0.6967773438 0.1337890625 0.0673828125
0 0.6845703125 0.7622070312 0.0410156250 0.0224609375
2 0.6728515625 0.8457031250 0.1152343750 0.1171875000
1 0.7553710938 0.8271484375 0.0205078125 0.0156250000
1 0.7729492188 0.8696289062 0.0107421875 0.0205078125
3 0.8525390625 0.9238281250 0.1679687500 0.1523437500
1 0.5917968750 0.8632812500 0.0214843750 0.0156250000
1 0.5932617188 0.8803710938 0.0205078125 0.0126953125
0 0.5747070312 0.9003906250 0.0419921875 0.0214843750
1 0.5483398438 0.9306640625 0.0439453125 0.0214843750
1 0.5786132812 0.9296875000 0.0126953125 0.0214843750
1 0.5961914062 0.9296875000 0.0146484375 0.0234375000
1 0.6396484375 0.9306640625 0.0625000000 0.0292968750
0 0.5327148438 0.9809570312 0.0205078125 0.0380859375
