0 0.0156250000 0.0107421875 0.0214843750 0.0214843750
1 0.0410156250 0.0112304688 0.0195312500 0.0224609375
1 0.0654296875 0.0844726562 0.0136718750 0.0224609375
0 0.1767578125 0.0122070312 0.0468750000 0.0224609375
1 0.3730468750 0.0688476562 0.0683593750 0.1357421875
0 0.4550781250 0.1240234375 0.0429687500 0.0234375000
2 0.4550781250 0.0712890625 0.0625000000 0.0644531250
1 0.5268554688 0.0712890625 0.0673828125 0.1347656250
1 0.5996093750 0.0717773438 0.0664062500 0.1357421875
1 0.6728515625 0.0722656250 0.0683593750 0.1347656250
1 0.7929687500 0.1162109375 0.0214843750 0.0429687500
2 0.8964843750 0.0654296875 0.1503906250 0.1308593750
0 0.0175781250 0.0947265625 0.0195312500 0.0449218750
0 0.0419921875 0.0937500000 0.0195312500 0.0449218750
2 0.1000976562 0.2397460938 0.2001953125 0.2236328125
2 0.0996093750 0.4965820312 0.1992187500 0.2236328125
1 0.2832031250 0.2353515625 0.0664062500 0.1367187500
1 0.2832031250 0.4760742188 0.0664062500 0.1357421875
2 0.5439453125 0.3559570312 0.4160156250 0.4130859375
1 0.8007812500 0.2382812500 0.0683593750 0.1347656250
1 0.7807617188 0.3227539062 0.0419921875 0.0224609375
1 0.7807617188 0.3925781250 0.0419921875 0.0214843750
1 0.7998046875 0.4741210938 0.0683593750 0.1357421875
0 0.9116210938 0.1928710938 0.0419921875 0.0205078125
0 0.9116210938 0.2163085938 0.0419921875 0.0205078125
0 0.9116210938 0.2407226562 0.0419921875 0.0205078125
2 0.9492187500 0.3242187500 0.0625000000 0.0742187500
0 0.9667968750 0.3891601562 0.0214843750 0.0439453125
2 0.9438476562 0.6953125000 0.0361328125 0.0351562500
1 0.9370117188 0.6406250000 0.0224609375 0.0156250000
1 0.1469726562 0.7250976562 0.0146484375 0.0205078125
1 0.1665039062 0.7182617188 0.0224609375 0.0439453125
1 0.1567382812 0.8364257812 0.0673828125 0.1357421875
1 0.4492187500 0.6181640625 0.0292968750 0.0664062500
0 0.5659179688 0.8378906250 0.0439453125 0.0234375000
1 0.6411132812 0.6435546875 0.0673828125 0.1367187500
1 0.7133789062 0.6435546875 0.0693359375 0.1367187500
1 0.5473632812 0.6079101562 0.0146484375 0.0224609375
1 0.5273437500 0.6123046875 0.0195312500 0.0449218750
0 0.7792968750 0.9448242188 0.0429687500 0.0224609375
