0 0.0639648438 0.1865234375 0.0224609375 0.0449218750
0 0.0634765625 0.2382812500 0.0214843750 0.0449218750
0 0.0942382812 0.1411132812 0.0224609375 0.0458984375
2 0.1445312500 0.2353515625 0.1015625000 0.1054687500
1 0.0830078125 0.2968750000 0.0449218750 0.0214843750
1 0.2397460938 0.2133789062 0.0400390625 0.0966796875
1 0.1904296875 0.3251953125 0.1015625000 0.0507812500
1 0.3950195312 0.0170898438 0.1357421875 0.0341796875
1 0.3950195312 0.0761718750 0.1357421875 0.0664062500
0 0.5087890625 0.0112304688 0.0214843750 0.0224609375
0 0.5332031250 0.0112304688 0.0214843750 0.0224609375
0 0.5566406250 0.0107421875 0.0214843750 0.0214843750
0 0.5800781250 0.0112304688 0.0214843750 0.0224609375
0 0.6054687500 0.0112304688 0.0214843750 0.0224609375
0 0.6298828125 0.0112304688 0.0214843750 0.0224609375
0 0.6533203125 0.0107421875 0.0214843750 0.0214843750
0 0.6777343750 0.0107421875 0.0214843750 0.0214843750
1 0.7031250000 0.0112304688 0.0195312500 0.0224609375
1 0.7275390625 0.0844726562 0.0136718750 0.0224609375
0 0.8388671875 0.0122070312 0.0468750000 0.0224609375
0 0.1909179688 0.4389648438 0.0205078125 0.0439453125
0 0.1923828125 0.4897460938 0.0214843750 0.0439453125
0 0.2436523438 0.3935546875 0.0224609375 0.0449218750
2 0.2680664062 0.4873046875 0.1044921875 0.1074218750
1 0.3603515625 0.4648437500 0.0390625000 0.0957031250
1 0.4765625000 0.5551757812 0.0429687500 0.0966796875
1 0.4770507812 0.4409179688 0.0439453125 0.0986328125
1 0.4750976562 0.1821289062 0.0400390625 0.0966796875
1 0.4760742188 0.2983398438 0.0419921875 0.0966796875
0 0.5087890625 0.0947265625 0.0195312500 0.0449218750
0 0.5332031250 0.0957031250 0.0195312500 0.0449218750
0 0.5576171875 0.0947265625 0.0195312500 0.0449218750
0 0.5820312500 0.0957031250 0.0195312500 0.0449218750
0 0.6064453125 0.0957031250 0.0195312500 0.0449218750
0 0.6308593750 0.0947265625 0.0195312500 0.0449218750
0 0.6542968750 0.0947265625 0.0195312500 0.0449218750
0 0.6796875000 0.0947265625 0.0195312500 0.0449218750
0 0.7041015625 0.0937500000 0.0195312500 0.0449218750
2 0.6909179688 0.2397460938 0.3427734375 0.2236328125
2 0.6899414062 0.4965820312 0.3427734375 0.2236328125
1 0.9453125000 0.2353515625 0.0664062500 0.1367187500
1 0.9453125000 0.4760742188 0.0664062500 0.1357421875
1 0.2128906250 0.5629882812 0.0429687500 0.0224609375
1 0.3623046875 0.7529296875 0.0410156250 0.0937500000
0 0.2446289062 0.6796875000 0.0205078125 0.0449218750
0 0.1958007812 0.7260742188 0.0205078125 0.0439453125
0 0.1958007812 0.7778320312 0.0205078125 0.0458984375
2 0.2690429688 0.7744140625 0.1044921875 0.1054687500
1 0.2021484375 0.8344726562 0.0449218750 0.0224609375
1 0.3105468750 0.8647460938 0.1015625000 0.0498046875
1 0.1445312500 0.9291992188 0.1367187500 0.0712890625
1 0.3095703125 0.5761718750 0.1015625000 0.0488281250
3 0.5004882812 0.8261718750 0.0498046875 0.1679687500
1 0.8090820312 0.7250976562 0.0146484375 0.0205078125
1 0.8286132812 0.7182617188 0.0224609375 0.0439453125
1 0.8188476562 0.8364257812 0.0673828125 0.1357421875
