1 0.0656250000 0.0761718750 0.0375000000 0.0164062500
0 0.0363281250 0.1421875000 0.0398437500 0.0171875000
0 0.1105468750 0.1527343750 0.0335937500 0.0179687500
0 0.0953125000 0.1332031250 0.0359375000 0.0179687500
1 0.0816406250 0.1835937500 0.0179687500 0.0125000000
0 0.1152343750 0.2488281250 0.0351562500 0.0195312500
0 0.1160156250 0.2750000000 0.0414062500 0.0140625000
1 0.1667968750 0.2679687500 0.0164062500 0.0359375000
1 0.1871093750 0.2679687500 0.0164062500 0.0359375000
1 0.2074218750 0.2679687500 0.0164062500 0.0359375000
1 0.2269531250 0.2687500000 0.0164062500 0.0359375000
1 0.2472656250 0.2671875000 0.0164062500 0.0359375000
1 0.2878906250 0.2671875000 0.0164062500 0.0359375000
1 0.3074218750 0.2671875000 0.0164062500 0.0359375000
1 0.3269531250 0.2671875000 0.0164062500 0.0359375000
1 0.3472656250 0.2664062500 0.0164062500 0.0359375000
1 0.3871093750 0.2664062500 0.0164062500 0.0359375000
1 0.4269531250 0.2664062500 0.0164062500 0.0359375000
1 0.4464843750 0.2656250000 0.0164062500 0.0359375000
1 0.4667968750 0.2664062500 0.0164062500 0.0359375000
1 0.5074218750 0.2664062500 0.0164062500 0.0359375000
1 0.5343750000 0.2410156250 0.0343750000 0.0804687500
1 0.7089843750 0.2800781250 0.0195312500 0.0132812500
1 0.7378906250 0.2953125000 0.0101562500 0.0187500000
1 0.7890625000 0.2363281250 0.0125000000 0.0195312500
1 0.8031250000 0.2792968750 0.0171875000 0.0148437500
1 0.8035156250 0.2984375000 0.0195312500 0.0125000000
1 0.7710937500 0.3007812500 0.0187500000 0.0109375000
1 0.7480468750 0.3199218750 0.0179687500 0.0117187500
1 0.7167968750 0.3355468750 0.0195312500 0.0117187500
1 0.8425781250 0.3207031250 0.0210937500 0.0132812500
1 0.9292968750 0.2777343750 0.0195312500 0.0132812500
1 0.8976562500 0.2781250000 0.0187500000 0.0125000000
1 0.9921875000 0.2320312500 0.0125000000 0.0187500000
0 0.8496093750 0.2433593750 0.0164062500 0.0351562500
0 0.8691406250 0.2433593750 0.0164062500 0.0351562500
0 0.8898437500 0.2429687500 0.0171875000 0.0359375000
0 0.9093750000 0.2425781250 0.0171875000 0.0382812500
0 0.9285156250 0.2414062500 0.0164062500 0.0375000000
0 0.9488281250 0.2421875000 0.0164062500 0.0359375000
0 0.9699218750 0.2421875000 0.0195312500 0.0375000000
1 0.0617187500 0.4386718750 0.0125000000 0.0210937500
1 0.0117187500 0.5445312500 0.0234375000 0.0187500000
1 0.0136718750 0.5144531250 0.0195312500 0.0148437500
0 0.0121093750 0.4648437500 0.0242187500 0.0187500000
1 0.0085937500 0.6449218750 0.0171875000 0.0132812500
1 0.1984375000 0.3144531250 0.0375000000 0.0164062500
1 0.1992187500 0.3351562500 0.0359375000 0.0171875000
1 0.1976562500 0.3546875000 0.0359375000 0.0171875000
1 0.1992187500 0.3757812500 0.0359375000 0.0171875000
1 0.1984375000 0.3953125000 0.0359375000 0.0171875000
1 0.1984375000 0.4156250000 0.0359375000 0.0171875000
1 0.1992187500 0.4351562500 0.0359375000 0.0171875000
1 0.1050781250 0.4464843750 0.0335937500 0.0789062500
1 0.2000000000 0.4953125000 0.0359375000 0.0171875000
1 0.2000000000 0.5156250000 0.0359375000 0.0171875000
1 0.1992187500 0.5359375000 0.0359375000 0.0171875000
1 0.2000000000 0.5554687500 0.0359375000 0.0171875000
1 0.2000000000 0.5757812500 0.0359375000 0.0171875000
1 0.2000000000 0.5953125000 0.0359375000 0.0171875000
1 0.2007812500 0.6156250000 0.0359375000 0.0171875000
0 0.0457031250 0.3171875000 0.0367187500 0.0187500000
1 0.3335937500 0.4648437500 0.0359375000 0.0171875000
1 0.3496093750 0.5011718750 0.0179687500 0.0351562500
1 0.3484375000 0.5386718750 0.0171875000 0.0367187500
1 0.3578125000 0.3972656250 0.0359375000 0.0179687500
1 0.4367187500 0.3847656250 0.0375000000 0.0164062500
1 0.4582031250 0.4167968750 0.0195312500 0.0132812500
1 0.4500000000 0.4636718750 0.0375000000 0.0195312500
1 0.4878906250 0.4640625000 0.0367187500 0.0187500000
1 0.5335937500 0.4632812500 0.0359375000 0.0171875000
1 0.4593750000 0.5164062500 0.0171875000 0.0375000000
1 0.4589843750 0.5437500000 0.0164062500 0.0125000000
1 0.4753906250 0.5679687500 0.0164062500 0.0375000000
1 0.3941406250 0.4960937500 0.0179687500 0.0375000000
1 0.3949218750 0.5324218750 0.0179687500 0.0367187500
0 0.3945312500 0.3175781250 0.0156250000 0.0367187500
0 0.3953125000 0.3554687500 0.0171875000 0.0343750000
0 0.5847656250 0.3285156250 0.0367187500 0.0179687500
1 0.5855468750 0.3617187500 0.0367187500 0.0171875000
1 0.5847656250 0.4031250000 0.0367187500 0.0171875000
1 0.5855468750 0.4421875000 0.0367187500 0.0171875000
1 0.5855468750 0.4625000000 0.0367187500 0.0171875000
1 0.5863281250 0.4828125000 0.0367187500 0.0171875000
1 0.5871093750 0.5328125000 0.0367187500 0.0171875000
1 0.5859375000 0.5527343750 0.0359375000 0.0179687500
1 0.5859375000 0.5738281250 0.0359375000 0.0179687500
0 0.5847656250 0.3824218750 0.0367187500 0.0164062500
0 0.5847656250 0.4226562500 0.0367187500 0.0156250000
1 0.6914062500 0.4339843750 0.0125000000 0.0195312500
1 0.7320312500 0.4238281250 0.0140625000 0.0195312500
1 0.7636718750 0.4234375000 0.0132812500 0.0203125000
1 0.8148437500 0.4269531250 0.0140625000 0.0195312500
1 0.8425781250 0.4066406250 0.0210937500 0.0117187500
1 0.8839843750 0.4472656250 0.0210937500 0.0117187500
1 0.9152343750 0.4476562500 0.0210937500 0.0140625000
1 0.9316406250 0.4898437500 0.0195312500 0.0140625000
1 0.8996093750 0.4906250000 0.0226562500 0.0140625000
1 0.8425781250 0.5109375000 0.0195312500 0.0125000000
1 0.8207031250 0.5207031250 0.0210937500 0.0117187500
1 0.7730468750 0.5121093750 0.0210937500 0.0132812500
1 0.7507812500 0.5328125000 0.0203125000 0.0140625000
1 0.7398437500 0.5078125000 0.0109375000 0.0218750000
1 0.7109375000 0.4921875000 0.0203125000 0.0125000000
1 0.7187500000 0.5472656250 0.0203125000 0.0148437500
0 0.8355468750 0.3667968750 0.0382812500 0.0195312500
0 0.8609375000 0.4433593750 0.0187500000 0.0367187500
0 0.9656250000 0.6085937500 0.0187500000 0.0375000000
0 0.0105468750 0.8371093750 0.0210937500 0.0164062500
0 0.0121093750 0.8597656250 0.0242187500 0.0179687500
2 0.0105468750 0.8890625000 0.0210937500 0.0328125000
0 0.0113281250 0.9195312500 0.0226562500 0.0218750000
2 0.0726562500 0.6960937500 0.0531250000 0.0578125000
3 0.5000000000 0.8593750000 0.9046875000 0.1406250000
3 0.9816406250 0.8492187500 0.0367187500 0.1406250000
1 0.2601562500 0.6648437500 0.0187500000 0.0359375000
1 0.2796875000 0.6648437500 0.0187500000 0.0359375000
1 0.2992187500 0.6648437500 0.0187500000 0.0359375000
1 0.3203125000 0.6656250000 0.0187500000 0.0359375000
1 0.3398437500 0.6656250000 0.0187500000 0.0359375000
1 0.3593750000 0.6648437500 0.0187500000 0.0359375000
1 0.3796875000 0.6648437500 0.0187500000 0.0359375000
1 0.4000000000 0.6640625000 0.0187500000 0.0359375000
1 0.4195312500 0.6648437500 0.0187500000 0.0359375000
1 0.4398437500 0.6632812500 0.0187500000 0.0359375000
1 0.4593750000 0.6640625000 0.0187500000 0.0359375000
1 0.4804687500 0.6640625000 0.0187500000 0.0359375000
1 0.4992187500 0.6632812500 0.0187500000 0.0359375000
1 0.6937500000 0.6468750000 0.0125000000 0.0218750000
1 0.7277343750 0.6609375000 0.0195312500 0.0140625000
1 0.7703125000 0.6359375000 0.0125000000 0.0203125000
1 0.8175781250 0.6363281250 0.0132812500 0.0210937500
1 0.8449218750 0.6199218750 0.0195312500 0.0132812500
1 0.8812500000 0.6406250000 0.0187500000 0.0140625000
1 0.9007812500 0.6609375000 0.0187500000 0.0125000000
1 0.9320312500 0.6597656250 0.0203125000 0.0132812500
1 0.3890625000 0.4644531250 0.0359375000 0.0195312500
1 0.4671875000 0.2242187500 0.0125000000 0.0203125000
