1 0.0083007812 0.5405273438 0.0166015625 0.0166015625
1 0.0405273438 0.5595703125 0.0126953125 0.0234375000
1 0.1044921875 0.4858398438 0.0156250000 0.0244140625
1 0.1220703125 0.5395507812 0.0214843750 0.0185546875
1 0.1225585938 0.5634765625 0.0244140625 0.0156250000
1 0.0820312500 0.5664062500 0.0234375000 0.0136718750
1 0.0532226562 0.5903320312 0.0224609375 0.0146484375
1 0.0141601562 0.6098632812 0.0244140625 0.0146484375
1 0.1713867188 0.5913085938 0.0263671875 0.0166015625
1 0.2797851562 0.5375976562 0.0244140625 0.0166015625
1 0.2402343750 0.5380859375 0.0234375000 0.0156250000
1 0.3583984375 0.4804687500 0.0156250000 0.0234375000
0 0.1801757812 0.4946289062 0.0205078125 0.0439453125
0 0.2045898438 0.4946289062 0.0205078125 0.0439453125
0 0.2304687500 0.4941406250 0.0214843750 0.0449218750
0 0.2548828125 0.4936523438 0.0214843750 0.0478515625
0 0.2788085938 0.4921875000 0.0205078125 0.0468750000
0 0.3041992188 0.4931640625 0.0205078125 0.0449218750
0 0.3305664062 0.4931640625 0.0244140625 0.0468750000
1 0.4980468750 0.2416992188 0.0234375000 0.0166015625
1 0.6630859375 0.0732421875 0.1406250000 0.0703125000
0 0.7475585938 0.1396484375 0.0224609375 0.0468750000
1 0.7480468750 0.3017578125 0.0449218750 0.0214843750
1 0.7392578125 0.3232421875 0.0234375000 0.0136718750
0 0.7578125000 0.5361328125 0.0234375000 0.0449218750
1 0.0332031250 0.7202148438 0.0175781250 0.0244140625
1 0.0727539062 0.7197265625 0.0166015625 0.0253906250
1 0.1367187500 0.7241210938 0.0175781250 0.0244140625
1 0.1713867188 0.6987304688 0.0263671875 0.0146484375
1 0.2231445312 0.7495117188 0.0263671875 0.0146484375
1 0.2622070312 0.7500000000 0.0263671875 0.0175781250
1 0.2827148438 0.8027343750 0.0244140625 0.0175781250
1 0.2426757812 0.8037109375 0.0283203125 0.0175781250
1 0.1713867188 0.8291015625 0.0244140625 0.0156250000
1 0.1440429688 0.8413085938 0.0263671875 0.0146484375
1 0.0844726562 0.8305664062 0.0263671875 0.0166015625
1 0.0566406250 0.8564453125 0.0253906250 0.0175781250
1 0.0429687500 0.8251953125 0.0136718750 0.0273437500
1 0.0097656250 0.8056640625 0.0195312500 0.0156250000
1 0.0166015625 0.8745117188 0.0253906250 0.0185546875
0 0.1625976562 0.6489257812 0.0478515625 0.0244140625
0 0.1943359375 0.7446289062 0.0234375000 0.0458984375
0 0.3251953125 0.9511718750 0.0234375000 0.0468750000
0 0.6074218750 0.7978515625 0.0214843750 0.0468750000
0 0.6669921875 0.6806640625 0.0468750000 0.0214843750
1 0.7382812500 0.7177734375 0.0273437500 0.0156250000
1 0.7456054688 0.7460937500 0.0478515625 0.0214843750
1 0.0810546875 0.9853515625 0.0156250000 0.0253906250
1 0.1401367188 0.9858398438 0.0166015625 0.0263671875
1 0.1743164062 0.9653320312 0.0244140625 0.0166015625
1 0.2197265625 0.9912109375 0.0234375000 0.0175781250
1 0.6308593750 0.9936523438 0.0468750000 0.0126953125
