0 0.1274414062 0.2592773438 0.0439453125 0.0224609375
1 0.3491210938 0.3461914062 0.0224609375 0.0126953125
0 0.4497070312 0.1674804688 0.0205078125 0.0498046875
1 0.5449218750 0.2827148438 0.0703125000 0.0283203125
1 0.4707031250 0.3320312500 0.0664062500 0.0273437500
0 0.6064453125 0.1660156250 0.0507812500 0.0214843750
0 0.7719726562 0.0493164062 0.0458984375 0.0263671875
0 0.1162109375 0.6074218750 0.0683593750 0.0292968750
1 0.1625976562 0.6069335938 0.0244140625 0.0166015625
0 0.0815429688 0.7548828125 0.0244140625 0.0507812500
1 0.2675781250 0.7080078125 0.0468750000 0.0234375000
0 0.3364257812 0.7543945312 0.0478515625 0.0205078125
1 0.4790039062 0.5825195312 0.0654296875 0.0302734375
1 0.5483398438 0.6289062500 0.0673828125 0.0292968750
0 0.6645507812 0.2670898438 0.0458984375 0.0205078125
1 0.7636718750 0.2856445312 0.0468750000 0.0205078125
0 0.7270507812 0.3681640625 0.0498046875 0.0214843750
0 0.8198242188 0.3813476562 0.0419921875 0.0224609375
0 0.8007812500 0.3569335938 0.0449218750 0.0224609375
1 0.7836914062 0.4199218750 0.0224609375 0.0156250000
0 0.8256835938 0.5014648438 0.0439453125 0.0244140625
0 0.8266601562 0.5341796875 0.0517578125 0.0175781250
1 0.8901367188 0.5253906250 0.0205078125 0.0449218750
1 0.9155273438 0.5253906250 0.0205078125 0.0449218750
1 0.9409179688 0.5253906250 0.0205078125 0.0449218750
1 0.9653320312 0.5263671875 0.0205078125 0.0449218750
1 0.9902343750 0.5244140625 0.0195312500 0.0449218750
3 0.2519531250 0.8876953125 0.3984375000 0.2246093750
0 0.5214843750 0.7543945312 0.0234375000 0.0458984375
1 0.5703125000 0.7446289062 0.0156250000 0.0244140625
1 0.5849609375 0.7441406250 0.0156250000 0.0253906250
1 0.6435546875 0.7451171875 0.0156250000 0.0234375000
1 0.6586914062 0.7441406250 0.0146484375 0.0234375000
1 0.7587890625 0.7387695312 0.0156250000 0.0263671875
1 0.5073242188 0.8046875000 0.0224609375 0.0136718750
1 0.5073242188 0.8613281250 0.0224609375 0.0156250000
1 0.5078125000 0.8828125000 0.0449218750 0.0234375000
1 0.6889648438 0.8710937500 0.0439453125 0.0234375000
1 0.6987304688 0.8334960938 0.0244140625 0.0185546875
0 0.6884765625 0.7714843750 0.0468750000 0.0234375000
0 0.5004882812 0.8349609375 0.0458984375 0.0214843750
1 0.5732421875 0.9375000000 0.0156250000 0.0234375000
1 0.6093750000 0.9375000000 0.0136718750 0.0234375000
1 0.6679687500 0.9213867188 0.0253906250 0.0185546875
1 0.6909179688 0.9941406250 0.0244140625 0.0117187500
1 0.9296875000 0.5834960938 0.0468750000 0.0205078125
1 0.9306640625 0.6093750000 0.0449218750 0.0214843750
1 0.9287109375 0.6337890625 0.0449218750 0.0214843750
1 0.9306640625 0.6601562500 0.0449218750 0.0214843750
1 0.9296875000 0.6845703125 0.0449218750 0.0214843750
1 0.9296875000 0.7099609375 0.0449218750 0.0214843750
1 0.9306640625 0.7343750000 0.0449218750 0.0214843750
1 0.8129882812 0.7485351562 0.0419921875 0.0986328125
1 0.9316406250 0.8095703125 0.0449218750 0.0214843750
1 0.9316406250 0.8349609375 0.0449218750 0.0214843750
1 0.9306640625 0.8603515625 0.0449218750 0.0214843750
1 0.9316406250 0.8847656250 0.0449218750 0.0214843750
1 0.9316406250 0.9101562500 0.0449218750 0.0214843750
1 0.9316406250 0.9345703125 0.0449218750 0.0214843750
1 0.9326171875 0.9599609375 0.0449218750 0.0214843750
0 0.7387695312 0.5869140625 0.0458984375 0.0234375000
