0 0.0136718750 0.2998046875 0.0273437500 0.0234375000
2 0.0185546875 0.2470703125 0.0371093750 0.0644531250
1 0.0776367188 0.2470703125 0.0673828125 0.1347656250
1 0.1503906250 0.2475585938 0.0664062500 0.1357421875
1 0.2236328125 0.2480468750 0.0683593750 0.1347656250
1 0.3437500000 0.2919921875 0.0214843750 0.0429687500
2 0.4472656250 0.2080078125 0.1503906250 0.1972656250
3 0.7607421875 0.2231445312 0.4785156250 0.4462890625
2 0.1513671875 0.5317382812 0.3027343750 0.4130859375
1 0.3515625000 0.4140625000 0.0683593750 0.1347656250
1 0.3315429688 0.4985351562 0.0419921875 0.0224609375
1 0.3315429688 0.5683593750 0.0419921875 0.0214843750
1 0.3505859375 0.6499023438 0.0683593750 0.1357421875
0 0.4624023438 0.3686523438 0.0419921875 0.0205078125
0 0.4624023438 0.3920898438 0.0419921875 0.0205078125
0 0.4624023438 0.4165039062 0.0419921875 0.0205078125
2 0.5000000000 0.5000000000 0.0625000000 0.0742187500
0 0.5175781250 0.5649414062 0.0214843750 0.0439453125
1 0.6953125000 0.4467773438 0.0644531250 0.0283203125
2 0.6484375000 0.5937500000 0.2070312500 0.2070312500
2 0.5629882812 0.7460937500 0.0654296875 0.0644531250
0 0.6284179688 0.7338867188 0.0439453125 0.0205078125
2 0.4946289062 0.8710937500 0.0361328125 0.0351562500
1 0.4877929688 0.8164062500 0.0224609375 0.0156250000
2 0.6689453125 0.8286132812 0.1367187500 0.1376953125
1 0.9252929688 0.4907226562 0.0927734375 0.0419921875
0 0.9628906250 0.5561523438 0.0410156250 0.0224609375
2 0.9467773438 0.6396484375 0.1064453125 0.1171875000
1 0.8701171875 0.6572265625 0.0214843750 0.0156250000
1 0.8715820312 0.6743164062 0.0205078125 0.0126953125
0 0.8530273438 0.6943359375 0.0419921875 0.0214843750
1 0.8266601562 0.7246093750 0.0439453125 0.0214843750
1 0.8569335938 0.7236328125 0.0126953125 0.0214843750
1 0.8745117188 0.7236328125 0.0146484375 0.0234375000
1 0.9179687500 0.7246093750 0.0625000000 0.0292968750
0 0.8110351562 0.7797851562 0.0205078125 0.0478515625
2 0.8872070312 0.8134765625 0.1103515625 0.1113281250
1 0.7822265625 0.8286132812 0.0644531250 0.0283203125
1 0.0073242188 0.7939453125 0.0146484375 0.0664062500
1 0.1918945312 0.8193359375 0.0673828125 0.1367187500
1 0.2641601562 0.8193359375 0.0693359375 0.1367187500
1 0.0981445312 0.7836914062 0.0146484375 0.0224609375
1 0.0781250000 0.7880859375 0.0195312500 0.0449218750
3 0.6821289062 0.9790039062 0.0634765625 0.0419921875
3 0.8168945312 0.9770507812 0.0673828125 0.0458984375
