0 0.0910823171 0.0384908537 0.0358231707 0.0205792683
0 0.0125762195 0.2084603659 0.0251524390 0.0160060976
1 0.0846036585 0.2229420732 0.0365853659 0.0160060976
0 0.0560213415 0.2873475610 0.0388719512 0.0167682927
0 0.1284298780 0.2976371951 0.0327743902 0.0175304878
0 0.1135670732 0.2785823171 0.0350609756 0.0175304878
1 0.1002286585 0.3277439024 0.0175304878 0.0121951220
0 0.1330030488 0.3913871951 0.0342987805 0.0190548780
0 0.1337652439 0.4169207317 0.0403963415 0.0137195122
1 0.1833079268 0.4100609756 0.0160060976 0.0350609756
1 0.2031250000 0.4100609756 0.0160060976 0.0350609756
1 0.2229420732 0.4100609756 0.0160060976 0.0350609756
1 0.2419969512 0.4108231707 0.0160060976 0.0350609756
1 0.2618140244 0.4092987805 0.0160060976 0.0350609756
1 0.3014481707 0.4092987805 0.0160060976 0.0350609756
1 0.3205030488 0.4092987805 0.0160060976 0.0350609756
1 0.3395579268 0.4092987805 0.0160060976 0.0350609756
1 0.3593750000 0.4085365854 0.0160060976 0.0350609756
1 0.3982469512 0.4085365854 0.0160060976 0.0350609756
1 0.4371189024 0.4085365854 0.0160060976 0.0350609756
1 0.4561737805 0.4077743902 0.0160060976 0.0350609756
1 0.4759908537 0.4085365854 0.0160060976 0.0350609756
1 0.5156250000 0.4085365854 0.0160060976 0.0350609756
1 0.5419207317 0.3837652439 0.0335365854 0.0785060976
3 0.5000000000 0.1337652439 0.8871951220 0.1318597561
1 0.7122713415 0.4218750000 0.0190548780 0.0129573171
1 0.7404725610 0.4367378049 0.0099085366 0.0182926829
1 0.7903963415 0.3791920732 0.0121951220 0.0190548780
1 0.8041158537 0.4211128049 0.0167682927 0.0144817073
1 0.8044969512 0.4397865854 0.0190548780 0.0121951220
1 0.7728658537 0.4420731707 0.0182926829 0.0106707317
1 0.7503810976 0.4607469512 0.0175304878 0.0114329268
1 0.7198932927 0.4759908537 0.0190548780 0.0114329268
1 0.8426067073 0.4615091463 0.0205792683 0.0129573171
1 0.9272103659 0.4195884146 0.0190548780 0.0129573171
1 0.8963414634 0.4199695122 0.0182926829 0.0121951220
1 0.9885670732 0.3750000000 0.0121951220 0.0182926829
0 0.8494664634 0.3860518293 0.0160060976 0.0342987805
0 0.8685213415 0.3860518293 0.0160060976 0.0342987805
0 0.8887195122 0.3856707317 0.0167682927 0.0350609756
0 0.9077743902 0.3852896341 0.0167682927 0.0373475610
0 0.9264481707 0.3841463415 0.0160060976 0.0365853659
0 0.9462652439 0.3849085366 0.0160060976 0.0350609756
0 0.9668445122 0.3849085366 0.0190548780 0.0365853659
1 0.0041920732 0.5807926829 0.0083841463 0.0182926829
1 0.0807926829 0.5766006098 0.0121951220 0.0205792683
1 0.0262957317 0.6798780488 0.0342987805 0.0182926829
1 0.0339176829 0.6505335366 0.0190548780 0.0144817073
0 0.0259146341 0.6021341463 0.0365853659 0.0182926829
1 0.0099085366 0.7191310976 0.0198170732 0.0144817073
1 0.0278201220 0.7778201220 0.0190548780 0.0129573171
1 0.2141768293 0.4554115854 0.0365853659 0.0160060976
1 0.2149390244 0.4756097561 0.0350609756 0.0167682927
1 0.2134146341 0.4946646341 0.0350609756 0.0167682927
1 0.2149390244 0.5152439024 0.0350609756 0.0167682927
1 0.2141768293 0.5342987805 0.0350609756 0.0167682927
1 0.2141768293 0.5541158537 0.0350609756 0.0167682927
1 0.2149390244 0.5731707317 0.0350609756 0.0167682927
1 0.1230945122 0.5842225610 0.0327743902 0.0769817073
1 0.2157012195 0.6318597561 0.0350609756 0.0167682927
1 0.2157012195 0.6516768293 0.0350609756 0.0167682927
1 0.2149390244 0.6714939024 0.0350609756 0.0167682927
1 0.2157012195 0.6905487805 0.0350609756 0.0167682927
1 0.2157012195 0.7103658537 0.0350609756 0.0167682927
1 0.2157012195 0.7294207317 0.0350609756 0.0167682927
1 0.2164634146 0.7492378049 0.0350609756 0.0167682927
0 0.0651676829 0.4580792683 0.0358231707 0.0182926829
1 0.3460365854 0.6021341463 0.0350609756 0.0167682927
1 0.3616615854 0.6375762195 0.0175304878 0.0342987805
1 0.3605182927 0.6741615854 0.0167682927 0.0358231707
1 0.3696646341 0.5362042683 0.0350609756 0.0175304878
1 0.4466463415 0.5240091463 0.0365853659 0.0160060976
1 0.4676067073 0.5552591463 0.0190548780 0.0129573171
1 0.4596036585 0.6009908537 0.0365853659 0.0190548780
1 0.4965701220 0.6013719512 0.0358231707 0.0182926829
1 0.5411585366 0.6006097561 0.0350609756 0.0167682927
1 0.4687500000 0.6524390244 0.0167682927 0.0365853659
1 0.4683689024 0.6791158537 0.0160060976 0.0121951220
1 0.4843750000 0.7027439024 0.0160060976 0.0365853659
1 0.4051067073 0.6326219512 0.0175304878 0.0365853659
1 0.4058689024 0.6680640244 0.0175304878 0.0358231707
0 0.4054878049 0.4584603659 0.0152439024 0.0358231707
0 0.4062500000 0.4954268293 0.0167682927 0.0335365854
0 0.5910823171 0.4691310976 0.0358231707 0.0175304878
1 0.5918445122 0.5015243902 0.0358231707 0.0167682927
1 0.5910823171 0.5419207317 0.0358231707 0.0167682927
1 0.5918445122 0.5800304878 0.0358231707 0.0167682927
1 0.5918445122 0.5998475610 0.0358231707 0.0167682927
1 0.5926067073 0.6196646341 0.0358231707 0.0167682927
1 0.5933689024 0.6684451220 0.0358231707 0.0167682927
1 0.5922256098 0.6878810976 0.0350609756 0.0175304878
1 0.5922256098 0.7084603659 0.0350609756 0.0175304878
0 0.5910823171 0.5217225610 0.0358231707 0.0160060976
0 0.5910823171 0.5609756098 0.0358231707 0.0152439024
1 0.6951219512 0.5720274390 0.0121951220 0.0190548780
1 0.7347560976 0.5621189024 0.0137195122 0.0190548780
1 0.7656250000 0.5617378049 0.0129573171 0.0198170732
1 0.8155487805 0.5651676829 0.0137195122 0.0190548780
1 0.8426067073 0.5453506098 0.0205792683 0.0114329268
1 0.8830030488 0.5849847561 0.0205792683 0.0114329268
1 0.9134908537 0.5853658537 0.0205792683 0.0137195122
1 0.9294969512 0.6265243902 0.0190548780 0.0137195122
1 0.8982469512 0.6272865854 0.0221036585 0.0137195122
1 0.8426067073 0.6471036585 0.0190548780 0.0121951220
1 0.8212652439 0.6566310976 0.0205792683 0.0114329268
1 0.7747713415 0.6482469512 0.0205792683 0.0129573171
1 0.7530487805 0.6684451220 0.0198170732 0.0137195122
1 0.7423780488 0.6440548780 0.0106707317 0.0213414634
1 0.7141768293 0.6288109756 0.0198170732 0.0121951220
1 0.7217987805 0.6825457317 0.0198170732 0.0144817073
0 0.8357469512 0.5064786585 0.0373475610 0.0190548780
0 0.8605182927 0.5811737805 0.0182926829 0.0358231707
0 0.9626524390 0.7423780488 0.0182926829 0.0365853659
0 0.0236280488 0.9653201220 0.0350609756 0.0160060976
0 0.0251524390 0.9874237805 0.0381097561 0.0175304878
2 0.0914634146 0.8277439024 0.0518292683 0.0564024390
3 0.5083841463 0.9592225610 0.8826219512 0.0815548780
3 0.9794207317 0.9542682927 0.0381097561 0.0914634146
1 0.2743902439 0.7972560976 0.0182926829 0.0350609756
1 0.2934451220 0.7972560976 0.0182926829 0.0350609756
1 0.3125000000 0.7972560976 0.0182926829 0.0350609756
1 0.3330792683 0.7980182927 0.0182926829 0.0350609756
1 0.3521341463 0.7980182927 0.0182926829 0.0350609756
1 0.3711890244 0.7972560976 0.0182926829 0.0350609756
1 0.3910060976 0.7972560976 0.0182926829 0.0350609756
1 0.4108231707 0.7964939024 0.0182926829 0.0350609756
1 0.4298780488 0.7972560976 0.0182926829 0.0350609756
1 0.4496951220 0.7957317073 0.0182926829 0.0350609756
1 0.4687500000 0.7964939024 0.0182926829 0.0350609756
1 0.4893292683 0.7964939024 0.0182926829 0.0350609756
1 0.5076219512 0.7957317073 0.0182926829 0.0350609756
1 0.6974085366 0.7797256098 0.0121951220 0.0213414634
1 0.7305640244 0.7934451220 0.0190548780 0.0137195122
1 0.7721036585 0.7690548780 0.0121951220 0.0198170732
1 0.8182164634 0.7694359756 0.0129573171 0.0205792683
1 0.8448932927 0.7534298780 0.0190548780 0.0129573171
1 0.8803353659 0.7736280488 0.0182926829 0.0137195122
1 0.8993902439 0.7934451220 0.0182926829 0.0121951220
1 0.9298780488 0.7923018293 0.0198170732 0.0129573171
1 0.4001524390 0.6017530488 0.0350609756 0.0190548780
1 0.4763719512 0.3673780488 0.0121951220 0.0198170732
