1 0.0478515625 0.0722656250 0.0390625000 0.0957031250
1 0.1401367188 0.1596679688 0.0263671875 0.0654296875
0 0.1674804688 0.0771484375 0.0205078125 0.0449218750
0 0.1948242188 0.0771484375 0.0205078125 0.0429687500
1 0.2221679688 0.0766601562 0.0205078125 0.0439453125
2 0.1879882812 0.1601562500 0.0517578125 0.0761718750
1 0.2382812500 0.1596679688 0.0312500000 0.0673828125
1 0.2729492188 0.1586914062 0.0224609375 0.0458984375
1 0.0493164062 0.4741210938 0.0400390625 0.0966796875
1 0.0253906250 0.5859375000 0.0507812500 0.0507812500
1 0.2045898438 0.2612304688 0.1357421875 0.0673828125
1 0.2045898438 0.3369140625 0.1357421875 0.0664062500
0 0.3183593750 0.2617187500 0.0214843750 0.0429687500
0 0.3427734375 0.2617187500 0.0214843750 0.0429687500
0 0.3662109375 0.2607421875 0.0214843750 0.0429687500
0 0.3896484375 0.2617187500 0.0214843750 0.0429687500
0 0.4150390625 0.2617187500 0.0214843750 0.0429687500
0 0.4394531250 0.2617187500 0.0214843750 0.0429687500
0 0.4628906250 0.2607421875 0.0214843750 0.0429687500
0 0.4873046875 0.2607421875 0.0214843750 0.0429687500
1 0.5126953125 0.2607421875 0.0195312500 0.0449218750
1 0.4443359375 0.0532226562 0.0683593750 0.1064453125
1 0.6250000000 0.0527343750 0.0703125000 0.1054687500
1 0.5361328125 0.2524414062 0.0136718750 0.0224609375
1 0.5371093750 0.3452148438 0.0136718750 0.0224609375
0 0.6484375000 0.2729492188 0.0468750000 0.0224609375
1 0.6894531250 0.0449218750 0.0234375000 0.0156250000
1 0.8447265625 0.3295898438 0.0683593750 0.1357421875
0 0.9267578125 0.3847656250 0.0429687500 0.0234375000
2 0.9267578125 0.3320312500 0.0625000000 0.0644531250
1 0.9824218750 0.3320312500 0.0351562500 0.1347656250
0 0.0053710938 0.6997070312 0.0107421875 0.0439453125
0 0.0063476562 0.7504882812 0.0126953125 0.0439453125
0 0.0532226562 0.6542968750 0.0224609375 0.0449218750
2 0.0776367188 0.7480468750 0.1044921875 0.1074218750
1 0.1699218750 0.7255859375 0.0390625000 0.0957031250
1 0.2861328125 0.8159179688 0.0429687500 0.0966796875
1 0.2866210938 0.7016601562 0.0439453125 0.0986328125
1 0.2846679688 0.4428710938 0.0400390625 0.0966796875
1 0.2856445312 0.5590820312 0.0419921875 0.0966796875
0 0.3183593750 0.3554687500 0.0195312500 0.0449218750
0 0.3427734375 0.3564453125 0.0195312500 0.0449218750
0 0.3671875000 0.3554687500 0.0195312500 0.0449218750
0 0.3916015625 0.3564453125 0.0195312500 0.0449218750
0 0.4160156250 0.3564453125 0.0195312500 0.0449218750
0 0.4404296875 0.3554687500 0.0195312500 0.0449218750
0 0.4638671875 0.3554687500 0.0195312500 0.0449218750
0 0.4892578125 0.3554687500 0.0195312500 0.0449218750
0 0.5136718750 0.3544921875 0.0195312500 0.0449218750
2 0.5004882812 0.5004882812 0.3427734375 0.2236328125
2 0.4995117188 0.7573242188 0.3427734375 0.2236328125
1 0.7548828125 0.4960937500 0.0664062500 0.1367187500
1 0.7548828125 0.7368164062 0.0664062500 0.1357421875
1 0.0224609375 0.8237304688 0.0429687500 0.0224609375
0 0.0541992188 0.9404296875 0.0205078125 0.0449218750
0 0.0078125000 0.9824218750 0.0156250000 0.0351562500
1 0.1191406250 0.8369140625 0.1015625000 0.0488281250
1 0.6186523438 0.9858398438 0.0146484375 0.0205078125
1 0.6381835938 0.9785156250 0.0224609375 0.0429687500
1 0.9208984375 0.8789062500 0.0292968750 0.0664062500
1 0.9946289062 0.8730468750 0.0107421875 0.0449218750
