0 0.1162109375 0.1669921875 0.0683593750 0.0292968750
1 0.1625976562 0.1665039062 0.0244140625 0.0166015625
0 0.0815429688 0.3144531250 0.0244140625 0.0507812500
1 0.2675781250 0.2675781250 0.0468750000 0.0234375000
0 0.3364257812 0.3139648438 0.0478515625 0.0205078125
1 0.4790039062 0.1420898438 0.0654296875 0.0302734375
1 0.5483398438 0.1884765625 0.0673828125 0.0292968750
0 0.8256835938 0.0610351562 0.0439453125 0.0244140625
0 0.8266601562 0.0937500000 0.0517578125 0.0175781250
1 0.8901367188 0.0849609375 0.0205078125 0.0449218750
1 0.9155273438 0.0849609375 0.0205078125 0.0449218750
1 0.9409179688 0.0849609375 0.0205078125 0.0449218750
1 0.9653320312 0.0859375000 0.0205078125 0.0449218750
1 0.9902343750 0.0839843750 0.0195312500 0.0449218750
3 0.2519531250 0.5166015625 0.3984375000 0.3632812500
0 0.5214843750 0.3139648438 0.0234375000 0.0458984375
1 0.5703125000 0.3041992188 0.0156250000 0.0244140625
1 0.5849609375 0.3037109375 0.0156250000 0.0253906250
1 0.6435546875 0.3046875000 0.0156250000 0.0234375000
1 0.6586914062 0.3037109375 0.0146484375 0.0234375000
1 0.7587890625 0.2983398438 0.0156250000 0.0263671875
1 0.5073242188 0.3642578125 0.0224609375 0.0136718750
1 0.5073242188 0.4208984375 0.0224609375 0.0156250000
1 0.5078125000 0.4423828125 0.0449218750 0.0234375000
1 0.6889648438 0.4306640625 0.0439453125 0.0234375000
1 0.6987304688 0.3930664062 0.0244140625 0.0185546875
0 0.6884765625 0.3310546875 0.0468750000 0.0234375000
0 0.5004882812 0.3945312500 0.0458984375 0.0214843750
1 0.5732421875 0.4970703125 0.0156250000 0.0234375000
1 0.6093750000 0.4970703125 0.0136718750 0.0234375000
1 0.6679687500 0.4809570312 0.0253906250 0.0185546875
1 0.5815429688 0.5805664062 0.0166015625 0.0244140625
1 0.6083984375 0.5815429688 0.0136718750 0.0263671875
1 0.6279296875 0.5883789062 0.0156250000 0.0244140625
1 0.6909179688 0.5561523438 0.0244140625 0.0166015625
1 0.9296875000 0.1430664062 0.0468750000 0.0205078125
1 0.9306640625 0.1689453125 0.0449218750 0.0214843750
1 0.9287109375 0.1933593750 0.0449218750 0.0214843750
1 0.9306640625 0.2197265625 0.0449218750 0.0214843750
1 0.9296875000 0.2441406250 0.0449218750 0.0214843750
1 0.9296875000 0.2695312500 0.0449218750 0.0214843750
1 0.9306640625 0.2939453125 0.0449218750 0.0214843750
1 0.8129882812 0.3081054688 0.0419921875 0.0986328125
1 0.9316406250 0.3691406250 0.0449218750 0.0214843750
1 0.9316406250 0.3945312500 0.0449218750 0.0214843750
1 0.9306640625 0.4199218750 0.0449218750 0.0214843750
1 0.9316406250 0.4443359375 0.0449218750 0.0214843750
1 0.9316406250 0.4697265625 0.0449218750 0.0214843750
1 0.9316406250 0.4941406250 0.0449218750 0.0214843750
1 0.9326171875 0.5195312500 0.0449218750 0.0214843750
0 0.7387695312 0.1464843750 0.0458984375 0.0234375000
1 0.1557617188 0.7470703125 0.0302734375 0.0683593750
0 0.3349609375 0.8583984375 0.0214843750 0.0488281250
0 0.4746093750 0.8564453125 0.0234375000 0.0449218750
0 0.4790039062 0.6010742188 0.0439453125 0.0224609375
0 0.4799804688 0.6254882812 0.0439453125 0.0224609375
0 0.6855468750 0.7963867188 0.0449218750 0.0205078125
0 0.6875000000 0.8247070312 0.0488281250 0.0224609375
2 0.6894531250 0.8613281250 0.0371093750 0.0410156250
0 0.6147460938 0.8569335938 0.0263671875 0.0458984375
0 0.6875000000 0.8994140625 0.0449218750 0.0273437500
2 0.7724609375 0.6201171875 0.0664062500 0.0722656250
