0 0.0205078125 0.3813476562 0.0410156250 0.0224609375
0 0.0117187500 0.3569335938 0.0234375000 0.0224609375
0 0.0258789062 0.5014648438 0.0439453125 0.0244140625
0 0.0268554688 0.5341796875 0.0517578125 0.0175781250
1 0.0903320312 0.5253906250 0.0205078125 0.0449218750
1 0.1157226562 0.5253906250 0.0205078125 0.0449218750
1 0.1411132812 0.5253906250 0.0205078125 0.0449218750
1 0.1655273438 0.5263671875 0.0205078125 0.0449218750
1 0.1909179688 0.5244140625 0.0205078125 0.0449218750
1 0.2416992188 0.5244140625 0.0205078125 0.0449218750
1 0.2661132812 0.5244140625 0.0205078125 0.0449218750
1 0.2905273438 0.5244140625 0.0205078125 0.0449218750
1 0.3159179688 0.5234375000 0.0205078125 0.0449218750
1 0.3657226562 0.5234375000 0.0205078125 0.0449218750
1 0.4155273438 0.5234375000 0.0205078125 0.0449218750
1 0.4399414062 0.5224609375 0.0205078125 0.0449218750
1 0.4653320312 0.5234375000 0.0205078125 0.0449218750
1 0.5161132812 0.5234375000 0.0205078125 0.0449218750
1 0.5498046875 0.4916992188 0.0429687500 0.1005859375
3 0.5000000000 0.1713867188 1.0000000000 0.1689453125
1 0.7680664062 0.5405273438 0.0244140625 0.0166015625
1 0.8041992188 0.5595703125 0.0126953125 0.0234375000
1 0.8681640625 0.4858398438 0.0156250000 0.0244140625
1 0.8857421875 0.5395507812 0.0214843750 0.0185546875
1 0.8862304688 0.5634765625 0.0244140625 0.0156250000
1 0.8457031250 0.5664062500 0.0234375000 0.0136718750
1 0.8168945312 0.5903320312 0.0224609375 0.0146484375
1 0.7778320312 0.6098632812 0.0244140625 0.0146484375
1 0.9350585938 0.5913085938 0.0263671875 0.0166015625
0 0.9438476562 0.4946289062 0.0205078125 0.0439453125
0 0.9682617188 0.4946289062 0.0205078125 0.0439453125
0 0.9916992188 0.4941406250 0.0166015625 0.0449218750
1 0.1298828125 0.5834960938 0.0468750000 0.0205078125
1 0.1308593750 0.6093750000 0.0449218750 0.0214843750
1 0.1289062500 0.6337890625 0.0449218750 0.0214843750
1 0.1308593750 0.6601562500 0.0449218750 0.0214843750
1 0.1298828125 0.6845703125 0.0449218750 0.0214843750
1 0.1298828125 0.7099609375 0.0449218750 0.0214843750
1 0.1308593750 0.7343750000 0.0449218750 0.0214843750
1 0.0170898438 0.7485351562 0.0341796875 0.0986328125
1 0.1318359375 0.8095703125 0.0449218750 0.0214843750
1 0.1318359375 0.8349609375 0.0449218750 0.0214843750
1 0.1308593750 0.8603515625 0.0449218750 0.0214843750
1 0.1318359375 0.8847656250 0.0449218750 0.0214843750
1 0.1318359375 0.9101562500 0.0449218750 0.0214843750
1 0.1318359375 0.9345703125 0.0449218750 0.0214843750
1 0.1328125000 0.9599609375 0.0449218750 0.0214843750
1 0.2988281250 0.7714843750 0.0449218750 0.0214843750
1 0.3188476562 0.8168945312 0.0224609375 0.0439453125
1 0.3173828125 0.8637695312 0.0214843750 0.0458984375
1 0.3291015625 0.6870117188 0.0449218750 0.0224609375
1 0.4277343750 0.6713867188 0.0468750000 0.0205078125
1 0.4545898438 0.7114257812 0.0244140625 0.0166015625
1 0.4443359375 0.7700195312 0.0468750000 0.0244140625
1 0.4916992188 0.7705078125 0.0458984375 0.0234375000
1 0.5488281250 0.7695312500 0.0449218750 0.0214843750
1 0.4560546875 0.8359375000 0.0214843750 0.0468750000
1 0.4555664062 0.8701171875 0.0205078125 0.0156250000
1 0.4760742188 0.9003906250 0.0205078125 0.0468750000
1 0.3745117188 0.8105468750 0.0224609375 0.0468750000
1 0.3754882812 0.8559570312 0.0224609375 0.0458984375
0 0.3750000000 0.5874023438 0.0195312500 0.0458984375
0 0.3759765625 0.6347656250 0.0214843750 0.0429687500
0 0.6127929688 0.6010742188 0.0458984375 0.0224609375
1 0.6137695312 0.6425781250 0.0458984375 0.0214843750
1 0.6127929688 0.6943359375 0.0458984375 0.0214843750
1 0.6137695312 0.7431640625 0.0458984375 0.0214843750
1 0.6137695312 0.7685546875 0.0458984375 0.0214843750
1 0.6147460938 0.7939453125 0.0458984375 0.0214843750
1 0.6157226562 0.8564453125 0.0458984375 0.0214843750
1 0.6142578125 0.8813476562 0.0449218750 0.0224609375
1 0.6142578125 0.9077148438 0.0449218750 0.0224609375
0 0.6127929688 0.6684570312 0.0458984375 0.0205078125
0 0.6127929688 0.7187500000 0.0458984375 0.0195312500
1 0.7460937500 0.7329101562 0.0156250000 0.0244140625
1 0.7968750000 0.7202148438 0.0175781250 0.0244140625
1 0.8364257812 0.7197265625 0.0166015625 0.0253906250
1 0.9003906250 0.7241210938 0.0175781250 0.0244140625
1 0.9350585938 0.6987304688 0.0263671875 0.0146484375
1 0.9868164062 0.7495117188 0.0263671875 0.0146484375
1 0.9350585938 0.8291015625 0.0244140625 0.0156250000
1 0.9077148438 0.8413085938 0.0263671875 0.0146484375
1 0.8481445312 0.8305664062 0.0263671875 0.0166015625
1 0.8203125000 0.8564453125 0.0253906250 0.0175781250
1 0.8066406250 0.8251953125 0.0136718750 0.0273437500
1 0.7705078125 0.8056640625 0.0253906250 0.0156250000
1 0.7802734375 0.8745117188 0.0253906250 0.0185546875
0 0.9262695312 0.6489257812 0.0478515625 0.0244140625
0 0.9580078125 0.7446289062 0.0234375000 0.0458984375
1 0.7490234375 0.9926757812 0.0156250000 0.0146484375
1 0.8447265625 0.9853515625 0.0156250000 0.0253906250
1 0.9038085938 0.9858398438 0.0166015625 0.0263671875
1 0.9379882812 0.9653320312 0.0244140625 0.0166015625
1 0.9833984375 0.9912109375 0.0234375000 0.0175781250
1 0.3681640625 0.7709960938 0.0449218750 0.0244140625
1 0.4658203125 0.4707031250 0.0156250000 0.0253906250
