1 0.0507812500 0.1523437500 0.0214843750 0.0429687500
2 0.1542968750 0.0834960938 0.1503906250 0.1669921875
3 0.6137695312 0.1533203125 0.7705078125 0.3066406250
1 0.0585937500 0.2744140625 0.0683593750 0.1347656250
1 0.0385742188 0.3588867188 0.0419921875 0.0224609375
1 0.0385742188 0.4287109375 0.0419921875 0.0214843750
1 0.0576171875 0.5102539062 0.0683593750 0.1357421875
0 0.1694335938 0.2290039062 0.0419921875 0.0205078125
0 0.1694335938 0.2524414062 0.0419921875 0.0205078125
0 0.1694335938 0.2768554688 0.0419921875 0.0205078125
2 0.2070312500 0.3603515625 0.0625000000 0.0742187500
0 0.2246093750 0.4252929688 0.0214843750 0.0439453125
1 0.4023437500 0.3071289062 0.0644531250 0.0283203125
2 0.3554687500 0.4541015625 0.2070312500 0.2070312500
2 0.2700195312 0.6064453125 0.0654296875 0.0644531250
0 0.3354492188 0.5942382812 0.0439453125 0.0205078125
2 0.2016601562 0.7314453125 0.0361328125 0.0351562500
1 0.1948242188 0.6767578125 0.0224609375 0.0156250000
2 0.3759765625 0.6889648438 0.1367187500 0.1376953125
1 0.6323242188 0.3510742188 0.0927734375 0.0419921875
1 0.7651367188 0.3510742188 0.1337890625 0.0673828125
0 0.6699218750 0.4165039062 0.0410156250 0.0224609375
2 0.6582031250 0.5000000000 0.1152343750 0.1171875000
1 0.7407226562 0.4814453125 0.0205078125 0.0156250000
1 0.7583007812 0.5239257812 0.0107421875 0.0205078125
3 0.8378906250 0.6264648438 0.1679687500 0.2490234375
1 0.5771484375 0.5175781250 0.0214843750 0.0156250000
1 0.5786132812 0.5346679688 0.0205078125 0.0126953125
0 0.5600585938 0.5546875000 0.0419921875 0.0214843750
1 0.5336914062 0.5849609375 0.0439453125 0.0214843750
1 0.5639648438 0.5839843750 0.0126953125 0.0214843750
1 0.5815429688 0.5839843750 0.0146484375 0.0234375000
1 0.6250000000 0.5849609375 0.0625000000 0.0292968750
0 0.5180664062 0.6401367188 0.0205078125 0.0478515625
2 0.5942382812 0.6738281250 0.1103515625 0.1113281250
1 0.4892578125 0.6889648438 0.0644531250 0.0283203125
0 0.8295898438 0.7778320312 0.0439453125 0.0205078125
0 0.0371093750 0.9809570312 0.0429687500 0.0224609375
3 0.3891601562 0.8500976562 0.0634765625 0.0634765625
3 0.5239257812 0.8466796875 0.0673828125 0.0644531250
3 0.6635742188 0.9707031250 0.0634765625 0.0566406250
