0 0.0637207031 0.1800000000 0.0219726562 0.0155932203
1 0.1745605469 0.2403389831 0.0112304688 0.0088135593
0 0.2248535156 0.1162711864 0.0102539062 0.0345762712
1 0.2724609375 0.1962711864 0.0351562500 0.0196610169
1 0.2353515625 0.2305084746 0.0332031250 0.0189830508
0 0.3032226562 0.1152542373 0.0253906250 0.0149152542
0 0.3859863281 0.0342372881 0.0229492188 0.0183050847
0 0.0581054688 0.4216949153 0.0341796875 0.0203389831
1 0.0812988281 0.4213559322 0.0122070312 0.0115254237
0 0.0407714844 0.5240677966 0.0122070312 0.0352542373
1 0.1337890625 0.4915254237 0.0234375000 0.0162711864
0 0.1682128906 0.5237288136 0.0239257812 0.0142372881
1 0.2395019531 0.4044067797 0.0327148438 0.0210169492
1 0.2741699219 0.4366101695 0.0336914062 0.0203389831
0 0.3322753906 0.1854237288 0.0229492188 0.0142372881
1 0.3818359375 0.1983050847 0.0234375000 0.0142372881
0 0.3635253906 0.2555932203 0.0249023438 0.0149152542
0 0.4099121094 0.2647457627 0.0209960938 0.0155932203
0 0.4003906250 0.2477966102 0.0224609375 0.0155932203
1 0.3918457031 0.2915254237 0.0112304688 0.0108474576
0 0.4128417969 0.3481355932 0.0219726562 0.0169491525
0 0.4133300781 0.3708474576 0.0258789062 0.0122033898
1 0.4450683594 0.3647457627 0.0102539062 0.0311864407
1 0.4577636719 0.3647457627 0.0102539062 0.0311864407
1 0.4704589844 0.3647457627 0.0102539062 0.0311864407
1 0.4826660156 0.3654237288 0.0102539062 0.0311864407
1 0.4953613281 0.3640677966 0.0102539062 0.0311864407
1 0.5207519531 0.3640677966 0.0102539062 0.0311864407
1 0.5329589844 0.3640677966 0.0102539062 0.0311864407
1 0.5451660156 0.3640677966 0.0102539062 0.0311864407
1 0.5578613281 0.3633898305 0.0102539062 0.0311864407
1 0.5827636719 0.3633898305 0.0102539062 0.0311864407
1 0.6076660156 0.3633898305 0.0102539062 0.0311864407
1 0.6198730469 0.3627118644 0.0102539062 0.0311864407
1 0.6325683594 0.3633898305 0.0102539062 0.0311864407
1 0.6579589844 0.3633898305 0.0102539062 0.0311864407
1 0.6748046875 0.3413559322 0.0214843750 0.0698305085
3 0.6479492188 0.1189830508 0.5683593750 0.1172881356
1 0.7839355469 0.3752542373 0.0122070312 0.0115254237
1 0.8020019531 0.3884745763 0.0063476562 0.0162711864
1 0.8339843750 0.3372881356 0.0078125000 0.0169491525
1 0.8427734375 0.3745762712 0.0107421875 0.0128813559
1 0.8430175781 0.3911864407 0.0122070312 0.0108474576
1 0.8227539062 0.3932203390 0.0117187500 0.0094915254
1 0.8083496094 0.4098305085 0.0112304688 0.0101694915
1 0.7888183594 0.4233898305 0.0122070312 0.0101694915
1 0.8674316406 0.4105084746 0.0131835938 0.0115254237
1 0.9216308594 0.3732203390 0.0122070312 0.0115254237
1 0.9018554688 0.3735593220 0.0117187500 0.0108474576
1 0.9609375000 0.3335593220 0.0078125000 0.0162711864
0 0.8718261719 0.3433898305 0.0102539062 0.0305084746
0 0.8840332031 0.3433898305 0.0102539062 0.0305084746
0 0.8969726562 0.3430508475 0.0107421875 0.0311864407
0 0.9091796875 0.3427118644 0.0107421875 0.0332203390
0 0.9211425781 0.3416949153 0.0102539062 0.0325423729
0 0.9338378906 0.3423728814 0.0102539062 0.0311864407
0 0.9470214844 0.3423728814 0.0122070312 0.0325423729
3 0.1259765625 0.6644067797 0.1992187500 0.2522033898
0 0.2607421875 0.5237288136 0.0117187500 0.0318644068
1 0.2851562500 0.5169491525 0.0078125000 0.0169491525
1 0.2924804688 0.5166101695 0.0078125000 0.0176271186
1 0.3217773438 0.5172881356 0.0078125000 0.0162711864
1 0.3293457031 0.5166101695 0.0073242188 0.0162711864
1 0.3793945312 0.5128813559 0.0078125000 0.0183050847
1 0.2536621094 0.5586440678 0.0112304688 0.0094915254
1 0.2536621094 0.5979661017 0.0112304688 0.0108474576
1 0.2539062500 0.6128813559 0.0224609375 0.0162711864
1 0.3444824219 0.6047457627 0.0219726562 0.0162711864
1 0.3493652344 0.5786440678 0.0122070312 0.0128813559
0 0.3442382812 0.5355932203 0.0234375000 0.0162711864
0 0.2502441406 0.5796610169 0.0229492188 0.0149152542
1 0.2866210938 0.6508474576 0.0078125000 0.0162711864
1 0.3046875000 0.6508474576 0.0068359375 0.0162711864
1 0.3339843750 0.6396610169 0.0126953125 0.0128813559
1 0.2907714844 0.7088135593 0.0083007812 0.0169491525
1 0.3041992188 0.7094915254 0.0068359375 0.0183050847
1 0.3139648438 0.7142372881 0.0078125000 0.0169491525
1 0.3454589844 0.6918644068 0.0122070312 0.0115254237
1 0.4648437500 0.4050847458 0.0234375000 0.0142372881
1 0.4653320312 0.4230508475 0.0224609375 0.0149152542
1 0.4643554688 0.4400000000 0.0224609375 0.0149152542
1 0.4653320312 0.4583050847 0.0224609375 0.0149152542
1 0.4648437500 0.4752542373 0.0224609375 0.0149152542
1 0.4648437500 0.4928813559 0.0224609375 0.0149152542
1 0.4653320312 0.5098305085 0.0224609375 0.0149152542
1 0.4064941406 0.5196610169 0.0209960938 0.0684745763
1 0.4658203125 0.5620338983 0.0224609375 0.0149152542
1 0.4658203125 0.5796610169 0.0224609375 0.0149152542
1 0.4653320312 0.5972881356 0.0224609375 0.0149152542
1 0.4658203125 0.6142372881 0.0224609375 0.0149152542
1 0.4658203125 0.6318644068 0.0224609375 0.0149152542
1 0.4658203125 0.6488135593 0.0224609375 0.0149152542
1 0.4663085938 0.6664406780 0.0224609375 0.0149152542
0 0.3693847656 0.4074576271 0.0229492188 0.0162711864
1 0.5493164062 0.5355932203 0.0224609375 0.0149152542
1 0.5593261719 0.5671186441 0.0112304688 0.0305084746
1 0.5585937500 0.5996610169 0.0107421875 0.0318644068
1 0.5644531250 0.4769491525 0.0224609375 0.0155932203
1 0.6137695312 0.4661016949 0.0234375000 0.0142372881
1 0.6271972656 0.4938983051 0.0122070312 0.0115254237
1 0.6220703125 0.5345762712 0.0234375000 0.0169491525
1 0.6457519531 0.5349152542 0.0229492188 0.0162711864
1 0.6743164062 0.5342372881 0.0224609375 0.0149152542
1 0.6279296875 0.5803389831 0.0107421875 0.0325423729
1 0.6276855469 0.6040677966 0.0102539062 0.0108474576
1 0.6379394531 0.6250847458 0.0102539062 0.0325423729
1 0.5871582031 0.5627118644 0.0112304688 0.0325423729
1 0.5876464844 0.5942372881 0.0112304688 0.0318644068
0 0.5874023438 0.4077966102 0.0097656250 0.0318644068
0 0.5878906250 0.4406779661 0.0107421875 0.0298305085
0 0.7062988281 0.4172881356 0.0229492188 0.0155932203
1 0.7067871094 0.4461016949 0.0229492188 0.0149152542
1 0.7062988281 0.4820338983 0.0229492188 0.0149152542
1 0.7067871094 0.5159322034 0.0229492188 0.0149152542
1 0.7067871094 0.5335593220 0.0229492188 0.0149152542
1 0.7072753906 0.5511864407 0.0229492188 0.0149152542
1 0.7077636719 0.5945762712 0.0229492188 0.0149152542
1 0.7070312500 0.6118644068 0.0224609375 0.0155932203
1 0.7070312500 0.6301694915 0.0224609375 0.0155932203
0 0.7062988281 0.4640677966 0.0229492188 0.0142372881
0 0.7062988281 0.4989830508 0.0229492188 0.0135593220
1 0.7729492188 0.5088135593 0.0078125000 0.0169491525
1 0.7983398438 0.5000000000 0.0087890625 0.0169491525
1 0.8181152344 0.4996610169 0.0083007812 0.0176271186
1 0.8500976562 0.5027118644 0.0087890625 0.0169491525
1 0.8674316406 0.4850847458 0.0131835938 0.0101694915
1 0.8933105469 0.5203389831 0.0131835938 0.0101694915
1 0.9128417969 0.5206779661 0.0131835938 0.0122033898
1 0.9230957031 0.5572881356 0.0122070312 0.0122033898
1 0.9030761719 0.5579661017 0.0141601562 0.0122033898
1 0.8674316406 0.5755932203 0.0122070312 0.0108474576
1 0.8537597656 0.5840677966 0.0131835938 0.0101694915
1 0.8239746094 0.5766101695 0.0131835938 0.0115254237
1 0.8100585938 0.5945762712 0.0126953125 0.0122033898
1 0.8032226562 0.5728813559 0.0068359375 0.0189830508
1 0.7851562500 0.5593220339 0.0126953125 0.0108474576
1 0.7900390625 0.6071186441 0.0126953125 0.0128813559
0 0.8630371094 0.4505084746 0.0239257812 0.0169491525
0 0.8789062500 0.5169491525 0.0117187500 0.0318644068
0 0.9443359375 0.6603389831 0.0117187500 0.0325423729
1 0.0778808594 0.8244067797 0.0151367188 0.0474576271
0 0.1674804688 0.9016949153 0.0107421875 0.0338983051
0 0.2373046875 0.9003389831 0.0117187500 0.0311864407
0 0.2395019531 0.7230508475 0.0219726562 0.0155932203
0 0.2399902344 0.7400000000 0.0219726562 0.0155932203
0 0.3427734375 0.8586440678 0.0224609375 0.0142372881
0 0.3437500000 0.8783050847 0.0244140625 0.0155932203
2 0.3447265625 0.9037288136 0.0185546875 0.0284745763
0 0.3073730469 0.9006779661 0.0131835938 0.0318644068
0 0.3437500000 0.9301694915 0.0224609375 0.0189830508
2 0.3862304688 0.7362711864 0.0332031250 0.0501694915
3 0.6533203125 0.8779661017 0.5654296875 0.1220338983
3 0.9550781250 0.8691525424 0.0244140625 0.1220338983
1 0.5034179688 0.7091525424 0.0117187500 0.0311864407
1 0.5156250000 0.7091525424 0.0117187500 0.0311864407
1 0.5278320312 0.7091525424 0.0117187500 0.0311864407
1 0.5410156250 0.7098305085 0.0117187500 0.0311864407
1 0.5532226562 0.7098305085 0.0117187500 0.0311864407
1 0.5654296875 0.7091525424 0.0117187500 0.0311864407
1 0.5781250000 0.7091525424 0.0117187500 0.0311864407
1 0.5908203125 0.7084745763 0.0117187500 0.0311864407
1 0.6030273438 0.7091525424 0.0117187500 0.0311864407
1 0.6157226562 0.7077966102 0.0117187500 0.0311864407
1 0.6279296875 0.7084745763 0.0117187500 0.0311864407
1 0.6411132812 0.7084745763 0.0117187500 0.0311864407
1 0.6528320312 0.7077966102 0.0117187500 0.0311864407
1 0.7744140625 0.6935593220 0.0078125000 0.0189830508
1 0.7956542969 0.7057627119 0.0122070312 0.0122033898
1 0.8222656250 0.6840677966 0.0078125000 0.0176271186
1 0.8518066406 0.6844067797 0.0083007812 0.0183050847
1 0.8688964844 0.6701694915 0.0122070312 0.0115254237
1 0.8916015625 0.6881355932 0.0117187500 0.0122033898
1 0.9038085938 0.7057627119 0.0117187500 0.0108474576
1 0.9233398438 0.7047457627 0.0126953125 0.0115254237
1 0.5839843750 0.5352542373 0.0224609375 0.0169491525
1 0.6328125000 0.3267796610 0.0078125000 0.0176271186
