1 0.0175781250 0.1538085938 0.0351562500 0.1357421875
1 0.0751953125 0.1542968750 0.0683593750 0.1347656250
1 0.1953125000 0.1982421875 0.0214843750 0.0429687500
2 0.2988281250 0.1142578125 0.1503906250 0.1972656250
3 0.6865234375 0.1762695312 0.6269531250 0.3525390625
1 0.2031250000 0.3203125000 0.0683593750 0.1347656250
1 0.1831054688 0.4047851562 0.0419921875 0.0224609375
1 0.1831054688 0.4746093750 0.0419921875 0.0214843750
1 0.2021484375 0.5561523438 0.0683593750 0.1357421875
0 0.3139648438 0.2749023438 0.0419921875 0.0205078125
0 0.3139648438 0.2983398438 0.0419921875 0.0205078125
0 0.3139648438 0.3227539062 0.0419921875 0.0205078125
2 0.3515625000 0.4062500000 0.0625000000 0.0742187500
0 0.3691406250 0.4711914062 0.0214843750 0.0439453125
1 0.5468750000 0.3530273438 0.0644531250 0.0283203125
2 0.5000000000 0.5000000000 0.2070312500 0.2070312500
2 0.4145507812 0.6523437500 0.0654296875 0.0644531250
0 0.4799804688 0.6401367188 0.0439453125 0.0205078125
2 0.3461914062 0.7773437500 0.0361328125 0.0351562500
1 0.3393554688 0.7226562500 0.0224609375 0.0156250000
2 0.5205078125 0.7348632812 0.1367187500 0.1376953125
1 0.7768554688 0.3969726562 0.0927734375 0.0419921875
1 0.9096679688 0.3969726562 0.1337890625 0.0673828125
0 0.8144531250 0.4624023438 0.0410156250 0.0224609375
2 0.8027343750 0.5458984375 0.1152343750 0.1171875000
1 0.8852539062 0.5273437500 0.0205078125 0.0156250000
1 0.9028320312 0.5698242188 0.0107421875 0.0205078125
3 0.9492187500 0.6723632812 0.1015625000 0.2490234375
1 0.7216796875 0.5634765625 0.0214843750 0.0156250000
1 0.7231445312 0.5805664062 0.0205078125 0.0126953125
0 0.7045898438 0.6005859375 0.0419921875 0.0214843750
1 0.6782226562 0.6308593750 0.0439453125 0.0214843750
1 0.7084960938 0.6298828125 0.0126953125 0.0214843750
1 0.7260742188 0.6298828125 0.0146484375 0.0234375000
1 0.7695312500 0.6308593750 0.0625000000 0.0292968750
0 0.6625976562 0.6860351562 0.0205078125 0.0478515625
2 0.7387695312 0.7197265625 0.1103515625 0.1113281250
1 0.6337890625 0.7348632812 0.0644531250 0.0283203125
0 0.9741210938 0.8237304688 0.0439453125 0.0205078125
1 0.0434570312 0.7255859375 0.0673828125 0.1367187500
1 0.1157226562 0.7255859375 0.0693359375 0.1367187500
3 0.5336914062 0.8959960938 0.0634765625 0.0634765625
3 0.6684570312 0.8925781250 0.0673828125 0.0644531250
