1 0.0205078125 0.1362304688 0.0136718750 0.0224609375
1 0.0214843750 0.2290039062 0.0136718750 0.0224609375
0 0.1328125000 0.1567382812 0.0468750000 0.0224609375
1 0.3291015625 0.2133789062 0.0683593750 0.1357421875
0 0.4111328125 0.2685546875 0.0429687500 0.0234375000
2 0.4111328125 0.2158203125 0.0625000000 0.0644531250
1 0.4829101562 0.2158203125 0.0673828125 0.1347656250
1 0.5556640625 0.2163085938 0.0664062500 0.1357421875
1 0.6289062500 0.2167968750 0.0683593750 0.1347656250
1 0.7490234375 0.2607421875 0.0214843750 0.0429687500
2 0.8525390625 0.1767578125 0.1503906250 0.1972656250
1 0.2392578125 0.3798828125 0.0664062500 0.1367187500
1 0.2392578125 0.6206054688 0.0664062500 0.1357421875
2 0.5000000000 0.5004882812 0.4160156250 0.4130859375
1 0.7568359375 0.3828125000 0.0683593750 0.1347656250
1 0.7368164062 0.4672851562 0.0419921875 0.0224609375
1 0.7368164062 0.5371093750 0.0419921875 0.0214843750
1 0.7558593750 0.6186523438 0.0683593750 0.1357421875
0 0.8676757812 0.3374023438 0.0419921875 0.0205078125
0 0.8676757812 0.3608398438 0.0419921875 0.0205078125
0 0.8676757812 0.3852539062 0.0419921875 0.0205078125
2 0.9052734375 0.4687500000 0.0625000000 0.0742187500
0 0.9228515625 0.5336914062 0.0214843750 0.0439453125
2 0.9677734375 0.7148437500 0.0644531250 0.0644531250
2 0.8999023438 0.8398437500 0.0361328125 0.0351562500
1 0.8930664062 0.7851562500 0.0224609375 0.0156250000
1 0.1030273438 0.8696289062 0.0146484375 0.0205078125
1 0.1225585938 0.8627929688 0.0224609375 0.0439453125
1 0.1127929688 0.9565429688 0.0673828125 0.0869140625
1 0.4052734375 0.7626953125 0.0292968750 0.0664062500
0 0.5219726562 0.9824218750 0.0439453125 0.0234375000
1 0.5971679688 0.7880859375 0.0673828125 0.1367187500
1 0.6694335938 0.7880859375 0.0693359375 0.1367187500
1 0.5034179688 0.7524414062 0.0146484375 0.0224609375
1 0.4833984375 0.7568359375 0.0195312500 0.0449218750
