0 0.0258789062 0.0610351562 0.0439453125 0.0244140625
0 0.0268554688 0.0937500000 0.0517578125 0.0175781250
1 0.0903320312 0.0849609375 0.0205078125 0.0449218750
1 0.1157226562 0.0849609375 0.0205078125 0.0449218750
1 0.1411132812 0.0849609375 0.0205078125 0.0449218750
1 0.1655273438 0.0859375000 0.0205078125 0.0449218750
1 0.1909179688 0.0839843750 0.0205078125 0.0449218750
1 0.2416992188 0.0839843750 0.0205078125 0.0449218750
1 0.2661132812 0.0839843750 0.0205078125 0.0449218750
1 0.2905273438 0.0839843750 0.0205078125 0.0449218750
1 0.3159179688 0.0830078125 0.0205078125 0.0449218750
1 0.3657226562 0.0830078125 0.0205078125 0.0449218750
1 0.4155273438 0.0830078125 0.0205078125 0.0449218750
1 0.4399414062 0.0820312500 0.0205078125 0.0449218750
1 0.4653320312 0.0830078125 0.0205078125 0.0449218750
1 0.5161132812 0.0830078125 0.0205078125 0.0449218750
1 0.5498046875 0.0512695312 0.0429687500 0.1005859375
1 0.7680664062 0.1000976562 0.0244140625 0.0166015625
1 0.8041992188 0.1191406250 0.0126953125 0.0234375000
1 0.8681640625 0.0454101562 0.0156250000 0.0244140625
1 0.8857421875 0.0991210938 0.0214843750 0.0185546875
1 0.8862304688 0.1230468750 0.0244140625 0.0156250000
1 0.8457031250 0.1259765625 0.0234375000 0.0136718750
1 0.8168945312 0.1499023438 0.0224609375 0.0146484375
1 0.7778320312 0.1694335938 0.0244140625 0.0146484375
1 0.9350585938 0.1508789062 0.0263671875 0.0166015625
0 0.9438476562 0.0541992188 0.0205078125 0.0439453125
0 0.9682617188 0.0541992188 0.0205078125 0.0439453125
0 0.9916992188 0.0537109375 0.0166015625 0.0449218750
1 0.1298828125 0.1430664062 0.0468750000 0.0205078125
1 0.1308593750 0.1689453125 0.0449218750 0.0214843750
1 0.1289062500 0.1933593750 0.0449218750 0.0214843750
1 0.1308593750 0.2197265625 0.0449218750 0.0214843750
1 0.1298828125 0.2441406250 0.0449218750 0.0214843750
1 0.1298828125 0.2695312500 0.0449218750 0.0214843750
1 0.1308593750 0.2939453125 0.0449218750 0.0214843750
1 0.0170898438 0.3081054688 0.0341796875 0.0986328125
1 0.1318359375 0.3691406250 0.0449218750 0.0214843750
1 0.1318359375 0.3945312500 0.0449218750 0.0214843750
1 0.1308593750 0.4199218750 0.0449218750 0.0214843750
1 0.1318359375 0.4443359375 0.0449218750 0.0214843750
1 0.1318359375 0.4697265625 0.0449218750 0.0214843750
1 0.1318359375 0.4941406250 0.0449218750 0.0214843750
1 0.1328125000 0.5195312500 0.0449218750 0.0214843750
1 0.2988281250 0.3310546875 0.0449218750 0.0214843750
1 0.3188476562 0.3764648438 0.0224609375 0.0439453125
1 0.3173828125 0.4233398438 0.0214843750 0.0458984375
1 0.3291015625 0.2465820312 0.0449218750 0.0224609375
1 0.4277343750 0.2309570312 0.0468750000 0.0205078125
1 0.4545898438 0.2709960938 0.0244140625 0.0166015625
1 0.4443359375 0.3295898438 0.0468750000 0.0244140625
1 0.4916992188 0.3300781250 0.0458984375 0.0234375000
1 0.5488281250 0.3291015625 0.0449218750 0.0214843750
1 0.4560546875 0.3955078125 0.0214843750 0.0468750000
1 0.4555664062 0.4296875000 0.0205078125 0.0156250000
1 0.4760742188 0.4599609375 0.0205078125 0.0468750000
1 0.3745117188 0.3701171875 0.0224609375 0.0468750000
1 0.3754882812 0.4155273438 0.0224609375 0.0458984375
0 0.3750000000 0.1469726562 0.0195312500 0.0458984375
0 0.3759765625 0.1943359375 0.0214843750 0.0429687500
0 0.6127929688 0.1606445312 0.0458984375 0.0224609375
1 0.6137695312 0.2021484375 0.0458984375 0.0214843750
1 0.6127929688 0.2539062500 0.0458984375 0.0214843750
1 0.6137695312 0.3027343750 0.0458984375 0.0214843750
1 0.6137695312 0.3281250000 0.0458984375 0.0214843750
1 0.6147460938 0.3535156250 0.0458984375 0.0214843750
1 0.6157226562 0.4160156250 0.0458984375 0.0214843750
1 0.6142578125 0.4409179688 0.0449218750 0.0224609375
1 0.6142578125 0.4672851562 0.0449218750 0.0224609375
0 0.6127929688 0.2280273438 0.0458984375 0.0205078125
0 0.6127929688 0.2783203125 0.0458984375 0.0195312500
1 0.7460937500 0.2924804688 0.0156250000 0.0244140625
1 0.7968750000 0.2797851562 0.0175781250 0.0244140625
1 0.8364257812 0.2792968750 0.0166015625 0.0253906250
1 0.9003906250 0.2836914062 0.0175781250 0.0244140625
1 0.9350585938 0.2583007812 0.0263671875 0.0146484375
1 0.9868164062 0.3090820312 0.0263671875 0.0146484375
1 0.9350585938 0.3886718750 0.0244140625 0.0156250000
1 0.9077148438 0.4008789062 0.0263671875 0.0146484375
1 0.8481445312 0.3901367188 0.0263671875 0.0166015625
1 0.8203125000 0.4160156250 0.0253906250 0.0175781250
1 0.8066406250 0.3847656250 0.0136718750 0.0273437500
1 0.7705078125 0.3652343750 0.0253906250 0.0156250000
1 0.7802734375 0.4340820312 0.0253906250 0.0185546875
0 0.9262695312 0.2084960938 0.0478515625 0.0244140625
0 0.9580078125 0.3041992188 0.0234375000 0.0458984375
3 0.5000000000 0.8242187500 1.0000000000 0.1757812500
1 0.2070312500 0.5810546875 0.0234375000 0.0449218750
1 0.2314453125 0.5810546875 0.0234375000 0.0449218750
1 0.2558593750 0.5810546875 0.0234375000 0.0449218750
1 0.2822265625 0.5820312500 0.0234375000 0.0449218750
1 0.3066406250 0.5820312500 0.0234375000 0.0449218750
1 0.3310546875 0.5810546875 0.0234375000 0.0449218750
1 0.3564453125 0.5810546875 0.0234375000 0.0449218750
1 0.3818359375 0.5800781250 0.0234375000 0.0449218750
1 0.4062500000 0.5810546875 0.0234375000 0.0449218750
1 0.4316406250 0.5791015625 0.0234375000 0.0449218750
1 0.4560546875 0.5800781250 0.0234375000 0.0449218750
1 0.4824218750 0.5800781250 0.0234375000 0.0449218750
1 0.5058593750 0.5791015625 0.0234375000 0.0449218750
1 0.7490234375 0.5585937500 0.0156250000 0.0273437500
1 0.7915039062 0.5761718750 0.0244140625 0.0175781250
1 0.8447265625 0.5449218750 0.0156250000 0.0253906250
1 0.9038085938 0.5454101562 0.0166015625 0.0263671875
1 0.9379882812 0.5249023438 0.0244140625 0.0166015625
1 0.9833984375 0.5507812500 0.0234375000 0.0175781250
1 0.3681640625 0.3305664062 0.0449218750 0.0244140625
1 0.4658203125 0.0302734375 0.0156250000 0.0253906250
