1 0.0046386719 0.1431095406 0.0092773438 0.0318021201
1 0.0122070312 0.2031802120 0.0156250000 0.0487632509
1 0.0295410156 0.2024734982 0.0112304688 0.0332155477
0 0.0522460938 0.2770318021 0.0107421875 0.0310954064
0 0.0644531250 0.2770318021 0.0107421875 0.0310954064
0 0.0761718750 0.2763250883 0.0107421875 0.0310954064
0 0.0878906250 0.2770318021 0.0107421875 0.0310954064
0 0.1005859375 0.2770318021 0.0107421875 0.0310954064
0 0.1127929688 0.2770318021 0.0107421875 0.0310954064
0 0.1245117188 0.2763250883 0.0107421875 0.0310954064
0 0.1367187500 0.2763250883 0.0107421875 0.0310954064
1 0.1494140625 0.2763250883 0.0097656250 0.0325088339
1 0.1152343750 0.1155477032 0.0341796875 0.0982332155
1 0.1889648438 0.0448763251 0.0214843750 0.0162544170
1 0.2055664062 0.1148409894 0.0351562500 0.0982332155
1 0.1611328125 0.2703180212 0.0068359375 0.0162544170
1 0.1616210938 0.3374558304 0.0068359375 0.0162544170
0 0.2172851562 0.2851590106 0.0234375000 0.0162544170
1 0.2377929688 0.1201413428 0.0117187500 0.0113074205
1 0.3154296875 0.3261484099 0.0341796875 0.0982332155
0 0.3564453125 0.3660777385 0.0214843750 0.0169611307
2 0.3564453125 0.3279151943 0.0312500000 0.0466431095
1 0.3923339844 0.3279151943 0.0336914062 0.0975265018
1 0.4287109375 0.3282685512 0.0332031250 0.0982332155
1 0.4653320312 0.3286219081 0.0341796875 0.0975265018
1 0.5253906250 0.3604240283 0.0107421875 0.0310954064
0 0.5170898438 0.0328621908 0.0214843750 0.0148409894
2 0.5771484375 0.2996466431 0.0751953125 0.1427561837
3 0.7426757812 0.0830388693 0.2119140625 0.1250883392
3 0.8068847656 0.3010600707 0.3852539062 0.3420494700
1 0.0361328125 0.6780918728 0.0214843750 0.0699646643
1 0.0363769531 0.5954063604 0.0219726562 0.0713780919
1 0.0354003906 0.4081272085 0.0200195312 0.0699646643
1 0.0358886719 0.4922261484 0.0209960938 0.0699646643
0 0.0522460938 0.3448763251 0.0097656250 0.0325088339
0 0.0644531250 0.3455830389 0.0097656250 0.0325088339
0 0.0766601562 0.3448763251 0.0097656250 0.0325088339
0 0.0888671875 0.3455830389 0.0097656250 0.0325088339
0 0.1010742188 0.3455830389 0.0097656250 0.0325088339
0 0.1132812500 0.3448763251 0.0097656250 0.0325088339
0 0.1250000000 0.3448763251 0.0097656250 0.0325088339
0 0.1376953125 0.3448763251 0.0097656250 0.0325088339
0 0.1499023438 0.3441696113 0.0097656250 0.0325088339
2 0.1433105469 0.4498233216 0.1713867188 0.1618374558
2 0.1428222656 0.6356890459 0.1713867188 0.1618374558
1 0.2705078125 0.4466431095 0.0332031250 0.0989399293
1 0.2705078125 0.6208480565 0.0332031250 0.0982332155
2 0.4008789062 0.5339222615 0.2080078125 0.2989399293
1 0.5292968750 0.4487632509 0.0341796875 0.0975265018
1 0.5192871094 0.5098939929 0.0209960938 0.0162544170
1 0.5192871094 0.5604240283 0.0209960938 0.0155477032
1 0.5288085938 0.6194346290 0.0341796875 0.0982332155
0 0.5847167969 0.4159010601 0.0209960938 0.0148409894
0 0.5847167969 0.4328621908 0.0209960938 0.0148409894
0 0.5847167969 0.4505300353 0.0209960938 0.0148409894
2 0.6035156250 0.5109540636 0.0312500000 0.0537102473
0 0.6123046875 0.5579505300 0.0107421875 0.0318021201
1 0.7011718750 0.4724381625 0.0322265625 0.0204946996
2 0.6777343750 0.5787985866 0.1035156250 0.1498233216
2 0.6350097656 0.6890459364 0.0327148438 0.0466431095
0 0.6677246094 0.6802120141 0.0219726562 0.0148409894
2 0.6008300781 0.7795053004 0.0180664062 0.0254416961
1 0.5974121094 0.7399293286 0.0112304688 0.0113074205
2 0.6879882812 0.7487632509 0.0683593750 0.0996466431
1 0.8161621094 0.5042402827 0.0463867188 0.0303886926
1 0.8825683594 0.5042402827 0.0668945312 0.0487632509
0 0.8349609375 0.5515901060 0.0205078125 0.0162544170
2 0.8291015625 0.6120141343 0.0576171875 0.0848056537
1 0.8703613281 0.5985865724 0.0102539062 0.0113074205
1 0.8791503906 0.6293286219 0.0053710938 0.0148409894
3 0.9189453125 0.7035335689 0.0839843750 0.1802120141
1 0.7885742188 0.6247349823 0.0107421875 0.0113074205
1 0.7893066406 0.6371024735 0.0102539062 0.0091872792
0 0.7800292969 0.6515901060 0.0209960938 0.0155477032
1 0.7668457031 0.6734982332 0.0219726562 0.0155477032
1 0.7819824219 0.6727915194 0.0063476562 0.0155477032
1 0.7907714844 0.6727915194 0.0073242188 0.0169611307
1 0.8125000000 0.6734982332 0.0312500000 0.0212014134
0 0.7590332031 0.7134275618 0.0102539062 0.0346289753
2 0.7971191406 0.7378091873 0.0551757812 0.0805653710
1 0.7446289062 0.7487632509 0.0322265625 0.0204946996
0 0.9147949219 0.8130742049 0.0219726562 0.0148409894
3 0.0480957031 0.8742049470 0.0249023438 0.1215547703
1 0.2023925781 0.8010600707 0.0073242188 0.0148409894
1 0.2121582031 0.7961130742 0.0112304688 0.0318021201
1 0.2072753906 0.8816254417 0.0336914062 0.0982332155
1 0.3535156250 0.7236749117 0.0146484375 0.0480565371
0 0.4118652344 0.8826855124 0.0219726562 0.0169611307
1 0.4494628906 0.7420494700 0.0336914062 0.0989399293
1 0.4855957031 0.7420494700 0.0346679688 0.0989399293
1 0.4025878906 0.7162544170 0.0073242188 0.0162544170
1 0.3925781250 0.7194346290 0.0097656250 0.0325088339
0 0.5185546875 0.9600706714 0.0214843750 0.0162544170
3 0.6945800781 0.8653710247 0.0317382812 0.0459363958
3 0.7619628906 0.8628975265 0.0336914062 0.0466431095
3 0.8317871094 0.9526501767 0.0317382812 0.0409893993
