1 0.0502929688 0.2172851562 0.0400390625 0.0966796875
1 0.0258789062 0.3291015625 0.0517578125 0.0507812500
1 0.2055664062 0.0190429688 0.1357421875 0.0380859375
1 0.2055664062 0.0800781250 0.1357421875 0.0664062500
0 0.3193359375 0.0131835938 0.0214843750 0.0263671875
0 0.3437500000 0.0131835938 0.0214843750 0.0263671875
0 0.3671875000 0.0126953125 0.0214843750 0.0253906250
0 0.3906250000 0.0131835938 0.0214843750 0.0263671875
0 0.4160156250 0.0131835938 0.0214843750 0.0263671875
0 0.4404296875 0.0131835938 0.0214843750 0.0263671875
0 0.4638671875 0.0126953125 0.0214843750 0.0253906250
0 0.4882812500 0.0126953125 0.0214843750 0.0253906250
1 0.5136718750 0.0131835938 0.0195312500 0.0263671875
1 0.5380859375 0.0883789062 0.0136718750 0.0224609375
0 0.6494140625 0.0161132812 0.0468750000 0.0224609375
1 0.8457031250 0.0727539062 0.0683593750 0.1357421875
0 0.9277343750 0.1279296875 0.0429687500 0.0234375000
2 0.9277343750 0.0751953125 0.0625000000 0.0644531250
1 0.9829101562 0.0751953125 0.0341796875 0.1347656250
0 0.0058593750 0.4428710938 0.0117187500 0.0439453125
0 0.0068359375 0.4936523438 0.0136718750 0.0439453125
0 0.0541992188 0.3974609375 0.0224609375 0.0449218750
2 0.0786132812 0.4912109375 0.1044921875 0.1074218750
1 0.1708984375 0.4687500000 0.0390625000 0.0957031250
1 0.2871093750 0.5590820312 0.0429687500 0.0966796875
1 0.2875976562 0.4448242188 0.0439453125 0.0986328125
1 0.2856445312 0.1860351562 0.0400390625 0.0966796875
1 0.2866210938 0.3022460938 0.0419921875 0.0966796875
0 0.3193359375 0.0986328125 0.0195312500 0.0449218750
0 0.3437500000 0.0996093750 0.0195312500 0.0449218750
0 0.3681640625 0.0986328125 0.0195312500 0.0449218750
0 0.3925781250 0.0996093750 0.0195312500 0.0449218750
0 0.4169921875 0.0996093750 0.0195312500 0.0449218750
0 0.4414062500 0.0986328125 0.0195312500 0.0449218750
0 0.4648437500 0.0986328125 0.0195312500 0.0449218750
0 0.4902343750 0.0986328125 0.0195312500 0.0449218750
0 0.5146484375 0.0976562500 0.0195312500 0.0449218750
2 0.5014648438 0.2436523438 0.3427734375 0.2236328125
2 0.5004882812 0.5004882812 0.3427734375 0.2236328125
1 0.7558593750 0.2392578125 0.0664062500 0.1367187500
1 0.7558593750 0.4799804688 0.0664062500 0.1357421875
1 0.0234375000 0.5668945312 0.0429687500 0.0224609375
1 0.1728515625 0.7568359375 0.0410156250 0.0937500000
0 0.0551757812 0.6835937500 0.0205078125 0.0449218750
0 0.0083007812 0.7299804688 0.0166015625 0.0439453125
0 0.0083007812 0.7817382812 0.0166015625 0.0458984375
2 0.0795898438 0.7783203125 0.1044921875 0.1054687500
1 0.0175781250 0.8383789062 0.0351562500 0.0224609375
1 0.1210937500 0.8686523438 0.1015625000 0.0498046875
1 0.1201171875 0.5800781250 0.1015625000 0.0488281250
3 0.3110351562 0.8300781250 0.0498046875 0.1679687500
1 0.6196289062 0.7290039062 0.0146484375 0.0205078125
1 0.6391601562 0.7221679688 0.0224609375 0.0439453125
1 0.6293945312 0.8403320312 0.0673828125 0.1357421875
1 0.9218750000 0.6220703125 0.0292968750 0.0664062500
1 0.9951171875 0.6162109375 0.0097656250 0.0449218750
