0 0.1230468750 0.0583038869 0.0214843750 0.0148409894
0 0.1289062500 0.0862190813 0.0107421875 0.0325088339
1 0.2446289062 0.0501766784 0.0693359375 0.0508833922
0 0.1003417969 0.1201413428 0.0102539062 0.0325088339
0 0.1003417969 0.1568904594 0.0102539062 0.0325088339
2 0.1418457031 0.1568904594 0.0512695312 0.0791519435
1 0.1879882812 0.1399293286 0.0195312500 0.0692579505
1 0.1125488281 0.2000000000 0.0219726562 0.0169611307
1 0.1623535156 0.2201413428 0.0502929688 0.0346289753
1 0.2341308594 0.2031802120 0.0131835938 0.0473498233
0 0.2478027344 0.1434628975 0.0102539062 0.0325088339
0 0.2614746094 0.1434628975 0.0102539062 0.0310954064
1 0.2751464844 0.1431095406 0.0102539062 0.0318021201
2 0.2580566406 0.2035335689 0.0258789062 0.0551236749
1 0.2832031250 0.2031802120 0.0156250000 0.0487632509
1 0.3005371094 0.2024734982 0.0112304688 0.0332155477
3 0.0427246094 0.3424028269 0.0659179688 0.2749116608
0 0.1008300781 0.4113074205 0.0112304688 0.0325088339
0 0.1005859375 0.4487632509 0.0107421875 0.0325088339
0 0.1159667969 0.3784452297 0.0112304688 0.0332155477
2 0.1411132812 0.4466431095 0.0507812500 0.0763250883
1 0.1103515625 0.4911660777 0.0224609375 0.0155477032
1 0.1887207031 0.4307420495 0.0200195312 0.0699646643
1 0.1640625000 0.5116607774 0.0507812500 0.0367491166
1 0.2663574219 0.2766784452 0.0678710938 0.0487632509
1 0.2663574219 0.3314487633 0.0678710938 0.0480565371
0 0.3232421875 0.2770318021 0.0107421875 0.0310954064
0 0.3354492188 0.2770318021 0.0107421875 0.0310954064
0 0.3471679688 0.2763250883 0.0107421875 0.0310954064
0 0.3588867188 0.2770318021 0.0107421875 0.0310954064
0 0.3715820312 0.2770318021 0.0107421875 0.0310954064
0 0.3837890625 0.2770318021 0.0107421875 0.0310954064
0 0.3955078125 0.2763250883 0.0107421875 0.0310954064
0 0.4077148438 0.2763250883 0.0107421875 0.0310954064
1 0.4204101562 0.2763250883 0.0097656250 0.0325088339
1 0.3862304688 0.1155477032 0.0341796875 0.0982332155
1 0.4599609375 0.0448763251 0.0214843750 0.0162544170
1 0.4765625000 0.1148409894 0.0351562500 0.0982332155
1 0.4321289062 0.2703180212 0.0068359375 0.0162544170
1 0.4326171875 0.3374558304 0.0068359375 0.0162544170
0 0.4882812500 0.2851590106 0.0234375000 0.0162544170
1 0.5087890625 0.1201413428 0.0117187500 0.0113074205
1 0.5864257812 0.3261484099 0.0341796875 0.0982332155
0 0.6274414062 0.3660777385 0.0214843750 0.0169611307
2 0.6274414062 0.3279151943 0.0312500000 0.0466431095
1 0.6633300781 0.3279151943 0.0336914062 0.0975265018
1 0.6997070312 0.3282685512 0.0332031250 0.0982332155
1 0.7363281250 0.3286219081 0.0341796875 0.0975265018
1 0.7963867188 0.3604240283 0.0107421875 0.0310954064
0 0.7880859375 0.0328621908 0.0214843750 0.0148409894
2 0.8481445312 0.2996466431 0.0751953125 0.1427561837
0 0.1643066406 0.5939929329 0.0102539062 0.0318021201
0 0.1650390625 0.6307420495 0.0107421875 0.0318021201
0 0.1906738281 0.5611307420 0.0112304688 0.0325088339
2 0.2028808594 0.6289752650 0.0522460938 0.0777385159
1 0.2490234375 0.6127208481 0.0195312500 0.0692579505
1 0.3071289062 0.6780918728 0.0214843750 0.0699646643
1 0.3073730469 0.5954063604 0.0219726562 0.0713780919
1 0.3063964844 0.4081272085 0.0200195312 0.0699646643
1 0.3068847656 0.4922261484 0.0209960938 0.0699646643
0 0.3232421875 0.3448763251 0.0097656250 0.0325088339
0 0.3354492188 0.3455830389 0.0097656250 0.0325088339
0 0.3476562500 0.3448763251 0.0097656250 0.0325088339
0 0.3598632812 0.3455830389 0.0097656250 0.0325088339
0 0.3720703125 0.3455830389 0.0097656250 0.0325088339
0 0.3842773438 0.3448763251 0.0097656250 0.0325088339
0 0.3959960938 0.3448763251 0.0097656250 0.0325088339
0 0.4086914062 0.3448763251 0.0097656250 0.0325088339
0 0.4208984375 0.3441696113 0.0097656250 0.0325088339
2 0.4143066406 0.4498233216 0.1713867188 0.1618374558
2 0.4138183594 0.6356890459 0.1713867188 0.1618374558
1 0.5415039062 0.4466431095 0.0332031250 0.0989399293
1 0.5415039062 0.6208480565 0.0332031250 0.0982332155
2 0.6718750000 0.5339222615 0.2080078125 0.2989399293
1 0.8002929688 0.4487632509 0.0341796875 0.0975265018
1 0.7902832031 0.5098939929 0.0209960938 0.0162544170
1 0.7902832031 0.5604240283 0.0209960938 0.0155477032
1 0.7998046875 0.6194346290 0.0341796875 0.0982332155
0 0.8557128906 0.4159010601 0.0209960938 0.0148409894
0 0.8557128906 0.4328621908 0.0209960938 0.0148409894
0 0.8557128906 0.4505300353 0.0209960938 0.0148409894
2 0.8745117188 0.5109540636 0.0312500000 0.0537102473
0 0.8833007812 0.5579505300 0.0107421875 0.0318021201
1 0.9721679688 0.4724381625 0.0322265625 0.0204946996
2 0.9484863281 0.5787985866 0.1030273438 0.1498233216
2 0.9060058594 0.6890459364 0.0327148438 0.0466431095
0 0.9387207031 0.6802120141 0.0219726562 0.0148409894
2 0.8718261719 0.7795053004 0.0180664062 0.0254416961
1 0.8684082031 0.7399293286 0.0112304688 0.0113074205
2 0.9589843750 0.7487632509 0.0683593750 0.0996466431
1 0.1752929688 0.6837455830 0.0214843750 0.0162544170
1 0.2500000000 0.8212014134 0.0205078125 0.0678445230
0 0.1911621094 0.7681978799 0.0102539062 0.0325088339
0 0.1667480469 0.8017667845 0.0102539062 0.0318021201
0 0.1667480469 0.8392226148 0.0102539062 0.0332155477
2 0.2033691406 0.8367491166 0.0522460938 0.0763250883
1 0.1699218750 0.8802120141 0.0224609375 0.0162544170
1 0.2241210938 0.9021201413 0.0507812500 0.0360424028
1 0.1411132812 0.9487632509 0.0683593750 0.0515901060
1 0.2236328125 0.6932862191 0.0507812500 0.0353356890
3 0.3190917969 0.8742049470 0.0249023438 0.1215547703
1 0.4733886719 0.8010600707 0.0073242188 0.0148409894
1 0.4831542969 0.7961130742 0.0112304688 0.0318021201
1 0.4782714844 0.8816254417 0.0336914062 0.0982332155
1 0.6245117188 0.7236749117 0.0146484375 0.0480565371
0 0.6828613281 0.8826855124 0.0219726562 0.0169611307
1 0.7204589844 0.7420494700 0.0336914062 0.0989399293
1 0.7565917969 0.7420494700 0.0346679688 0.0989399293
1 0.6735839844 0.7162544170 0.0073242188 0.0162544170
1 0.6635742188 0.7194346290 0.0097656250 0.0325088339
0 0.7895507812 0.9600706714 0.0214843750 0.0162544170
3 0.9655761719 0.8653710247 0.0317382812 0.0459363958
