0 0.0126953125 0.3828125000 0.0214843750 0.0429687500
0 0.0361328125 0.3818359375 0.0214843750 0.0429687500
0 0.0605468750 0.3818359375 0.0214843750 0.0429687500
1 0.0859375000 0.3818359375 0.0195312500 0.0449218750
1 0.0258789062 0.1596679688 0.0517578125 0.1357421875
1 0.1650390625 0.0620117188 0.0429687500 0.0224609375
1 0.1982421875 0.1586914062 0.0703125000 0.1357421875
1 0.1093750000 0.3735351562 0.0136718750 0.0224609375
1 0.1103515625 0.4663085938 0.0136718750 0.0224609375
0 0.2216796875 0.3940429688 0.0468750000 0.0224609375
1 0.2626953125 0.1660156250 0.0234375000 0.0156250000
1 0.4179687500 0.4506835938 0.0683593750 0.1357421875
0 0.5000000000 0.5058593750 0.0429687500 0.0234375000
2 0.5000000000 0.4531250000 0.0625000000 0.0644531250
1 0.5717773438 0.4531250000 0.0673828125 0.1347656250
1 0.6445312500 0.4536132812 0.0664062500 0.1357421875
1 0.7177734375 0.4541015625 0.0683593750 0.1347656250
1 0.8378906250 0.4980468750 0.0214843750 0.0429687500
0 0.8212890625 0.0454101562 0.0429687500 0.0205078125
2 0.9331054688 0.4140625000 0.1337890625 0.1972656250
0 0.0136718750 0.4765625000 0.0195312500 0.0449218750
0 0.0371093750 0.4765625000 0.0195312500 0.0449218750
0 0.0625000000 0.4765625000 0.0195312500 0.0449218750
0 0.0869140625 0.4755859375 0.0195312500 0.0449218750
2 0.1225585938 0.6215820312 0.2451171875 0.2236328125
2 0.1220703125 0.8784179688 0.2441406250 0.2236328125
1 0.3281250000 0.6171875000 0.0664062500 0.1367187500
1 0.3281250000 0.8579101562 0.0664062500 0.1357421875
2 0.5888671875 0.7377929688 0.4160156250 0.4130859375
1 0.8457031250 0.6201171875 0.0683593750 0.1347656250
1 0.8256835938 0.7045898438 0.0419921875 0.0224609375
1 0.8256835938 0.7744140625 0.0419921875 0.0214843750
1 0.8447265625 0.8559570312 0.0683593750 0.1357421875
0 0.9565429688 0.5747070312 0.0419921875 0.0205078125
0 0.9565429688 0.5981445312 0.0419921875 0.0205078125
0 0.9565429688 0.6225585938 0.0419921875 0.0205078125
2 0.9814453125 0.7060546875 0.0371093750 0.0742187500
1 0.4941406250 0.9833984375 0.0292968750 0.0332031250
1 0.5922851562 0.9892578125 0.0146484375 0.0214843750
1 0.5722656250 0.9858398438 0.0195312500 0.0283203125
