3 0.0854492188 0.1406250000 0.1318359375 0.2812500000
0 0.2016601562 0.1865234375 0.0224609375 0.0449218750
0 0.2011718750 0.2382812500 0.0214843750 0.0449218750
0 0.2319335938 0.1411132812 0.0224609375 0.0458984375
2 0.2822265625 0.2353515625 0.1015625000 0.1054687500
1 0.2207031250 0.2968750000 0.0449218750 0.0214843750
1 0.3774414062 0.2133789062 0.0400390625 0.0966796875
1 0.3281250000 0.3251953125 0.1015625000 0.0507812500
1 0.5327148438 0.0170898438 0.1357421875 0.0341796875
1 0.5327148438 0.0761718750 0.1357421875 0.0664062500
0 0.6464843750 0.0112304688 0.0214843750 0.0224609375
0 0.6708984375 0.0112304688 0.0214843750 0.0224609375
0 0.6943359375 0.0107421875 0.0214843750 0.0214843750
0 0.7177734375 0.0112304688 0.0214843750 0.0224609375
0 0.7431640625 0.0112304688 0.0214843750 0.0224609375
0 0.7675781250 0.0112304688 0.0214843750 0.0224609375
0 0.7910156250 0.0107421875 0.0214843750 0.0214843750
0 0.8154296875 0.0107421875 0.0214843750 0.0214843750
1 0.8408203125 0.0112304688 0.0195312500 0.0224609375
1 0.8652343750 0.0844726562 0.0136718750 0.0224609375
0 0.9765625000 0.0122070312 0.0468750000 0.0224609375
0 0.3286132812 0.4389648438 0.0205078125 0.0439453125
0 0.3300781250 0.4897460938 0.0214843750 0.0439453125
0 0.3813476562 0.3935546875 0.0224609375 0.0449218750
2 0.4057617188 0.4873046875 0.1044921875 0.1074218750
1 0.4980468750 0.4648437500 0.0390625000 0.0957031250
1 0.6142578125 0.5551757812 0.0429687500 0.0966796875
1 0.6147460938 0.4409179688 0.0439453125 0.0986328125
1 0.6127929688 0.1821289062 0.0400390625 0.0966796875
1 0.6137695312 0.2983398438 0.0419921875 0.0966796875
0 0.6464843750 0.0947265625 0.0195312500 0.0449218750
0 0.6708984375 0.0957031250 0.0195312500 0.0449218750
0 0.6953125000 0.0947265625 0.0195312500 0.0449218750
0 0.7197265625 0.0957031250 0.0195312500 0.0449218750
0 0.7441406250 0.0957031250 0.0195312500 0.0449218750
0 0.7685546875 0.0947265625 0.0195312500 0.0449218750
0 0.7919921875 0.0947265625 0.0195312500 0.0449218750
0 0.8173828125 0.0947265625 0.0195312500 0.0449218750
0 0.8417968750 0.0937500000 0.0195312500 0.0449218750
2 0.8286132812 0.2397460938 0.3427734375 0.2236328125
2 0.8276367188 0.4965820312 0.3427734375 0.2236328125
1 0.3505859375 0.5629882812 0.0429687500 0.0224609375
1 0.5000000000 0.7529296875 0.0410156250 0.0937500000
0 0.3823242188 0.6796875000 0.0205078125 0.0449218750
0 0.3334960938 0.7260742188 0.0205078125 0.0439453125
0 0.3334960938 0.7778320312 0.0205078125 0.0458984375
2 0.4067382812 0.7744140625 0.1044921875 0.1054687500
1 0.3398437500 0.8344726562 0.0449218750 0.0224609375
1 0.4482421875 0.8647460938 0.1015625000 0.0498046875
1 0.2822265625 0.9291992188 0.1367187500 0.0712890625
1 0.4472656250 0.5761718750 0.1015625000 0.0488281250
3 0.6381835938 0.8261718750 0.0498046875 0.1679687500
1 0.9467773438 0.7250976562 0.0146484375 0.0205078125
1 0.9663085938 0.7182617188 0.0224609375 0.0439453125
1 0.9565429688 0.8364257812 0.0673828125 0.1357421875
