1 0.0244140625 0.0712890625 0.0488281250 0.1347656250
1 0.0878906250 0.0717773438 0.0664062500 0.1357421875
1 0.1611328125 0.0722656250 0.0683593750 0.1347656250
1 0.2812500000 0.1162109375 0.0214843750 0.0429687500
2 0.3847656250 0.0654296875 0.1503906250 0.1308593750
2 0.1201171875 0.3559570312 0.2402343750 0.4130859375
1 0.2890625000 0.2382812500 0.0683593750 0.1347656250
1 0.2690429688 0.3227539062 0.0419921875 0.0224609375
1 0.2690429688 0.3925781250 0.0419921875 0.0214843750
1 0.2880859375 0.4741210938 0.0683593750 0.1357421875
0 0.3999023438 0.1928710938 0.0419921875 0.0205078125
0 0.3999023438 0.2163085938 0.0419921875 0.0205078125
0 0.3999023438 0.2407226562 0.0419921875 0.0205078125
2 0.4375000000 0.3242187500 0.0625000000 0.0742187500
0 0.4550781250 0.3891601562 0.0214843750 0.0439453125
1 0.6328125000 0.2709960938 0.0644531250 0.0283203125
2 0.5859375000 0.4179687500 0.2070312500 0.2070312500
2 0.5004882812 0.5703125000 0.0654296875 0.0644531250
0 0.5659179688 0.5581054688 0.0439453125 0.0205078125
2 0.4321289062 0.6953125000 0.0361328125 0.0351562500
1 0.4252929688 0.6406250000 0.0224609375 0.0156250000
2 0.6064453125 0.6528320312 0.1367187500 0.1376953125
1 0.8627929688 0.3149414062 0.0927734375 0.0419921875
1 0.9643554688 0.3149414062 0.0712890625 0.0673828125
0 0.9003906250 0.3803710938 0.0410156250 0.0224609375
2 0.8886718750 0.4638671875 0.1152343750 0.1171875000
1 0.9711914062 0.4453125000 0.0205078125 0.0156250000
1 0.9887695312 0.4877929688 0.0107421875 0.0205078125
1 0.8076171875 0.4814453125 0.0214843750 0.0156250000
1 0.8090820312 0.4985351562 0.0205078125 0.0126953125
0 0.7905273438 0.5185546875 0.0419921875 0.0214843750
1 0.7641601562 0.5488281250 0.0439453125 0.0214843750
1 0.7944335938 0.5478515625 0.0126953125 0.0214843750
1 0.8120117188 0.5478515625 0.0146484375 0.0234375000
1 0.8554687500 0.5488281250 0.0625000000 0.0292968750
0 0.7485351562 0.6040039062 0.0205078125 0.0478515625
2 0.8247070312 0.6376953125 0.1103515625 0.1113281250
1 0.7197265625 0.6528320312 0.0644531250 0.0283203125
0 0.0541992188 0.8378906250 0.0439453125 0.0234375000
1 0.1293945312 0.6435546875 0.0673828125 0.1367187500
1 0.2016601562 0.6435546875 0.0693359375 0.1367187500
1 0.0356445312 0.6079101562 0.0146484375 0.0224609375
1 0.0156250000 0.6123046875 0.0195312500 0.0449218750
0 0.2675781250 0.9448242188 0.0429687500 0.0224609375
3 0.6196289062 0.8139648438 0.0634765625 0.0634765625
3 0.7543945312 0.8105468750 0.0673828125 0.0644531250
3 0.8940429688 0.9345703125 0.0634765625 0.0566406250
