1 0.0781250000 0.2675781250 0.0468750000 0.0234375000
0 0.1469726562 0.3139648438 0.0478515625 0.0205078125
1 0.2895507812 0.1420898438 0.0654296875 0.0302734375
1 0.3588867188 0.1884765625 0.0673828125 0.0292968750
0 0.6362304688 0.0610351562 0.0439453125 0.0244140625
0 0.6372070312 0.0937500000 0.0517578125 0.0175781250
1 0.7006835938 0.0849609375 0.0205078125 0.0449218750
1 0.7260742188 0.0849609375 0.0205078125 0.0449218750
1 0.7514648438 0.0849609375 0.0205078125 0.0449218750
1 0.7758789062 0.0859375000 0.0205078125 0.0449218750
1 0.8012695312 0.0839843750 0.0205078125 0.0449218750
1 0.8520507812 0.0839843750 0.0205078125 0.0449218750
1 0.8764648438 0.0839843750 0.0205078125 0.0449218750
1 0.9008789062 0.0839843750 0.0205078125 0.0449218750
1 0.9262695312 0.0830078125 0.0205078125 0.0449218750
1 0.9760742188 0.0830078125 0.0205078125 0.0449218750
3 0.1308593750 0.5166015625 0.2617187500 0.3632812500
0 0.3320312500 0.3139648438 0.0234375000 0.0458984375
1 0.3808593750 0.3041992188 0.0156250000 0.0244140625
1 0.3955078125 0.3037109375 0.0156250000 0.0253906250
1 0.4541015625 0.3046875000 0.0156250000 0.0234375000
1 0.4692382812 0.3037109375 0.0146484375 0.0234375000
1 0.5693359375 0.2983398438 0.0156250000 0.0263671875
1 0.3178710938 0.3642578125 0.0224609375 0.0136718750
1 0.3178710938 0.4208984375 0.0224609375 0.0156250000
1 0.3183593750 0.4423828125 0.0449218750 0.0234375000
1 0.4995117188 0.4306640625 0.0439453125 0.0234375000
1 0.5092773438 0.3930664062 0.0244140625 0.0185546875
0 0.4990234375 0.3310546875 0.0468750000 0.0234375000
0 0.3110351562 0.3945312500 0.0458984375 0.0214843750
1 0.3837890625 0.4970703125 0.0156250000 0.0234375000
1 0.4199218750 0.4970703125 0.0136718750 0.0234375000
1 0.4785156250 0.4809570312 0.0253906250 0.0185546875
1 0.3920898438 0.5805664062 0.0166015625 0.0244140625
1 0.4189453125 0.5815429688 0.0136718750 0.0263671875
1 0.4384765625 0.5883789062 0.0156250000 0.0244140625
1 0.5014648438 0.5561523438 0.0244140625 0.0166015625
1 0.7402343750 0.1430664062 0.0468750000 0.0205078125
1 0.7412109375 0.1689453125 0.0449218750 0.0214843750
1 0.7392578125 0.1933593750 0.0449218750 0.0214843750
1 0.7412109375 0.2197265625 0.0449218750 0.0214843750
1 0.7402343750 0.2441406250 0.0449218750 0.0214843750
1 0.7402343750 0.2695312500 0.0449218750 0.0214843750
1 0.7412109375 0.2939453125 0.0449218750 0.0214843750
1 0.6235351562 0.3081054688 0.0419921875 0.0986328125
1 0.7421875000 0.3691406250 0.0449218750 0.0214843750
1 0.7421875000 0.3945312500 0.0449218750 0.0214843750
1 0.7412109375 0.4199218750 0.0449218750 0.0214843750
1 0.7421875000 0.4443359375 0.0449218750 0.0214843750
1 0.7421875000 0.4697265625 0.0449218750 0.0214843750
1 0.7421875000 0.4941406250 0.0449218750 0.0214843750
1 0.7431640625 0.5195312500 0.0449218750 0.0214843750
0 0.5493164062 0.1464843750 0.0458984375 0.0234375000
1 0.9091796875 0.3310546875 0.0449218750 0.0214843750
1 0.9291992188 0.3764648438 0.0224609375 0.0439453125
1 0.9277343750 0.4233398438 0.0214843750 0.0458984375
1 0.9394531250 0.2465820312 0.0449218750 0.0224609375
1 0.9848632812 0.3701171875 0.0224609375 0.0468750000
1 0.9858398438 0.4155273438 0.0224609375 0.0458984375
0 0.9853515625 0.1469726562 0.0195312500 0.0458984375
0 0.9863281250 0.1943359375 0.0214843750 0.0429687500
0 0.1455078125 0.8583984375 0.0214843750 0.0488281250
0 0.2851562500 0.8564453125 0.0234375000 0.0449218750
0 0.2895507812 0.6010742188 0.0439453125 0.0224609375
0 0.2905273438 0.6254882812 0.0439453125 0.0224609375
0 0.4960937500 0.7963867188 0.0449218750 0.0205078125
0 0.4980468750 0.8247070312 0.0488281250 0.0224609375
2 0.5000000000 0.8613281250 0.0371093750 0.0410156250
0 0.4252929688 0.8569335938 0.0263671875 0.0458984375
0 0.4980468750 0.8994140625 0.0449218750 0.0273437500
2 0.5830078125 0.6201171875 0.0664062500 0.0722656250
1 0.8173828125 0.5810546875 0.0234375000 0.0449218750
1 0.8417968750 0.5810546875 0.0234375000 0.0449218750
1 0.8662109375 0.5810546875 0.0234375000 0.0449218750
1 0.8925781250 0.5820312500 0.0234375000 0.0449218750
1 0.9169921875 0.5820312500 0.0234375000 0.0449218750
1 0.9414062500 0.5810546875 0.0234375000 0.0449218750
1 0.9667968750 0.5810546875 0.0234375000 0.0449218750
1 0.9902343750 0.5800781250 0.0195312500 0.0449218750
1 0.9780273438 0.3305664062 0.0439453125 0.0244140625
