1 0.1577148438 0.1000976562 0.0244140625 0.0166015625
1 0.1938476562 0.1191406250 0.0126953125 0.0234375000
1 0.2578125000 0.0454101562 0.0156250000 0.0244140625
1 0.2753906250 0.0991210938 0.0214843750 0.0185546875
1 0.2758789062 0.1230468750 0.0244140625 0.0156250000
1 0.2353515625 0.1259765625 0.0234375000 0.0136718750
1 0.2065429688 0.1499023438 0.0224609375 0.0146484375
1 0.1674804688 0.1694335938 0.0244140625 0.0146484375
1 0.3247070312 0.1508789062 0.0263671875 0.0166015625
1 0.4331054688 0.0971679688 0.0244140625 0.0166015625
1 0.3935546875 0.0976562500 0.0234375000 0.0156250000
1 0.5117187500 0.0400390625 0.0156250000 0.0234375000
0 0.3334960938 0.0541992188 0.0205078125 0.0439453125
0 0.3579101562 0.0541992188 0.0205078125 0.0439453125
0 0.3837890625 0.0537109375 0.0214843750 0.0449218750
0 0.4082031250 0.0532226562 0.0214843750 0.0478515625
0 0.4321289062 0.0517578125 0.0205078125 0.0468750000
0 0.4575195312 0.0527343750 0.0205078125 0.0449218750
0 0.4838867188 0.0527343750 0.0244140625 0.0468750000
0 0.9111328125 0.0957031250 0.0234375000 0.0449218750
0 0.0126953125 0.1606445312 0.0253906250 0.0224609375
1 0.0131835938 0.2021484375 0.0263671875 0.0214843750
1 0.0126953125 0.2539062500 0.0253906250 0.0214843750
1 0.0131835938 0.3027343750 0.0263671875 0.0214843750
1 0.0131835938 0.3281250000 0.0263671875 0.0214843750
1 0.0136718750 0.3535156250 0.0273437500 0.0214843750
1 0.0141601562 0.4160156250 0.0283203125 0.0214843750
1 0.0131835938 0.4409179688 0.0263671875 0.0224609375
1 0.0131835938 0.4672851562 0.0263671875 0.0224609375
0 0.0126953125 0.2280273438 0.0253906250 0.0205078125
0 0.0126953125 0.2783203125 0.0253906250 0.0195312500
1 0.1357421875 0.2924804688 0.0156250000 0.0244140625
1 0.1865234375 0.2797851562 0.0175781250 0.0244140625
1 0.2260742188 0.2792968750 0.0166015625 0.0253906250
1 0.2900390625 0.2836914062 0.0175781250 0.0244140625
1 0.3247070312 0.2583007812 0.0263671875 0.0146484375
1 0.3764648438 0.3090820312 0.0263671875 0.0146484375
1 0.4155273438 0.3095703125 0.0263671875 0.0175781250
1 0.4360351562 0.3623046875 0.0244140625 0.0175781250
1 0.3959960938 0.3632812500 0.0283203125 0.0175781250
1 0.3247070312 0.3886718750 0.0244140625 0.0156250000
1 0.2973632812 0.4008789062 0.0263671875 0.0146484375
1 0.2377929688 0.3901367188 0.0263671875 0.0166015625
1 0.2099609375 0.4160156250 0.0253906250 0.0175781250
1 0.1962890625 0.3847656250 0.0136718750 0.0273437500
1 0.1601562500 0.3652343750 0.0253906250 0.0156250000
1 0.1699218750 0.4340820312 0.0253906250 0.0185546875
0 0.3159179688 0.2084960938 0.0478515625 0.0244140625
0 0.3476562500 0.3041992188 0.0234375000 0.0458984375
0 0.4785156250 0.5107421875 0.0234375000 0.0468750000
0 0.7607421875 0.3574218750 0.0214843750 0.0468750000
0 0.8203125000 0.2402343750 0.0468750000 0.0214843750
1 0.8916015625 0.2773437500 0.0273437500 0.0156250000
1 0.8989257812 0.3056640625 0.0478515625 0.0214843750
3 0.5000000000 0.8115234375 0.0488281250 0.1757812500
1 0.1386718750 0.5585937500 0.0156250000 0.0273437500
1 0.1811523438 0.5761718750 0.0244140625 0.0175781250
1 0.2343750000 0.5449218750 0.0156250000 0.0253906250
1 0.2934570312 0.5454101562 0.0166015625 0.0263671875
1 0.3276367188 0.5249023438 0.0244140625 0.0166015625
1 0.3730468750 0.5507812500 0.0234375000 0.0175781250
1 0.3974609375 0.5761718750 0.0234375000 0.0156250000
1 0.4365234375 0.5747070312 0.0253906250 0.0166015625
1 0.7534179688 0.5776367188 0.0146484375 0.0263671875
1 0.7841796875 0.5576171875 0.0468750000 0.0214843750
0 0.7626953125 0.6542968750 0.0214843750 0.0429687500
1 0.7739257812 0.8310546875 0.0244140625 0.0156250000
1 0.7851562500 0.8554687500 0.0507812500 0.0234375000
1 0.8666992188 0.9096679688 0.1435546875 0.0732421875
