1 0.0419921875 0.0722656250 0.0683593750 0.1347656250
1 0.1621093750 0.1162109375 0.0214843750 0.0429687500
2 0.2656250000 0.0654296875 0.1503906250 0.1308593750
1 0.1699218750 0.2382812500 0.0683593750 0.1347656250
1 0.1499023438 0.3227539062 0.0419921875 0.0224609375
1 0.1499023438 0.3925781250 0.0419921875 0.0214843750
1 0.1689453125 0.4741210938 0.0683593750 0.1357421875
0 0.2807617188 0.1928710938 0.0419921875 0.0205078125
0 0.2807617188 0.2163085938 0.0419921875 0.0205078125
0 0.2807617188 0.2407226562 0.0419921875 0.0205078125
2 0.3183593750 0.3242187500 0.0625000000 0.0742187500
0 0.3359375000 0.3891601562 0.0214843750 0.0439453125
1 0.5136718750 0.2709960938 0.0644531250 0.0283203125
2 0.4667968750 0.4179687500 0.2070312500 0.2070312500
2 0.3813476562 0.5703125000 0.0654296875 0.0644531250
0 0.4467773438 0.5581054688 0.0439453125 0.0205078125
2 0.3129882812 0.6953125000 0.0361328125 0.0351562500
1 0.3061523438 0.6406250000 0.0224609375 0.0156250000
2 0.4873046875 0.6528320312 0.1367187500 0.1376953125
1 0.7436523438 0.3149414062 0.0927734375 0.0419921875
1 0.8764648438 0.3149414062 0.1337890625 0.0673828125
0 0.7812500000 0.3803710938 0.0410156250 0.0224609375
2 0.7695312500 0.4638671875 0.1152343750 0.1171875000
1 0.8520507812 0.4453125000 0.0205078125 0.0156250000
1 0.8696289062 0.4877929688 0.0107421875 0.0205078125
3 0.9326171875 0.5903320312 0.1347656250 0.2490234375
1 0.6884765625 0.4814453125 0.0214843750 0.0156250000
1 0.6899414062 0.4985351562 0.0205078125 0.0126953125
0 0.6713867188 0.5185546875 0.0419921875 0.0214843750
1 0.6450195312 0.5488281250 0.0439453125 0.0214843750
1 0.6752929688 0.5478515625 0.0126953125 0.0214843750
1 0.6928710938 0.5478515625 0.0146484375 0.0234375000
1 0.7363281250 0.5488281250 0.0625000000 0.0292968750
0 0.6293945312 0.6040039062 0.0205078125 0.0478515625
2 0.7055664062 0.6376953125 0.1103515625 0.1113281250
1 0.6005859375 0.6528320312 0.0644531250 0.0283203125
0 0.9409179688 0.7416992188 0.0439453125 0.0205078125
1 0.0219726562 0.6435546875 0.0439453125 0.1367187500
1 0.0825195312 0.6435546875 0.0693359375 0.1367187500
0 0.1484375000 0.9448242188 0.0429687500 0.0224609375
3 0.5004882812 0.8139648438 0.0634765625 0.0634765625
3 0.6352539062 0.8105468750 0.0673828125 0.0644531250
3 0.7749023438 0.9345703125 0.0634765625 0.0566406250
