0 0.2304687500 0.0805664062 0.0429687500 0.0205078125
0 0.2421875000 0.1191406250 0.0214843750 0.0449218750
1 0.4736328125 0.0693359375 0.1386718750 0.0703125000
0 0.1850585938 0.1660156250 0.0205078125 0.0449218750
0 0.1850585938 0.2167968750 0.0205078125 0.0449218750
2 0.2680664062 0.2167968750 0.1025390625 0.1093750000
1 0.3603515625 0.1933593750 0.0390625000 0.0957031250
1 0.2094726562 0.2763671875 0.0439453125 0.0234375000
1 0.3090820312 0.3041992188 0.1005859375 0.0478515625
1 0.4526367188 0.2807617188 0.0263671875 0.0654296875
0 0.4799804688 0.1982421875 0.0205078125 0.0449218750
0 0.5073242188 0.1982421875 0.0205078125 0.0429687500
1 0.5346679688 0.1977539062 0.0205078125 0.0439453125
2 0.5004882812 0.2812500000 0.0517578125 0.0761718750
1 0.5507812500 0.2807617188 0.0312500000 0.0673828125
1 0.5854492188 0.2797851562 0.0224609375 0.0458984375
3 0.0698242188 0.4731445312 0.1318359375 0.3798828125
0 0.1860351562 0.5683593750 0.0224609375 0.0449218750
0 0.1855468750 0.6201171875 0.0214843750 0.0449218750
0 0.2163085938 0.5229492188 0.0224609375 0.0458984375
2 0.2666015625 0.6171875000 0.1015625000 0.1054687500
1 0.2050781250 0.6787109375 0.0449218750 0.0214843750
1 0.3618164062 0.5952148438 0.0400390625 0.0966796875
1 0.3125000000 0.7070312500 0.1015625000 0.0507812500
1 0.5170898438 0.3823242188 0.1357421875 0.0673828125
1 0.5170898438 0.4580078125 0.1357421875 0.0664062500
0 0.6308593750 0.3828125000 0.0214843750 0.0429687500
0 0.6552734375 0.3828125000 0.0214843750 0.0429687500
0 0.6787109375 0.3818359375 0.0214843750 0.0429687500
0 0.7021484375 0.3828125000 0.0214843750 0.0429687500
0 0.7275390625 0.3828125000 0.0214843750 0.0429687500
0 0.7519531250 0.3828125000 0.0214843750 0.0429687500
0 0.7753906250 0.3818359375 0.0214843750 0.0429687500
0 0.7998046875 0.3818359375 0.0214843750 0.0429687500
1 0.8251953125 0.3818359375 0.0195312500 0.0449218750
1 0.7568359375 0.1596679688 0.0683593750 0.1357421875
1 0.9042968750 0.0620117188 0.0429687500 0.0224609375
1 0.9375000000 0.1586914062 0.0703125000 0.1357421875
1 0.8486328125 0.3735351562 0.0136718750 0.0224609375
1 0.8496093750 0.4663085938 0.0136718750 0.0224609375
0 0.9609375000 0.3940429688 0.0468750000 0.0224609375
0 0.3129882812 0.8208007812 0.0205078125 0.0439453125
0 0.3144531250 0.8715820312 0.0214843750 0.0439453125
0 0.3657226562 0.7753906250 0.0224609375 0.0449218750
2 0.3901367188 0.8691406250 0.1044921875 0.1074218750
1 0.4824218750 0.8466796875 0.0390625000 0.0957031250
1 0.5986328125 0.9370117188 0.0429687500 0.0966796875
1 0.5991210938 0.8227539062 0.0439453125 0.0986328125
1 0.5971679688 0.5639648438 0.0400390625 0.0966796875
1 0.5981445312 0.6801757812 0.0419921875 0.0966796875
0 0.6308593750 0.4765625000 0.0195312500 0.0449218750
0 0.6552734375 0.4775390625 0.0195312500 0.0449218750
0 0.6796875000 0.4765625000 0.0195312500 0.0449218750
0 0.7041015625 0.4775390625 0.0195312500 0.0449218750
0 0.7285156250 0.4775390625 0.0195312500 0.0449218750
0 0.7529296875 0.4765625000 0.0195312500 0.0449218750
0 0.7763671875 0.4765625000 0.0195312500 0.0449218750
0 0.8017578125 0.4765625000 0.0195312500 0.0449218750
0 0.8261718750 0.4755859375 0.0195312500 0.0449218750
2 0.8129882812 0.6215820312 0.3427734375 0.2236328125
2 0.8120117188 0.8784179688 0.3427734375 0.2236328125
1 0.3349609375 0.9448242188 0.0429687500 0.0224609375
1 0.4316406250 0.9580078125 0.1015625000 0.0488281250
