0 0.2578125000 0.0122070312 0.0214843750 0.0244140625
0 0.2006835938 0.0488281250 0.0205078125 0.0449218750
0 0.2006835938 0.0996093750 0.0205078125 0.0449218750
2 0.2836914062 0.0996093750 0.1025390625 0.1093750000
1 0.3759765625 0.0761718750 0.0390625000 0.0957031250
1 0.2250976562 0.1591796875 0.0439453125 0.0234375000
1 0.3247070312 0.1870117188 0.1005859375 0.0478515625
1 0.4682617188 0.1635742188 0.0263671875 0.0654296875
0 0.4956054688 0.0810546875 0.0205078125 0.0449218750
0 0.5229492188 0.0810546875 0.0205078125 0.0429687500
1 0.5502929688 0.0805664062 0.0205078125 0.0439453125
2 0.5161132812 0.1640625000 0.0517578125 0.0761718750
1 0.5664062500 0.1635742188 0.0312500000 0.0673828125
1 0.6010742188 0.1625976562 0.0224609375 0.0458984375
3 0.0854492188 0.3559570312 0.1318359375 0.3798828125
0 0.2016601562 0.4511718750 0.0224609375 0.0449218750
0 0.2011718750 0.5029296875 0.0214843750 0.0449218750
0 0.2319335938 0.4057617188 0.0224609375 0.0458984375
2 0.2822265625 0.5000000000 0.1015625000 0.1054687500
1 0.2207031250 0.5615234375 0.0449218750 0.0214843750
1 0.3774414062 0.4780273438 0.0400390625 0.0966796875
1 0.3281250000 0.5898437500 0.1015625000 0.0507812500
1 0.5327148438 0.2651367188 0.1357421875 0.0673828125
1 0.5327148438 0.3408203125 0.1357421875 0.0664062500
0 0.6464843750 0.2656250000 0.0214843750 0.0429687500
0 0.6708984375 0.2656250000 0.0214843750 0.0429687500
0 0.6943359375 0.2646484375 0.0214843750 0.0429687500
0 0.7177734375 0.2656250000 0.0214843750 0.0429687500
0 0.7431640625 0.2656250000 0.0214843750 0.0429687500
0 0.7675781250 0.2656250000 0.0214843750 0.0429687500
0 0.7910156250 0.2646484375 0.0214843750 0.0429687500
0 0.8154296875 0.2646484375 0.0214843750 0.0429687500
1 0.8408203125 0.2646484375 0.0195312500 0.0449218750
1 0.7724609375 0.0551757812 0.0683593750 0.1103515625
1 0.9531250000 0.0546875000 0.0703125000 0.1093750000
1 0.8642578125 0.2563476562 0.0136718750 0.0224609375
1 0.8652343750 0.3491210938 0.0136718750 0.0224609375
0 0.9765625000 0.2768554688 0.0468750000 0.0224609375
0 0.3286132812 0.7036132812 0.0205078125 0.0439453125
0 0.3300781250 0.7543945312 0.0214843750 0.0439453125
0 0.3813476562 0.6582031250 0.0224609375 0.0449218750
2 0.4057617188 0.7519531250 0.1044921875 0.1074218750
1 0.4980468750 0.7294921875 0.0390625000 0.0957031250
1 0.6142578125 0.8198242188 0.0429687500 0.0966796875
1 0.6147460938 0.7055664062 0.0439453125 0.0986328125
1 0.6127929688 0.4467773438 0.0400390625 0.0966796875
1 0.6137695312 0.5629882812 0.0419921875 0.0966796875
0 0.6464843750 0.3593750000 0.0195312500 0.0449218750
0 0.6708984375 0.3603515625 0.0195312500 0.0449218750
0 0.6953125000 0.3593750000 0.0195312500 0.0449218750
0 0.7197265625 0.3603515625 0.0195312500 0.0449218750
0 0.7441406250 0.3603515625 0.0195312500 0.0449218750
0 0.7685546875 0.3593750000 0.0195312500 0.0449218750
0 0.7919921875 0.3593750000 0.0195312500 0.0449218750
0 0.8173828125 0.3593750000 0.0195312500 0.0449218750
0 0.8417968750 0.3583984375 0.0195312500 0.0449218750
2 0.8286132812 0.5043945312 0.3427734375 0.2236328125
2 0.8276367188 0.7612304688 0.3427734375 0.2236328125
1 0.3505859375 0.8276367188 0.0429687500 0.0224609375
0 0.3823242188 0.9443359375 0.0205078125 0.0449218750
0 0.3334960938 0.9843750000 0.0205078125 0.0312500000
1 0.4472656250 0.8408203125 0.1015625000 0.0488281250
1 0.9467773438 0.9897460938 0.0146484375 0.0205078125
1 0.9663085938 0.9804687500 0.0224609375 0.0390625000
