0 0.0585937500 0.5058593750 0.0429687500 0.0234375000
2 0.0585937500 0.4531250000 0.0625000000 0.0644531250
1 0.1303710938 0.4531250000 0.0673828125 0.1347656250
1 0.2031250000 0.4536132812 0.0664062500 0.1357421875
1 0.2763671875 0.4541015625 0.0683593750 0.1347656250
1 0.3964843750 0.4980468750 0.0214843750 0.0429687500
0 0.3798828125 0.0454101562 0.0429687500 0.0205078125
2 0.5000000000 0.4140625000 0.1503906250 0.1972656250
3 0.8095703125 0.1147460938 0.3808593750 0.1728515625
3 0.7871093750 0.4160156250 0.4257812500 0.4726562500
2 0.1777343750 0.7377929688 0.3554687500 0.4130859375
1 0.4042968750 0.6201171875 0.0683593750 0.1347656250
1 0.3842773438 0.7045898438 0.0419921875 0.0224609375
1 0.3842773438 0.7744140625 0.0419921875 0.0214843750
1 0.4033203125 0.8559570312 0.0683593750 0.1357421875
0 0.5151367188 0.5747070312 0.0419921875 0.0205078125
0 0.5151367188 0.5981445312 0.0419921875 0.0205078125
0 0.5151367188 0.6225585938 0.0419921875 0.0205078125
2 0.5527343750 0.7060546875 0.0625000000 0.0742187500
0 0.5703125000 0.7709960938 0.0214843750 0.0439453125
1 0.7480468750 0.6528320312 0.0644531250 0.0283203125
2 0.7011718750 0.7998046875 0.2070312500 0.2070312500
2 0.6157226562 0.9521484375 0.0654296875 0.0644531250
0 0.6811523438 0.9399414062 0.0439453125 0.0205078125
1 0.9658203125 0.6967773438 0.0683593750 0.0419921875
1 0.9228515625 0.8632812500 0.0214843750 0.0156250000
1 0.9243164062 0.8803710938 0.0205078125 0.0126953125
0 0.9057617188 0.9003906250 0.0419921875 0.0214843750
1 0.8793945312 0.9306640625 0.0439453125 0.0214843750
1 0.9096679688 0.9296875000 0.0126953125 0.0214843750
1 0.9272460938 0.9296875000 0.0146484375 0.0234375000
1 0.9697265625 0.9306640625 0.0605468750 0.0292968750
0 0.8637695312 0.9809570312 0.0205078125 0.0380859375
1 0.0527343750 0.9833984375 0.0292968750 0.0332031250
1 0.1508789062 0.9892578125 0.0146484375 0.0214843750
1 0.1308593750 0.9858398438 0.0195312500 0.0283203125
