0 0.0166015625 0.1240234375 0.0332031250 0.0234375000
2 0.0214843750 0.0712890625 0.0429687500 0.0644531250
1 0.0834960938 0.0712890625 0.0673828125 0.1347656250
1 0.1562500000 0.0717773438 0.0664062500 0.1357421875
1 0.2294921875 0.0722656250 0.0683593750 0.1347656250
1 0.3496093750 0.1162109375 0.0214843750 0.0429687500
2 0.4531250000 0.0654296875 0.1503906250 0.1308593750
2 0.1542968750 0.3559570312 0.3085937500 0.4130859375
1 0.3574218750 0.2382812500 0.0683593750 0.1347656250
1 0.3374023438 0.3227539062 0.0419921875 0.0224609375
1 0.3374023438 0.3925781250 0.0419921875 0.0214843750
1 0.3564453125 0.4741210938 0.0683593750 0.1357421875
0 0.4682617188 0.1928710938 0.0419921875 0.0205078125
0 0.4682617188 0.2163085938 0.0419921875 0.0205078125
0 0.4682617188 0.2407226562 0.0419921875 0.0205078125
2 0.5058593750 0.3242187500 0.0625000000 0.0742187500
0 0.5234375000 0.3891601562 0.0214843750 0.0439453125
1 0.7011718750 0.2709960938 0.0644531250 0.0283203125
2 0.6542968750 0.4179687500 0.2070312500 0.2070312500
2 0.5688476562 0.5703125000 0.0654296875 0.0644531250
0 0.6342773438 0.5581054688 0.0439453125 0.0205078125
2 0.5004882812 0.6953125000 0.0361328125 0.0351562500
1 0.4936523438 0.6406250000 0.0224609375 0.0156250000
2 0.6748046875 0.6528320312 0.1367187500 0.1376953125
1 0.9311523438 0.3149414062 0.0927734375 0.0419921875
0 0.9687500000 0.3803710938 0.0410156250 0.0224609375
2 0.9497070312 0.4638671875 0.1005859375 0.1171875000
1 0.8759765625 0.4814453125 0.0214843750 0.0156250000
1 0.8774414062 0.4985351562 0.0205078125 0.0126953125
0 0.8588867188 0.5185546875 0.0419921875 0.0214843750
1 0.8325195312 0.5488281250 0.0439453125 0.0214843750
1 0.8627929688 0.5478515625 0.0126953125 0.0214843750
1 0.8803710938 0.5478515625 0.0146484375 0.0234375000
1 0.9238281250 0.5488281250 0.0625000000 0.0292968750
0 0.8168945312 0.6040039062 0.0205078125 0.0478515625
2 0.8930664062 0.6376953125 0.1103515625 0.1113281250
1 0.7880859375 0.6528320312 0.0644531250 0.0283203125
1 0.0102539062 0.6181640625 0.0205078125 0.0664062500
0 0.1225585938 0.8378906250 0.0439453125 0.0234375000
1 0.1977539062 0.6435546875 0.0673828125 0.1367187500
1 0.2700195312 0.6435546875 0.0693359375 0.1367187500
1 0.1040039062 0.6079101562 0.0146484375 0.0224609375
1 0.0839843750 0.6123046875 0.0195312500 0.0449218750
0 0.3359375000 0.9448242188 0.0429687500 0.0224609375
3 0.6879882812 0.8139648438 0.0634765625 0.0634765625
3 0.8227539062 0.8105468750 0.0673828125 0.0644531250
3 0.9624023438 0.9345703125 0.0634765625 0.0566406250
