0 0.0053710938 0.5922851562 0.0107421875 0.0322265625
0 0.0249023438 0.5917968750 0.0146484375 0.0332031250
0 0.0458984375 0.5908203125 0.0136718750 0.0332031250
0 0.0673828125 0.5922851562 0.0156250000 0.0361328125
0 0.0883789062 0.5922851562 0.0146484375 0.0341796875
0 0.1108398438 0.5917968750 0.0166015625 0.0351562500
0 0.0058593750 0.2524414062 0.0117187500 0.0341796875
0 0.0249023438 0.2524414062 0.0146484375 0.0322265625
0 0.0468750000 0.2524414062 0.0136718750 0.0341796875
0 0.0688476562 0.2529296875 0.0146484375 0.0332031250
0 0.0903320312 0.2534179688 0.0146484375 0.0341796875
0 0.1118164062 0.2534179688 0.0146484375 0.0322265625
0 0.1259765625 0.2968750000 0.0312500000 0.0156250000
0 0.1274414062 0.3178710938 0.0322265625 0.0146484375
0 0.1250000000 0.3398437500 0.0312500000 0.0156250000
0 0.1254882812 0.3608398438 0.0322265625 0.0146484375
0 0.1269531250 0.3823242188 0.0312500000 0.0146484375
0 0.1254882812 0.4042968750 0.0302734375 0.0136718750
0 0.1264648438 0.4257812500 0.0302734375 0.0156250000
0 0.1264648438 0.4467773438 0.0302734375 0.0146484375
0 0.1259765625 0.4687500000 0.0312500000 0.0156250000
0 0.1264648438 0.4897460938 0.0302734375 0.0146484375
0 0.1259765625 0.5102539062 0.0332031250 0.0146484375
0 0.1259765625 0.5327148438 0.0332031250 0.0146484375
0 0.1254882812 0.5532226562 0.0322265625 0.0146484375
0 0.2153320312 0.3808593750 0.0302734375 0.0156250000
3 0.3129882812 0.4174804688 0.0458984375 0.0478515625
1 0.2749023438 0.4638671875 0.0478515625 0.0195312500
0 0.3237304688 0.4658203125 0.0322265625 0.0136718750
3 0.2192382812 0.5029296875 0.0439453125 0.0507812500
3 0.5004882812 0.5000000000 0.0517578125 0.0546875000
3 0.8754882812 0.4804687500 0.0791015625 0.0957031250
3 0.3159179688 0.6630859375 0.0556640625 0.0605468750
0 0.4560546875 0.6777343750 0.1113281250 0.0468750000
0 0.7407226562 0.6777343750 0.1025390625 0.0468750000
1 0.3930664062 0.8569335938 0.1962890625 0.0830078125
0 0.7680664062 0.8032226562 0.0322265625 0.0146484375
1 0.7128906250 0.8637695312 0.1933593750 0.0849609375
1 0.8901367188 0.8774414062 0.0595703125 0.0302734375
1 0.8393554688 0.9316406250 0.0595703125 0.0292968750
1 0.8388671875 0.9760742188 0.0527343750 0.0205078125
1 0.5908203125 0.9028320312 0.0332031250 0.0146484375
1 0.6069335938 0.9404296875 0.0458984375 0.0195312500
1 0.6054687500 0.9809570312 0.0468750000 0.0185546875
0 0.5449218750 0.9008789062 0.0507812500 0.0205078125
0 0.5913085938 0.9199218750 0.0341796875 0.0156250000
0 0.5913085938 0.9604492188 0.0302734375 0.0166015625
