1 0.0656738281 0.0939941406 0.0278320312 0.0102539062
1 0.0690917969 0.1123046875 0.0561523438 0.0244140625
1 0.0676269531 0.1328125000 0.0268554688 0.0107421875
0 0.0683593750 0.1518554688 0.0156250000 0.0087890625
0 0.0678710938 0.1752929688 0.0156250000 0.0068359375
1 0.0939941406 0.2189941406 0.1010742188 0.0434570312
1 0.0974121094 0.2785644531 0.0991210938 0.0444335938
1 0.3774414062 0.1892089844 0.0576171875 0.0249023438
1 0.3635253906 0.2084960938 0.0190429688 0.0097656250
1 0.3295898438 0.2482910156 0.0195312500 0.0083007812
1 0.3364257812 0.2888183594 0.0175781250 0.0102539062
1 0.3796386719 0.2885742188 0.0170898438 0.0087890625
1 0.4218750000 0.2893066406 0.0195312500 0.0092773438
1 0.4216308594 0.3256835938 0.0180664062 0.0097656250
1 0.3354492188 0.3259277344 0.0175781250 0.0092773438
1 0.3820800781 0.3081054688 0.0541992188 0.0234375000
1 0.3811035156 0.3256835938 0.0161132812 0.0087890625
1 0.4765625000 0.2385253906 0.0566406250 0.0239257812
0 0.4982910156 0.1884765625 0.0161132812 0.0097656250
1 0.4755859375 0.2685546875 0.0273437500 0.0117187500
1 0.3359375000 0.4104003906 0.0175781250 0.0083007812
1 0.3811035156 0.4104003906 0.0278320312 0.0112304688
1 0.4211425781 0.4104003906 0.0170898438 0.0092773438
1 0.3845214844 0.4416503906 0.0561523438 0.0229492188
1 0.5607910156 0.0166015625 0.0561523438 0.0244140625
1 0.6601562500 0.0388183594 0.0996093750 0.0415039062
0 0.6088867188 0.0705566406 0.0068359375 0.0170898438
0 0.6198730469 0.0698242188 0.0063476562 0.0175781250
1 0.6462402344 0.0700683594 0.0073242188 0.0180664062
1 0.6540527344 0.0700683594 0.0063476562 0.0170898438
0 0.6667480469 0.0700683594 0.0073242188 0.0161132812
0 0.6872558594 0.0703125000 0.0063476562 0.0166015625
0 0.6477050781 0.1608886719 0.0073242188 0.0180664062
0 0.6716308594 0.1601562500 0.0073242188 0.0175781250
0 0.6936035156 0.1604003906 0.0073242188 0.0180664062
0 0.7172851562 0.1599121094 0.0078125000 0.0190429688
1 0.9321289062 0.0312500000 0.0556640625 0.0234375000
1 0.9204101562 0.1813964844 0.0996093750 0.0424804688
1 0.9204101562 0.2519531250 0.0996093750 0.0429687500
0 0.9919433594 0.0278320312 0.0161132812 0.0078125000
0 0.9919433594 0.0385742188 0.0161132812 0.0068359375
0 0.9916992188 0.0495605469 0.0166015625 0.0073242188
0 0.9919433594 0.0603027344 0.0161132812 0.0073242188
0 0.9921875000 0.0715332031 0.0156250000 0.0073242188
0 0.9916992188 0.0827636719 0.0166015625 0.0073242188
0 0.9919433594 0.0932617188 0.0161132812 0.0068359375
0 0.9921875000 0.1040039062 0.0156250000 0.0078125000
0 0.9916992188 0.1152343750 0.0166015625 0.0068359375
0 0.9919433594 0.1262207031 0.0161132812 0.0073242188
0 0.9921875000 0.1374511719 0.0156250000 0.0063476562
0 0.9921875000 0.1484375000 0.0156250000 0.0068359375
0 0.9919433594 0.1589355469 0.0161132812 0.0073242188
1 0.9619140625 0.2890625000 0.0556640625 0.0234375000
1 0.9624023438 0.3161621094 0.0556640625 0.0239257812
1 0.9909667969 0.3513183594 0.0180664062 0.0102539062
1 0.9931640625 0.3620605469 0.0136718750 0.0073242188
1 0.9672851562 0.4843750000 0.0556640625 0.0244140625
1 0.9577636719 0.5292968750 0.0844726562 0.0439453125
1 0.9575195312 0.5842285156 0.0849609375 0.0434570312
3 0.7895507812 0.7834472656 0.1210937500 0.0620117188
