0 0.0200195312 0.2739257812 0.0146484375 0.0361328125
0 0.0415039062 0.2744140625 0.0146484375 0.0351562500
0 0.0634765625 0.2749023438 0.0156250000 0.0361328125
0 0.0844726562 0.2739257812 0.0166015625 0.0361328125
0 0.1123046875 0.0107421875 0.0332031250 0.0175781250
0 0.1113281250 0.0322265625 0.0332031250 0.0175781250
0 0.1113281250 0.0541992188 0.0332031250 0.0166015625
0 0.1108398438 0.0751953125 0.0322265625 0.0156250000
0 0.1118164062 0.0966796875 0.0322265625 0.0156250000
0 0.1113281250 0.1176757812 0.0332031250 0.0146484375
0 0.1113281250 0.1396484375 0.0332031250 0.0175781250
0 0.1118164062 0.1606445312 0.0341796875 0.0166015625
0 0.1108398438 0.1811523438 0.0322265625 0.0166015625
0 0.1108398438 0.2031250000 0.0341796875 0.0156250000
0 0.1103515625 0.2255859375 0.0332031250 0.0175781250
3 0.2875976562 0.0498046875 0.1396484375 0.0585937500
0 0.2426757812 0.0112304688 0.0341796875 0.0146484375
0 0.3432617188 0.0117187500 0.0341796875 0.0156250000
0 0.2421875000 0.1049804688 0.0312500000 0.0146484375
1 0.2963867188 0.1054687500 0.0498046875 0.0195312500
0 0.3500976562 0.1069335938 0.0302734375 0.0185546875
3 0.2856445312 0.1445312500 0.1396484375 0.0507812500
3 0.5131835938 0.2133789062 0.0556640625 0.0595703125
0 0.9501953125 0.0649414062 0.0332031250 0.0146484375
0 0.9501953125 0.0795898438 0.0332031250 0.0146484375
0 0.9477539062 0.2871093750 0.0341796875 0.0156250000
0 0.9472656250 0.3017578125 0.0351562500 0.0156250000
0 0.4267578125 0.6127929688 0.0351562500 0.0146484375
0 0.4272460938 0.6337890625 0.0341796875 0.0156250000
0 0.4267578125 0.6562500000 0.0332031250 0.0156250000
0 0.4262695312 0.6777343750 0.0341796875 0.0156250000
0 0.4262695312 0.6982421875 0.0341796875 0.0136718750
0 0.4262695312 0.7197265625 0.0341796875 0.0156250000
0 0.4272460938 0.7421875000 0.0322265625 0.0156250000
0 0.4267578125 0.7631835938 0.0332031250 0.0166015625
0 0.4257812500 0.7836914062 0.0332031250 0.0146484375
0 0.4252929688 0.8061523438 0.0322265625 0.0146484375
0 0.4262695312 0.8266601562 0.0322265625 0.0146484375
0 0.4252929688 0.8491210938 0.0322265625 0.0146484375
0 0.4252929688 0.8701171875 0.0361328125 0.0156250000
0 0.4243164062 0.8920898438 0.0341796875 0.0146484375
0 0.4248046875 0.9135742188 0.0351562500 0.0146484375
0 0.4643554688 0.9306640625 0.0146484375 0.0312500000
0 0.4848632812 0.9301757812 0.0146484375 0.0302734375
0 0.5068359375 0.9306640625 0.0156250000 0.0332031250
0 0.5278320312 0.9311523438 0.0146484375 0.0361328125
0 0.5488281250 0.9311523438 0.0156250000 0.0361328125
0 0.5708007812 0.9296875000 0.0166015625 0.0332031250
0 0.5922851562 0.9301757812 0.0146484375 0.0341796875
0 0.6137695312 0.9316406250 0.0146484375 0.0351562500
0 0.6352539062 0.9311523438 0.0146484375 0.0341796875
0 0.6567382812 0.9316406250 0.0166015625 0.0351562500
0 0.6772460938 0.9306640625 0.0146484375 0.0332031250
0 0.6997070312 0.9301757812 0.0146484375 0.0341796875
0 0.7207031250 0.9311523438 0.0156250000 0.0322265625
0 0.7426757812 0.9306640625 0.0146484375 0.0332031250
0 0.7636718750 0.9296875000 0.0136718750 0.0332031250
0 0.7851562500 0.9311523438 0.0156250000 0.0361328125
0 0.8061523438 0.9311523438 0.0146484375 0.0341796875
0 0.8286132812 0.9306640625 0.0166015625 0.0351562500
0 0.4643554688 0.5908203125 0.0146484375 0.0351562500
0 0.4858398438 0.5913085938 0.0166015625 0.0341796875
0 0.5073242188 0.5913085938 0.0166015625 0.0361328125
0 0.5288085938 0.5908203125 0.0146484375 0.0351562500
0 0.5498046875 0.5908203125 0.0136718750 0.0351562500
0 0.5722656250 0.5913085938 0.0136718750 0.0341796875
0 0.5927734375 0.5903320312 0.0136718750 0.0322265625
0 0.6147460938 0.5908203125 0.0146484375 0.0332031250
0 0.6367187500 0.5898437500 0.0156250000 0.0312500000
0 0.6577148438 0.5908203125 0.0146484375 0.0292968750
0 0.6782226562 0.5903320312 0.0166015625 0.0302734375
0 0.7006835938 0.5903320312 0.0146484375 0.0322265625
0 0.7216796875 0.5913085938 0.0156250000 0.0341796875
0 0.7426757812 0.5913085938 0.0146484375 0.0322265625
0 0.7646484375 0.5913085938 0.0136718750 0.0341796875
0 0.7866210938 0.5917968750 0.0146484375 0.0332031250
0 0.8081054688 0.5922851562 0.0146484375 0.0341796875
0 0.8295898438 0.5922851562 0.0146484375 0.0322265625
0 0.8437500000 0.6357421875 0.0312500000 0.0156250000
0 0.8452148438 0.6567382812 0.0322265625 0.0146484375
0 0.8427734375 0.6787109375 0.0312500000 0.0156250000
0 0.8432617188 0.6997070312 0.0322265625 0.0146484375
0 0.8447265625 0.7211914062 0.0312500000 0.0146484375
0 0.8432617188 0.7431640625 0.0302734375 0.0136718750
0 0.8442382812 0.7646484375 0.0302734375 0.0156250000
0 0.8442382812 0.7856445312 0.0302734375 0.0146484375
0 0.8437500000 0.8076171875 0.0312500000 0.0156250000
0 0.8442382812 0.8286132812 0.0302734375 0.0146484375
0 0.8437500000 0.8491210938 0.0332031250 0.0146484375
0 0.8437500000 0.8715820312 0.0332031250 0.0146484375
0 0.8432617188 0.8920898438 0.0322265625 0.0146484375
2 0.6386718750 0.7578125000 0.3007812500 0.2695312500
0 0.9331054688 0.7197265625 0.0302734375 0.0156250000
1 0.9843750000 0.8027343750 0.0312500000 0.0195312500
3 0.9370117188 0.8417968750 0.0439453125 0.0507812500
3 0.5000000000 0.5004882812 0.0566406250 0.0595703125
