0 0.4667968750 0.0385742188 0.0351562500 0.0146484375
0 0.4672851562 0.0595703125 0.0341796875 0.0156250000
0 0.4667968750 0.0820312500 0.0332031250 0.0156250000
0 0.4663085938 0.1035156250 0.0341796875 0.0156250000
0 0.4663085938 0.1240234375 0.0341796875 0.0136718750
0 0.4663085938 0.1455078125 0.0341796875 0.0156250000
0 0.4672851562 0.1679687500 0.0322265625 0.0156250000
0 0.4667968750 0.1889648438 0.0332031250 0.0166015625
0 0.4658203125 0.2094726562 0.0332031250 0.0146484375
0 0.4653320312 0.2319335938 0.0322265625 0.0146484375
0 0.4663085938 0.2524414062 0.0322265625 0.0146484375
0 0.4653320312 0.2749023438 0.0322265625 0.0146484375
0 0.4653320312 0.2958984375 0.0361328125 0.0156250000
0 0.4643554688 0.3178710938 0.0341796875 0.0146484375
0 0.4648437500 0.3393554688 0.0351562500 0.0146484375
0 0.5043945312 0.3564453125 0.0146484375 0.0312500000
0 0.5249023438 0.3559570312 0.0146484375 0.0302734375
0 0.5468750000 0.3564453125 0.0156250000 0.0332031250
0 0.5678710938 0.3569335938 0.0146484375 0.0361328125
0 0.5888671875 0.3569335938 0.0156250000 0.0361328125
0 0.6108398438 0.3554687500 0.0166015625 0.0332031250
0 0.6323242188 0.3559570312 0.0146484375 0.0341796875
0 0.6538085938 0.3574218750 0.0146484375 0.0351562500
0 0.6752929688 0.3569335938 0.0146484375 0.0341796875
0 0.6967773438 0.3574218750 0.0166015625 0.0351562500
0 0.7172851562 0.3564453125 0.0146484375 0.0332031250
0 0.7397460938 0.3559570312 0.0146484375 0.0341796875
0 0.7607421875 0.3569335938 0.0156250000 0.0322265625
0 0.7827148438 0.3564453125 0.0146484375 0.0332031250
0 0.8037109375 0.3554687500 0.0136718750 0.0332031250
0 0.8251953125 0.3569335938 0.0156250000 0.0361328125
0 0.8461914062 0.3569335938 0.0146484375 0.0341796875
0 0.8686523438 0.3564453125 0.0166015625 0.0351562500
0 0.5043945312 0.0170898438 0.0146484375 0.0341796875
0 0.5258789062 0.0170898438 0.0166015625 0.0341796875
0 0.5473632812 0.0175781250 0.0166015625 0.0351562500
0 0.5688476562 0.0170898438 0.0146484375 0.0341796875
0 0.5898437500 0.0170898438 0.0136718750 0.0341796875
0 0.6123046875 0.0170898438 0.0136718750 0.0341796875
0 0.6328125000 0.0161132812 0.0136718750 0.0322265625
0 0.6547851562 0.0166015625 0.0146484375 0.0332031250
0 0.6767578125 0.0156250000 0.0156250000 0.0312500000
0 0.6977539062 0.0166015625 0.0146484375 0.0292968750
0 0.7182617188 0.0161132812 0.0166015625 0.0302734375
0 0.7407226562 0.0161132812 0.0146484375 0.0322265625
0 0.7617187500 0.0170898438 0.0156250000 0.0341796875
0 0.7827148438 0.0170898438 0.0146484375 0.0322265625
0 0.8046875000 0.0170898438 0.0136718750 0.0341796875
0 0.8266601562 0.0175781250 0.0146484375 0.0332031250
0 0.8481445312 0.0180664062 0.0146484375 0.0341796875
0 0.8696289062 0.0180664062 0.0146484375 0.0322265625
0 0.8837890625 0.0615234375 0.0312500000 0.0156250000
0 0.8852539062 0.0825195312 0.0322265625 0.0146484375
0 0.8828125000 0.1044921875 0.0312500000 0.0156250000
0 0.8833007812 0.1254882812 0.0322265625 0.0146484375
0 0.8847656250 0.1469726562 0.0312500000 0.0146484375
0 0.8833007812 0.1689453125 0.0302734375 0.0136718750
0 0.8842773438 0.1904296875 0.0302734375 0.0156250000
0 0.8842773438 0.2114257812 0.0302734375 0.0146484375
0 0.8837890625 0.2333984375 0.0312500000 0.0156250000
0 0.8842773438 0.2543945312 0.0302734375 0.0146484375
0 0.8837890625 0.2749023438 0.0332031250 0.0146484375
0 0.8837890625 0.2973632812 0.0332031250 0.0146484375
0 0.8833007812 0.3178710938 0.0322265625 0.0146484375
2 0.6787109375 0.1835937500 0.3007812500 0.2695312500
0 0.9731445312 0.1455078125 0.0302734375 0.0156250000
3 0.9770507812 0.2675781250 0.0439453125 0.0507812500
1 0.0297851562 0.8608398438 0.0419921875 0.0927734375
1 0.0703125000 0.8608398438 0.0175781250 0.0537109375
0 0.2104492188 0.9375000000 0.0341796875 0.0156250000
3 0.3813476562 0.8715820312 0.0576171875 0.0498046875
3 0.5000000000 0.5004882812 0.0566406250 0.0556640625
3 0.8330078125 0.8676757812 0.0546875000 0.0595703125
