1 0.7084960938 0.0219726562 0.0361328125 0.0166015625
1 0.7001953125 0.0727539062 0.0527343750 0.0205078125
1 0.6015625000 0.0722656250 0.0546875000 0.0214843750
1 0.9204101562 0.1679687500 0.1123046875 0.0468750000
1 0.4287109375 0.0126953125 0.1093750000 0.0253906250
1 0.4379882812 0.0747070312 0.1962890625 0.0849609375
1 0.2851562500 0.0190429688 0.0527343750 0.0205078125
1 0.2856445312 0.0400390625 0.0517578125 0.0195312500
1 0.2875976562 0.0585937500 0.0341796875 0.0156250000
0 0.2895507812 0.0795898438 0.0615234375 0.0283203125
0 0.2905273438 0.1137695312 0.0595703125 0.0283203125
1 0.2910156250 0.1450195312 0.0527343750 0.0224609375
1 0.2924804688 0.1708984375 0.0537109375 0.0195312500
1 0.1704101562 0.0419921875 0.0322265625 0.0156250000
1 0.1694335938 0.0571289062 0.0322265625 0.0166015625
1 0.1884765625 0.0961914062 0.0312500000 0.0166015625
1 0.1704101562 0.1123046875 0.0341796875 0.0156250000
1 0.1176757812 0.1679687500 0.0341796875 0.0156250000
1 0.1152343750 0.0585937500 0.0351562500 0.0156250000
1 0.0454101562 0.1132812500 0.0380859375 0.0156250000
1 0.0454101562 0.1850585938 0.0341796875 0.0185546875
1 0.0629882812 0.2202148438 0.0341796875 0.0146484375
1 0.0639648438 0.2578125000 0.0361328125 0.0156250000
1 0.0629882812 0.2744140625 0.0361328125 0.0156250000
0 0.2065429688 0.2031250000 0.0302734375 0.0136718750
0 0.1704101562 0.2202148438 0.0341796875 0.0146484375
0 0.1708984375 0.2749023438 0.0351562500 0.0166015625
0 0.2070312500 0.2749023438 0.0371093750 0.0166015625
0 0.2275390625 0.2177734375 0.0312500000 0.0156250000
0 0.2285156250 0.2329101562 0.0312500000 0.0146484375
1 0.2075195312 0.2934570312 0.0322265625 0.0146484375
0 0.7744140625 0.1552734375 0.0156250000 0.0351562500
0 0.7519531250 0.1557617188 0.0156250000 0.0361328125
0 0.7309570312 0.1547851562 0.0146484375 0.0380859375
0 0.7089843750 0.1562500000 0.0156250000 0.0390625000
0 0.6865234375 0.1562500000 0.0156250000 0.0371093750
0 0.6650390625 0.1557617188 0.0156250000 0.0361328125
0 0.6445312500 0.1562500000 0.0136718750 0.0390625000
0 0.6215820312 0.1557617188 0.0146484375 0.0361328125
0 0.6010742188 0.1562500000 0.0146484375 0.0371093750
0 0.5786132812 0.1562500000 0.0146484375 0.0371093750
0 0.5576171875 0.1567382812 0.0136718750 0.0361328125
0 0.5351562500 0.1572265625 0.0156250000 0.0390625000
0 0.4033203125 0.1547851562 0.0136718750 0.0361328125
0 0.4267578125 0.1582031250 0.0136718750 0.0371093750
0 0.4487304688 0.1572265625 0.0146484375 0.0390625000
0 0.4687500000 0.1557617188 0.0156250000 0.0361328125
0 0.4912109375 0.1562500000 0.0156250000 0.0371093750
0 0.5131835938 0.1552734375 0.0146484375 0.0371093750
1 0.9042968750 0.2309570312 0.0527343750 0.0224609375
0 0.8061523438 0.2060546875 0.0322265625 0.0156250000
0 0.8061523438 0.2280273438 0.0322265625 0.0166015625
0 0.8061523438 0.2490234375 0.0302734375 0.0156250000
0 0.8071289062 0.2709960938 0.0322265625 0.0146484375
0 0.8071289062 0.2934570312 0.0322265625 0.0146484375
0 0.8076171875 0.3144531250 0.0332031250 0.0136718750
0 0.8071289062 0.3374023438 0.0322265625 0.0126953125
0 0.8076171875 0.3583984375 0.0312500000 0.0156250000
0 0.8081054688 0.3808593750 0.0322265625 0.0156250000
0 0.8076171875 0.4018554688 0.0332031250 0.0146484375
0 0.8081054688 0.4238281250 0.0322265625 0.0136718750
0 0.8066406250 0.4458007812 0.0312500000 0.0146484375
0 0.8071289062 0.4672851562 0.0341796875 0.0146484375
0 0.3745117188 0.1850585938 0.0322265625 0.0126953125
0 0.3740234375 0.2065429688 0.0312500000 0.0146484375
0 0.3745117188 0.2285156250 0.0341796875 0.0156250000
0 0.3740234375 0.2509765625 0.0351562500 0.0156250000
0 0.3750000000 0.2729492188 0.0332031250 0.0146484375
0 0.3754882812 0.2939453125 0.0341796875 0.0136718750
0 0.3745117188 0.3164062500 0.0322265625 0.0156250000
0 0.3759765625 0.3388671875 0.0332031250 0.0117187500
0 0.3759765625 0.3603515625 0.0332031250 0.0136718750
0 0.3764648438 0.3823242188 0.0322265625 0.0146484375
0 0.3759765625 0.4042968750 0.0332031250 0.0136718750
0 0.3750000000 0.4267578125 0.0332031250 0.0136718750
0 0.3764648438 0.4472656250 0.0341796875 0.0156250000
0 0.3750000000 0.4692382812 0.0312500000 0.0146484375
0 0.3759765625 0.4912109375 0.0332031250 0.0136718750
0 0.4072265625 0.5087890625 0.0136718750 0.0332031250
0 0.4282226562 0.5092773438 0.0146484375 0.0341796875
0 0.4492187500 0.5087890625 0.0136718750 0.0332031250
0 0.4721679688 0.5083007812 0.0146484375 0.0361328125
0 0.4936523438 0.5092773438 0.0185546875 0.0361328125
0 0.7763671875 0.5092773438 0.0136718750 0.0361328125
0 0.7548828125 0.5073242188 0.0136718750 0.0341796875
0 0.7324218750 0.5073242188 0.0156250000 0.0361328125
0 0.7114257812 0.5087890625 0.0166015625 0.0351562500
0 0.6894531250 0.5083007812 0.0156250000 0.0361328125
0 0.6679687500 0.5083007812 0.0136718750 0.0361328125
0 0.6464843750 0.5087890625 0.0136718750 0.0351562500
0 0.6235351562 0.5083007812 0.0146484375 0.0341796875
0 0.6025390625 0.5092773438 0.0136718750 0.0341796875
0 0.5795898438 0.5083007812 0.0146484375 0.0380859375
0 0.5922851562 0.5595703125 0.0537109375 0.0156250000
0 0.5595703125 0.5083007812 0.0156250000 0.0361328125
0 0.5371093750 0.5083007812 0.0156250000 0.0341796875
0 0.5151367188 0.5097656250 0.0146484375 0.0371093750
1 0.3515625000 0.5781250000 0.1113281250 0.0449218750
1 0.6054687500 0.2363281250 0.0136718750 0.0312500000
1 0.6230468750 0.2353515625 0.0136718750 0.0332031250
1 0.6591796875 0.2895507812 0.0136718750 0.0341796875
1 0.6772460938 0.2900390625 0.0126953125 0.0351562500
1 0.6357421875 0.3237304688 0.0507812500 0.0205078125
1 0.5957031250 0.2890625000 0.0214843750 0.0527343750
1 0.5644531250 0.3237304688 0.0507812500 0.0185546875
1 0.5961914062 0.3623046875 0.0224609375 0.0507812500
1 0.6245117188 0.3608398438 0.0146484375 0.0341796875
1 0.6420898438 0.3608398438 0.0146484375 0.0361328125
1 0.6606445312 0.3613281250 0.0126953125 0.0351562500
1 0.6782226562 0.3608398438 0.0146484375 0.0341796875
1 0.5336914062 0.2905273438 0.0126953125 0.0341796875
1 0.5512695312 0.2885742188 0.0126953125 0.0341796875
1 0.5351562500 0.3603515625 0.0136718750 0.0332031250
1 0.5532226562 0.3608398438 0.0126953125 0.0341796875
1 0.5703125000 0.3618164062 0.0136718750 0.0361328125
0 0.4565429688 0.4165039062 0.0107421875 0.0322265625
1 0.6044921875 0.4335937500 0.0136718750 0.0351562500
1 0.6245117188 0.4345703125 0.0126953125 0.0371093750
1 0.9033203125 0.4829101562 0.0527343750 0.0205078125
1 0.9028320312 0.5151367188 0.0537109375 0.0205078125
1 0.2944335938 0.3603515625 0.0537109375 0.0175781250
1 0.2949218750 0.3823242188 0.0527343750 0.0205078125
1 0.2944335938 0.4057617188 0.0517578125 0.0205078125
1 0.2954101562 0.4545898438 0.0517578125 0.0205078125
1 0.2885742188 0.5053710938 0.0341796875 0.0126953125
0 0.0029296875 0.1928710938 0.0058593750 0.0322265625
1 0.0634765625 0.3647460938 0.0351562500 0.0146484375
1 0.0639648438 0.3818359375 0.0322265625 0.0136718750
1 0.1992187500 0.3559570312 0.0136718750 0.0322265625
1 0.1450195312 0.4091796875 0.0126953125 0.0351562500
1 0.1186523438 0.4711914062 0.0341796875 0.0146484375
1 0.0283203125 0.4360351562 0.0292968750 0.0126953125
1 0.0288085938 0.4555664062 0.0322265625 0.0146484375
1 0.0048828125 0.4472656250 0.0097656250 0.0332031250
1 0.1733398438 0.5083007812 0.0322265625 0.0146484375
1 0.1733398438 0.5253906250 0.0322265625 0.0156250000
1 0.1738281250 0.5424804688 0.0332031250 0.0146484375
1 0.1752929688 0.5795898438 0.0341796875 0.0126953125
1 0.1552734375 0.5976562500 0.0332031250 0.0156250000
0 0.0566406250 0.4995117188 0.0136718750 0.0341796875
1 0.1782226562 0.8154296875 0.1982421875 0.0859375000
1 0.0288085938 0.7036132812 0.0126953125 0.0341796875
1 0.0605468750 0.7041015625 0.0195312500 0.0546875000
1 0.0942382812 0.7055664062 0.0205078125 0.0537109375
1 0.1914062500 0.7016601562 0.0195312500 0.0556640625
1 0.2207031250 0.6601562500 0.0195312500 0.0527343750
1 0.2626953125 0.6279296875 0.0175781250 0.0527343750
1 0.2705078125 0.7270507812 0.1093750000 0.0458984375
1 0.1801757812 0.8852539062 0.1103515625 0.0478515625
1 0.1772460938 0.9370117188 0.1123046875 0.0458984375
0 0.1254882812 0.7021484375 0.0302734375 0.0625000000
0 0.1601562500 0.7021484375 0.0292968750 0.0625000000
1 0.2866210938 0.5415039062 0.0322265625 0.0126953125
1 0.3779296875 0.6464843750 0.1972656250 0.0839843750
1 0.5917968750 0.6137695312 0.1953125000 0.0830078125
1 0.5927734375 0.7045898438 0.1992187500 0.0869140625
1 0.5898437500 0.7583007812 0.0351562500 0.0126953125
1 0.7690429688 0.6147460938 0.0537109375 0.0205078125
1 0.7695312500 0.6674804688 0.0546875000 0.0205078125
1 0.7597656250 0.7202148438 0.1113281250 0.0478515625
1 0.3886718750 0.6997070312 0.0527343750 0.0185546875
1 0.3876953125 0.7231445312 0.0527343750 0.0185546875
1 0.3950195312 0.7612304688 0.1103515625 0.0458984375
1 0.3857421875 0.8256835938 0.0546875000 0.0205078125
1 0.3940429688 0.8735351562 0.1103515625 0.0458984375
1 0.3925781250 0.9355468750 0.1093750000 0.0468750000
1 0.6113281250 0.9765625000 0.2011718750 0.0468750000
