1 0.7910156250 0.0131835938 0.1113281250 0.0263671875
1 0.0439453125 0.7163085938 0.0390625000 0.0185546875
1 0.0434570312 0.7890625000 0.0361328125 0.0195312500
1 0.1533203125 0.6147460938 0.1132812500 0.0478515625
0 0.1967773438 0.5146484375 0.0322265625 0.0195312500
1 0.1513671875 0.6748046875 0.0546875000 0.0234375000
1 0.0424804688 0.9584960938 0.0341796875 0.0185546875
0 0.0488281250 0.0644531250 0.0312500000 0.0175781250
1 0.2705078125 0.0092773438 0.0546875000 0.0185546875
1 0.2729492188 0.0727539062 0.0439453125 0.0947265625
1 0.3486328125 0.0312500000 0.0136718750 0.0332031250
1 0.3657226562 0.1020507812 0.0517578125 0.0205078125
1 0.3696289062 0.1308593750 0.0556640625 0.0234375000
1 0.3217773438 0.1708984375 0.1123046875 0.0488281250
1 0.4404296875 0.0473632812 0.0507812500 0.0224609375
1 0.5214843750 0.0297851562 0.0136718750 0.0322265625
0 0.5693359375 0.0239257812 0.0136718750 0.0341796875
1 0.6752929688 0.0507812500 0.0517578125 0.0234375000
1 0.5249023438 0.1166992188 0.1982421875 0.0869140625
1 0.5205078125 0.2153320312 0.1992187500 0.0830078125
0 0.4179687500 0.2788085938 0.0136718750 0.0341796875
0 0.4399414062 0.2773437500 0.0126953125 0.0351562500
1 0.4926757812 0.2778320312 0.0146484375 0.0361328125
1 0.5083007812 0.2778320312 0.0126953125 0.0341796875
0 0.5336914062 0.2778320312 0.0146484375 0.0322265625
0 0.5747070312 0.2783203125 0.0126953125 0.0332031250
0 0.4956054688 0.4594726562 0.0146484375 0.0361328125
0 0.5434570312 0.4580078125 0.0146484375 0.0351562500
0 0.5874023438 0.4584960938 0.0146484375 0.0361328125
0 0.6347656250 0.4575195312 0.0156250000 0.0380859375
