2 0.1396484375 0.4619140625 0.2675781250 0.3027343750
0 0.0190429688 0.6943359375 0.0146484375 0.0351562500
0 0.0410156250 0.6958007812 0.0156250000 0.0341796875
0 0.0620117188 0.6953125000 0.0146484375 0.0351562500
0 0.0825195312 0.6948242188 0.0146484375 0.0341796875
0 0.1044921875 0.6943359375 0.0156250000 0.0332031250
0 0.1269531250 0.6953125000 0.0156250000 0.0351562500
0 0.1474609375 0.6948242188 0.0156250000 0.0341796875
0 0.1689453125 0.6958007812 0.0156250000 0.0361328125
0 0.1909179688 0.6958007812 0.0166015625 0.0361328125
0 0.2114257812 0.6958007812 0.0126953125 0.0361328125
0 0.2329101562 0.6958007812 0.0146484375 0.0361328125
0 0.2543945312 0.6962890625 0.0146484375 0.0351562500
0 0.2763671875 0.6967773438 0.0156250000 0.0361328125
0 0.2973632812 0.6958007812 0.0166015625 0.0361328125
0 0.0312500000 0.2729492188 0.0156250000 0.0322265625
0 0.0522460938 0.2739257812 0.0166015625 0.0361328125
0 0.0732421875 0.2729492188 0.0156250000 0.0341796875
0 0.0952148438 0.2729492188 0.0166015625 0.0341796875
0 0.1171875000 0.2719726562 0.0156250000 0.0322265625
0 0.1386718750 0.2739257812 0.0156250000 0.0341796875
0 0.1596679688 0.2734375000 0.0166015625 0.0332031250
0 0.1811523438 0.2734375000 0.0146484375 0.0371093750
0 0.2026367188 0.2734375000 0.0166015625 0.0371093750
0 0.2236328125 0.2734375000 0.0156250000 0.0351562500
0 0.2451171875 0.2744140625 0.0156250000 0.0371093750
0 0.2666015625 0.2734375000 0.0136718750 0.0351562500
0 0.2875976562 0.2719726562 0.0166015625 0.0361328125
0 0.3237304688 0.2832031250 0.0322265625 0.0156250000
0 0.3237304688 0.3037109375 0.0322265625 0.0156250000
0 0.3256835938 0.3256835938 0.0341796875 0.0146484375
0 0.3247070312 0.3466796875 0.0322265625 0.0175781250
0 0.3256835938 0.3686523438 0.0322265625 0.0166015625
0 0.3242187500 0.3901367188 0.0351562500 0.0166015625
0 0.3242187500 0.4116210938 0.0312500000 0.0166015625
0 0.3251953125 0.4326171875 0.0332031250 0.0175781250
0 0.3242187500 0.4541015625 0.0332031250 0.0175781250
0 0.3242187500 0.4760742188 0.0332031250 0.0166015625
0 0.3237304688 0.4970703125 0.0322265625 0.0156250000
0 0.3247070312 0.5185546875 0.0322265625 0.0156250000
0 0.3242187500 0.5395507812 0.0332031250 0.0146484375
0 0.3242187500 0.5615234375 0.0332031250 0.0175781250
0 0.3247070312 0.5825195312 0.0341796875 0.0166015625
0 0.3237304688 0.6030273438 0.0322265625 0.0166015625
0 0.3237304688 0.6250000000 0.0341796875 0.0156250000
0 0.3232421875 0.6474609375 0.0332031250 0.0175781250
3 0.5004882812 0.4716796875 0.1396484375 0.0585937500
0 0.4555664062 0.4331054688 0.0341796875 0.0146484375
0 0.5561523438 0.4335937500 0.0341796875 0.0156250000
0 0.4550781250 0.5268554688 0.0312500000 0.0146484375
1 0.5092773438 0.5273437500 0.0498046875 0.0195312500
0 0.5629882812 0.5288085938 0.0302734375 0.0185546875
3 0.4985351562 0.5664062500 0.1396484375 0.0507812500
3 0.7260742188 0.6352539062 0.0556640625 0.0595703125
3 0.7128906250 0.9223632812 0.0566406250 0.0595703125
