3 0.0532226562 0.0424804688 0.0791015625 0.0849609375
3 0.3076171875 0.1923828125 0.1425781250 0.0507812500
2 0.5000000000 0.2661132812 0.1386718750 0.1201171875
2 0.5004882812 0.5000000000 0.1376953125 0.1230468750
3 0.2875976562 0.5815429688 0.0966796875 0.4111328125
3 0.4887695312 0.7524414062 0.0537109375 0.0576171875
1 0.0678710938 0.4340820312 0.0595703125 0.0302734375
1 0.0234375000 0.4882812500 0.0468750000 0.0292968750
1 0.0214843750 0.5327148438 0.0429687500 0.0205078125
1 0.0913085938 0.5703125000 0.0283203125 0.0605468750
1 0.0922851562 0.6557617188 0.0302734375 0.0615234375
1 0.0288085938 0.6459960938 0.0576171875 0.1923828125
