0 0.9360351562 0.0644531250 0.0361328125 0.0175781250
0 0.9365234375 0.1313476562 0.0332031250 0.0166015625
3 0.9492187500 0.2622070312 0.0527343750 0.0517578125
3 0.3657226562 0.4414062500 0.0791015625 0.0957031250
3 0.6201171875 0.5966796875 0.1425781250 0.0507812500
2 0.8125000000 0.6704101562 0.1386718750 0.1201171875
2 0.8129882812 0.9042968750 0.1376953125 0.1230468750
3 0.6000976562 0.8901367188 0.0966796875 0.2197265625
0 0.2309570312 0.6386718750 0.1025390625 0.0468750000
0 0.2583007812 0.7641601562 0.0322265625 0.0146484375
1 0.2031250000 0.8247070312 0.1933593750 0.0849609375
1 0.3803710938 0.8383789062 0.0595703125 0.0302734375
1 0.3295898438 0.8925781250 0.0595703125 0.0292968750
1 0.3291015625 0.9370117188 0.0527343750 0.0205078125
1 0.0810546875 0.8637695312 0.0332031250 0.0146484375
1 0.0971679688 0.9013671875 0.0458984375 0.0195312500
1 0.0957031250 0.9418945312 0.0468750000 0.0185546875
1 0.0947265625 0.9814453125 0.0527343750 0.0195312500
1 0.4038085938 0.9721679688 0.0283203125 0.0556640625
0 0.0351562500 0.8618164062 0.0507812500 0.0205078125
0 0.0815429688 0.8808593750 0.0341796875 0.0156250000
0 0.0815429688 0.9213867188 0.0302734375 0.0166015625
0 0.0825195312 0.9624023438 0.0322265625 0.0166015625
