0 0.5092773438 0.0039062500 0.0322265625 0.0078125000
3 0.0297851562 0.2792968750 0.0537109375 0.0605468750
3 0.0776367188 0.1132812500 0.1552734375 0.1640625000
3 0.2993164062 0.1132812500 0.1669921875 0.1699218750
1 0.0512695312 0.4077148438 0.1025390625 0.0908203125
1 0.0488281250 0.7944335938 0.0976562500 0.0869140625
3 0.5004882812 0.6430664062 0.0654296875 0.0595703125
0 0.3027343750 0.7963867188 0.0332031250 0.0166015625
0 0.3017578125 0.8120117188 0.0332031250 0.0146484375
1 0.9003906250 0.4091796875 0.1484375000 0.0683593750
1 0.8769531250 0.7182617188 0.0605468750 0.0302734375
1 0.8852539062 0.7924804688 0.1982421875 0.0869140625
3 0.9570312500 0.2822265625 0.0546875000 0.0546875000
3 0.7714843750 0.1499023438 0.4570312500 0.1005859375
