0 0.0278320312 0.5888671875 0.0146484375 0.0312500000
0 0.0483398438 0.5883789062 0.0146484375 0.0302734375
0 0.0703125000 0.5888671875 0.0156250000 0.0332031250
0 0.0913085938 0.5893554688 0.0146484375 0.0361328125
0 0.1123046875 0.5893554688 0.0156250000 0.0361328125
0 0.1342773438 0.5878906250 0.0166015625 0.0332031250
0 0.1557617188 0.5883789062 0.0146484375 0.0341796875
0 0.1772460938 0.5898437500 0.0146484375 0.0351562500
0 0.1987304688 0.5893554688 0.0146484375 0.0341796875
0 0.2202148438 0.5898437500 0.0166015625 0.0351562500
0 0.2407226562 0.5888671875 0.0146484375 0.0332031250
0 0.2631835938 0.5883789062 0.0146484375 0.0341796875
0 0.2841796875 0.5893554688 0.0156250000 0.0322265625
0 0.3061523438 0.5888671875 0.0146484375 0.0332031250
0 0.3271484375 0.5878906250 0.0136718750 0.0332031250
0 0.3486328125 0.5893554688 0.0156250000 0.0361328125
0 0.3696289062 0.5893554688 0.0146484375 0.0341796875
0 0.3920898438 0.5888671875 0.0166015625 0.0351562500
0 0.0278320312 0.2490234375 0.0146484375 0.0351562500
0 0.0493164062 0.2495117188 0.0166015625 0.0341796875
0 0.0708007812 0.2495117188 0.0166015625 0.0361328125
0 0.0922851562 0.2490234375 0.0146484375 0.0351562500
0 0.1132812500 0.2490234375 0.0136718750 0.0351562500
0 0.1357421875 0.2495117188 0.0136718750 0.0341796875
0 0.1562500000 0.2485351562 0.0136718750 0.0322265625
0 0.1782226562 0.2490234375 0.0146484375 0.0332031250
0 0.2001953125 0.2480468750 0.0156250000 0.0312500000
0 0.2211914062 0.2490234375 0.0146484375 0.0292968750
0 0.2416992188 0.2485351562 0.0166015625 0.0302734375
0 0.2641601562 0.2485351562 0.0146484375 0.0322265625
0 0.2851562500 0.2495117188 0.0156250000 0.0341796875
0 0.3061523438 0.2495117188 0.0146484375 0.0322265625
0 0.3281250000 0.2495117188 0.0136718750 0.0341796875
0 0.3500976562 0.2500000000 0.0146484375 0.0332031250
0 0.3715820312 0.2504882812 0.0146484375 0.0341796875
0 0.3930664062 0.2504882812 0.0146484375 0.0322265625
0 0.4072265625 0.2939453125 0.0312500000 0.0156250000
0 0.4086914062 0.3149414062 0.0322265625 0.0146484375
0 0.4062500000 0.3369140625 0.0312500000 0.0156250000
0 0.4067382812 0.3579101562 0.0322265625 0.0146484375
0 0.4082031250 0.3793945312 0.0312500000 0.0146484375
0 0.4067382812 0.4013671875 0.0302734375 0.0136718750
0 0.4077148438 0.4228515625 0.0302734375 0.0156250000
0 0.4077148438 0.4438476562 0.0302734375 0.0146484375
0 0.4072265625 0.4658203125 0.0312500000 0.0156250000
0 0.4077148438 0.4868164062 0.0302734375 0.0146484375
0 0.4072265625 0.5073242188 0.0332031250 0.0146484375
0 0.4072265625 0.5297851562 0.0332031250 0.0146484375
0 0.4067382812 0.5502929688 0.0322265625 0.0146484375
2 0.2021484375 0.4160156250 0.3007812500 0.2695312500
0 0.4965820312 0.3779296875 0.0302734375 0.0156250000
3 0.5942382812 0.4145507812 0.0458984375 0.0478515625
1 0.5561523438 0.4609375000 0.0478515625 0.0195312500
0 0.6049804688 0.4628906250 0.0322265625 0.0136718750
3 0.5004882812 0.5000000000 0.0439453125 0.0507812500
3 0.7817382812 0.4970703125 0.0517578125 0.0546875000
3 0.0258789062 0.7329101562 0.0517578125 0.0556640625
3 0.5971679688 0.6601562500 0.0556640625 0.0605468750
0 0.7373046875 0.6748046875 0.1113281250 0.0468750000
1 0.6743164062 0.8540039062 0.1962890625 0.0830078125
1 0.9487304688 0.8608398438 0.1025390625 0.0849609375
1 0.8720703125 0.8999023438 0.0332031250 0.0146484375
1 0.8881835938 0.9375000000 0.0458984375 0.0195312500
1 0.8867187500 0.9780273438 0.0468750000 0.0185546875
0 0.8261718750 0.8979492188 0.0507812500 0.0205078125
0 0.8725585938 0.9169921875 0.0341796875 0.0156250000
0 0.8725585938 0.9575195312 0.0302734375 0.0166015625
0 0.8735351562 0.9951171875 0.0322265625 0.0097656250
3 0.0634765625 0.1586914062 0.0566406250 0.0595703125
