0 0.0532226562 0.2434082031 0.0166015625 0.0073242188
0 0.0532226562 0.2507324219 0.0166015625 0.0073242188
3 0.3554687500 0.3562011719 0.4687500000 0.4165039062
0 0.0520019531 0.3544921875 0.0170898438 0.0078125000
0 0.0517578125 0.3618164062 0.0175781250 0.0078125000
3 0.6613769531 0.1704101562 0.0268554688 0.0273437500
3 0.7912597656 0.2561035156 0.0483398438 0.1821289062
3 0.9296875000 0.2841796875 0.0908203125 0.1347656250
3 0.8442382812 0.5288085938 0.0312500000 0.0292968750
0 0.6599121094 0.4321289062 0.0180664062 0.0087890625
0 0.6601562500 0.4655761719 0.0166015625 0.0083007812
3 0.6665039062 0.5310058594 0.0263671875 0.0258789062
0 0.0039062500 0.5288085938 0.0078125000 0.0078125000
0 0.0043945312 0.5393066406 0.0087890625 0.0073242188
0 0.0041503906 0.5715332031 0.0083007812 0.0073242188
0 0.0039062500 0.5932617188 0.0078125000 0.0078125000
0 0.0039062500 0.6037597656 0.0078125000 0.0073242188
0 0.0039062500 0.6147460938 0.0078125000 0.0078125000
0 0.0039062500 0.6252441406 0.0078125000 0.0073242188
0 0.0041503906 0.6354980469 0.0083007812 0.0073242188
0 0.0041503906 0.6467285156 0.0083007812 0.0073242188
0 0.0446777344 0.5708007812 0.0151367188 0.0078125000
3 0.0935058594 0.5891113281 0.0229492188 0.0239257812
1 0.0744628906 0.6123046875 0.0239257812 0.0097656250
0 0.0988769531 0.6132812500 0.0161132812 0.0068359375
3 0.0466308594 0.6318359375 0.0219726562 0.0253906250
3 0.1872558594 0.6303710938 0.0258789062 0.0273437500
3 0.3747558594 0.6206054688 0.0395507812 0.0478515625
3 0.5019531250 0.6982421875 0.0712890625 0.0253906250
2 0.5981445312 0.7351074219 0.0693359375 0.0600585938
2 0.5983886719 0.8520507812 0.0688476562 0.0615234375
3 0.4919433594 0.8928222656 0.0483398438 0.2055664062
3 0.5925292969 0.9782714844 0.0268554688 0.0288085938
3 0.0949707031 0.7119140625 0.0278320312 0.0302734375
0 0.1650390625 0.7192382812 0.0556640625 0.0234375000
0 0.3073730469 0.7192382812 0.0512695312 0.0234375000
1 0.1335449219 0.8088378906 0.0981445312 0.0415039062
0 0.3210449219 0.7819824219 0.0161132812 0.0073242188
1 0.2934570312 0.8122558594 0.0966796875 0.0424804688
1 0.3820800781 0.8190917969 0.0297851562 0.0151367188
1 0.3566894531 0.8461914062 0.0297851562 0.0146484375
1 0.3564453125 0.8684082031 0.0263671875 0.0102539062
1 0.2324218750 0.8317871094 0.0166015625 0.0073242188
1 0.2404785156 0.8505859375 0.0229492188 0.0097656250
1 0.2397460938 0.8708496094 0.0234375000 0.0092773438
1 0.2392578125 0.8906250000 0.0263671875 0.0097656250
1 0.3937988281 0.8872070312 0.0141601562 0.0302734375
1 0.3942871094 0.9299316406 0.0151367188 0.0307617188
1 0.3559570312 0.9250488281 0.0419921875 0.0961914062
2 0.2893066406 0.9064941406 0.0688476562 0.0893554688
0 0.2094726562 0.8308105469 0.0253906250 0.0102539062
0 0.2326660156 0.8403320312 0.0170898438 0.0078125000
0 0.2326660156 0.8605957031 0.0151367188 0.0083007812
0 0.2331542969 0.8811035156 0.0161132812 0.0083007812
1 0.2326660156 0.9938964844 0.0258789062 0.0112304688
