3 0.0961914062 0.0175781250 0.0537109375 0.0351562500
0 0.0913085938 0.2094726562 0.0322265625 0.0166015625
1 0.0454101562 0.2060546875 0.0517578125 0.0175781250
0 0.0083007812 0.2075195312 0.0166015625 0.0146484375
3 0.0541992188 0.2451171875 0.1083984375 0.0507812500
0 0.0097656250 0.2968750000 0.0195312500 0.0117187500
0 0.0932617188 0.2973632812 0.0322265625 0.0146484375
3 0.0839843750 0.3315429688 0.0488281250 0.0498046875
2 0.3427734375 0.2553710938 0.3046875000 0.2705078125
0 0.1528320312 0.1196289062 0.0322265625 0.0146484375
0 0.1528320312 0.1401367188 0.0341796875 0.0146484375
0 0.1518554688 0.1616210938 0.0302734375 0.0126953125
0 0.1523437500 0.1826171875 0.0312500000 0.0136718750
0 0.1518554688 0.2041015625 0.0322265625 0.0156250000
0 0.1523437500 0.2255859375 0.0312500000 0.0136718750
0 0.1523437500 0.2470703125 0.0332031250 0.0156250000
0 0.1518554688 0.2680664062 0.0322265625 0.0146484375
0 0.1503906250 0.2905273438 0.0312500000 0.0146484375
0 0.1513671875 0.3100585938 0.0332031250 0.0146484375
0 0.1518554688 0.3325195312 0.0322265625 0.0166015625
0 0.1513671875 0.3544921875 0.0332031250 0.0156250000
0 0.1518554688 0.3764648438 0.0322265625 0.0166015625
0 0.1674804688 0.4194335938 0.0146484375 0.0322265625
0 0.1889648438 0.4184570312 0.0146484375 0.0341796875
0 0.2099609375 0.4189453125 0.0136718750 0.0332031250
0 0.2319335938 0.4189453125 0.0146484375 0.0332031250
0 0.2529296875 0.4204101562 0.0136718750 0.0341796875
0 0.2753906250 0.4204101562 0.0136718750 0.0361328125
0 0.2958984375 0.4204101562 0.0156250000 0.0341796875
0 0.3178710938 0.4194335938 0.0146484375 0.0341796875
0 0.3383789062 0.4194335938 0.0146484375 0.0341796875
0 0.3603515625 0.4194335938 0.0136718750 0.0361328125
0 0.3823242188 0.4194335938 0.0146484375 0.0341796875
0 0.4023437500 0.4199218750 0.0156250000 0.0351562500
0 0.4252929688 0.4189453125 0.0146484375 0.0332031250
0 0.4462890625 0.4199218750 0.0156250000 0.0332031250
0 0.4677734375 0.4199218750 0.0136718750 0.0332031250
0 0.4897460938 0.4189453125 0.0146484375 0.0332031250
0 0.5107421875 0.4189453125 0.0136718750 0.0351562500
0 0.5312500000 0.4199218750 0.0136718750 0.0351562500
0 0.1694335938 0.0825195312 0.0146484375 0.0322265625
0 0.1904296875 0.0820312500 0.0156250000 0.0312500000
0 0.2114257812 0.0839843750 0.0146484375 0.0332031250
0 0.2329101562 0.0830078125 0.0146484375 0.0332031250
0 0.2539062500 0.0834960938 0.0136718750 0.0322265625
0 0.2763671875 0.0834960938 0.0156250000 0.0341796875
0 0.2978515625 0.0834960938 0.0136718750 0.0322265625
0 0.3183593750 0.0830078125 0.0156250000 0.0332031250
0 0.3398437500 0.0834960938 0.0156250000 0.0322265625
0 0.3623046875 0.0834960938 0.0156250000 0.0341796875
0 0.3828125000 0.0834960938 0.0156250000 0.0341796875
0 0.4042968750 0.0839843750 0.0136718750 0.0332031250
0 0.4262695312 0.0839843750 0.0166015625 0.0332031250
0 0.4472656250 0.0834960938 0.0156250000 0.0361328125
0 0.4687500000 0.0839843750 0.0156250000 0.0371093750
0 0.4892578125 0.0844726562 0.0136718750 0.0361328125
0 0.5107421875 0.0854492188 0.0156250000 0.0341796875
0 0.5327148438 0.0844726562 0.0146484375 0.0361328125
0 0.5683593750 0.0986328125 0.0351562500 0.0136718750
0 0.5693359375 0.1191406250 0.0351562500 0.0136718750
0 0.5678710938 0.1411132812 0.0322265625 0.0146484375
0 0.5683593750 0.1625976562 0.0332031250 0.0126953125
0 0.5688476562 0.1831054688 0.0322265625 0.0146484375
0 0.5683593750 0.2055664062 0.0332031250 0.0146484375
0 0.5678710938 0.2265625000 0.0322265625 0.0136718750
0 0.5673828125 0.2480468750 0.0312500000 0.0156250000
0 0.5673828125 0.2690429688 0.0351562500 0.0146484375
0 0.5683593750 0.2905273438 0.0332031250 0.0146484375
0 0.5683593750 0.3125000000 0.0332031250 0.0136718750
0 0.5678710938 0.3344726562 0.0322265625 0.0146484375
0 0.5678710938 0.3554687500 0.0322265625 0.0156250000
0 0.5673828125 0.3769531250 0.0312500000 0.0156250000
0 0.5668945312 0.3979492188 0.0341796875 0.0146484375
3 0.5004882812 0.5000000000 0.0576171875 0.0566406250
3 0.0708007812 0.7207031250 0.1416015625 0.5527343750
0 0.2050781250 0.6982421875 0.0332031250 0.0156250000
1 0.1967773438 0.8027343750 0.0498046875 0.0214843750
2 0.3300781250 0.7480468750 0.1445312500 0.1230468750
0 0.4511718750 0.7060546875 0.0332031250 0.0156250000
1 0.4516601562 0.7255859375 0.0517578125 0.0214843750
1 0.4506835938 0.7514648438 0.0517578125 0.0185546875
1 0.4516601562 0.7797851562 0.0517578125 0.0205078125
1 0.4511718750 0.8056640625 0.0507812500 0.0214843750
3 0.6909179688 0.9370117188 0.0576171875 0.0537109375
1 0.8554687500 0.9301757812 0.0136718750 0.0322265625
1 0.8876953125 0.9296875000 0.0410156250 0.0917968750
1 0.9208984375 0.9287109375 0.0214843750 0.0527343750
