3 0.5205078125 0.1113281250 0.1425781250 0.0507812500
2 0.7128906250 0.1850585938 0.1386718750 0.1201171875
2 0.7133789062 0.4189453125 0.1376953125 0.1230468750
3 0.5004882812 0.5004882812 0.0966796875 0.4111328125
3 0.7016601562 0.6713867188 0.0537109375 0.0576171875
0 0.1313476562 0.1533203125 0.1025390625 0.0468750000
0 0.1586914062 0.2788085938 0.0322265625 0.0146484375
1 0.1035156250 0.3393554688 0.1933593750 0.0849609375
1 0.2807617188 0.3530273438 0.0595703125 0.0302734375
1 0.2299804688 0.4072265625 0.0595703125 0.0292968750
1 0.2294921875 0.4516601562 0.0527343750 0.0205078125
1 0.3041992188 0.4892578125 0.0283203125 0.0605468750
1 0.3051757812 0.5747070312 0.0302734375 0.0615234375
1 0.2285156250 0.5649414062 0.0839843750 0.1923828125
2 0.0952148438 0.5278320312 0.1376953125 0.1787109375
3 0.0683593750 0.8876953125 0.0527343750 0.0585937500
