3 0.8745117188 0.0622558594 0.0263671875 0.0258789062
0 0.0183105469 0.2075195312 0.0073242188 0.0156250000
0 0.0285644531 0.2072753906 0.0073242188 0.0151367188
0 0.0395507812 0.2075195312 0.0078125000 0.0166015625
0 0.0500488281 0.2077636719 0.0073242188 0.0180664062
0 0.0605468750 0.2077636719 0.0078125000 0.0180664062
0 0.0715332031 0.2070312500 0.0083007812 0.0166015625
0 0.0822753906 0.2072753906 0.0073242188 0.0170898438
0 0.0930175781 0.2080078125 0.0073242188 0.0175781250
0 0.1037597656 0.2077636719 0.0073242188 0.0170898438
0 0.1145019531 0.2080078125 0.0083007812 0.0175781250
0 0.1247558594 0.2075195312 0.0073242188 0.0166015625
0 0.1359863281 0.2072753906 0.0073242188 0.0170898438
0 0.1464843750 0.2077636719 0.0078125000 0.0161132812
0 0.1574707031 0.2075195312 0.0073242188 0.0166015625
0 0.1679687500 0.2070312500 0.0068359375 0.0166015625
0 0.1787109375 0.2077636719 0.0078125000 0.0180664062
0 0.1892089844 0.2077636719 0.0073242188 0.0170898438
0 0.2004394531 0.2075195312 0.0083007812 0.0175781250
0 0.0183105469 0.0375976562 0.0073242188 0.0175781250
0 0.0290527344 0.0378417969 0.0083007812 0.0170898438
0 0.0397949219 0.0378417969 0.0083007812 0.0180664062
0 0.0505371094 0.0375976562 0.0073242188 0.0175781250
0 0.0610351562 0.0375976562 0.0068359375 0.0175781250
0 0.0722656250 0.0378417969 0.0068359375 0.0170898438
0 0.0825195312 0.0373535156 0.0068359375 0.0161132812
0 0.0935058594 0.0375976562 0.0073242188 0.0166015625
0 0.1044921875 0.0371093750 0.0078125000 0.0156250000
0 0.1149902344 0.0375976562 0.0073242188 0.0146484375
0 0.1252441406 0.0373535156 0.0083007812 0.0151367188
0 0.1364746094 0.0373535156 0.0073242188 0.0161132812
0 0.1469726562 0.0378417969 0.0078125000 0.0170898438
0 0.1574707031 0.0378417969 0.0073242188 0.0161132812
0 0.1684570312 0.0378417969 0.0068359375 0.0170898438
0 0.1794433594 0.0380859375 0.0073242188 0.0166015625
0 0.1901855469 0.0383300781 0.0073242188 0.0170898438
0 0.2009277344 0.0383300781 0.0073242188 0.0161132812
0 0.2080078125 0.0600585938 0.0156250000 0.0078125000
0 0.2087402344 0.0705566406 0.0161132812 0.0073242188
0 0.2075195312 0.0815429688 0.0156250000 0.0078125000
0 0.2077636719 0.0920410156 0.0161132812 0.0073242188
0 0.2084960938 0.1027832031 0.0156250000 0.0073242188
0 0.2077636719 0.1137695312 0.0151367188 0.0068359375
0 0.2082519531 0.1245117188 0.0151367188 0.0078125000
0 0.2082519531 0.1350097656 0.0151367188 0.0073242188
0 0.2080078125 0.1459960938 0.0156250000 0.0078125000
0 0.2082519531 0.1564941406 0.0151367188 0.0073242188
0 0.2080078125 0.1667480469 0.0166015625 0.0073242188
0 0.2080078125 0.1779785156 0.0166015625 0.0073242188
0 0.2077636719 0.1882324219 0.0161132812 0.0073242188
2 0.1054687500 0.1210937500 0.1503906250 0.1347656250
0 0.2526855469 0.1020507812 0.0151367188 0.0078125000
3 0.3015136719 0.1203613281 0.0229492188 0.0239257812
1 0.2824707031 0.1435546875 0.0239257812 0.0097656250
0 0.3068847656 0.1445312500 0.0161132812 0.0068359375
3 0.2546386719 0.1630859375 0.0219726562 0.0253906250
3 0.3952636719 0.1616210938 0.0258789062 0.0273437500
3 0.5827636719 0.1518554688 0.0395507812 0.0478515625
3 0.7099609375 0.2294921875 0.0712890625 0.0253906250
2 0.8061523438 0.2663574219 0.0693359375 0.0600585938
2 0.8063964844 0.3833007812 0.0688476562 0.0615234375
3 0.6999511719 0.4240722656 0.0483398438 0.2055664062
3 0.8005371094 0.5095214844 0.0268554688 0.0288085938
3 0.7141113281 0.6787109375 0.0258789062 0.2060546875
3 0.6408691406 0.7832031250 0.0307617188 0.0273437500
3 0.0161132812 0.2795410156 0.0283203125 0.0278320312
3 0.1826171875 0.4631347656 0.0273437500 0.0297851562
3 0.3029785156 0.2431640625 0.0278320312 0.0302734375
0 0.3730468750 0.2504882812 0.0556640625 0.0234375000
0 0.5153808594 0.2504882812 0.0512695312 0.0234375000
1 0.3415527344 0.3400878906 0.0981445312 0.0415039062
0 0.5290527344 0.3132324219 0.0161132812 0.0073242188
1 0.5014648438 0.3435058594 0.0966796875 0.0424804688
1 0.5900878906 0.3503417969 0.0297851562 0.0151367188
1 0.5646972656 0.3774414062 0.0297851562 0.0146484375
1 0.5644531250 0.3996582031 0.0263671875 0.0102539062
1 0.4404296875 0.3630371094 0.0166015625 0.0073242188
1 0.4484863281 0.3818359375 0.0229492188 0.0097656250
1 0.4477539062 0.4020996094 0.0234375000 0.0092773438
1 0.4472656250 0.4218750000 0.0263671875 0.0097656250
1 0.6018066406 0.4184570312 0.0141601562 0.0302734375
1 0.6022949219 0.4611816406 0.0151367188 0.0307617188
1 0.5639648438 0.4562988281 0.0419921875 0.0961914062
2 0.4973144531 0.4377441406 0.0688476562 0.0893554688
0 0.4174804688 0.3620605469 0.0253906250 0.0102539062
0 0.4406738281 0.3715820312 0.0170898438 0.0078125000
0 0.4406738281 0.3918457031 0.0151367188 0.0083007812
0 0.4411621094 0.4123535156 0.0161132812 0.0083007812
0 0.3549804688 0.5683593750 0.0556640625 0.0234375000
1 0.3576660156 0.5883789062 0.0258789062 0.0117187500
1 0.3540039062 0.6179199219 0.0966796875 0.0434570312
1 0.3569335938 0.6484375000 0.0253906250 0.0117187500
1 0.4406738281 0.5251464844 0.0258789062 0.0112304688
1 0.4345703125 0.6442871094 0.0253906250 0.0112304688
3 0.4838867188 0.6176757812 0.0263671875 0.0292968750
0 0.0959472656 0.9006347656 0.0170898438 0.0083007812
0 0.0966796875 0.9079589844 0.0166015625 0.0073242188
3 0.2080078125 0.8190917969 0.0273437500 0.0258789062
3 0.1291503906 0.5759277344 0.0678710938 0.0502929688
1 0.4086914062 0.7021484375 0.0751953125 0.0341796875
1 0.4003906250 0.8613281250 0.0302734375 0.0156250000
1 0.4028320312 0.8984375000 0.0966796875 0.0439453125
0 0.5544433594 0.8974609375 0.0161132812 0.0078125000
0 0.5544433594 0.9050292969 0.0161132812 0.0073242188
3 0.4384765625 0.5581054688 0.0664062500 0.0439453125
