0 0.9570312500 0.0190429688 0.0156250000 0.0361328125
0 0.9780273438 0.0175781250 0.0146484375 0.0351562500
0 0.9960937500 0.0190429688 0.0078125000 0.0341796875
0 0.2197265625 0.1479492188 0.0312500000 0.0146484375
0 0.2202148438 0.1616210938 0.0341796875 0.0146484375
3 0.1665039062 0.2631835938 0.0537109375 0.0537109375
0 0.4667968750 0.1479492188 0.0312500000 0.0146484375
0 0.4667968750 0.1616210938 0.0332031250 0.0146484375
0 0.1616210938 0.4643554688 0.0322265625 0.0166015625
1 0.1157226562 0.4609375000 0.0517578125 0.0175781250
0 0.0708007812 0.4624023438 0.0322265625 0.0146484375
3 0.1083984375 0.5000000000 0.1406250000 0.0507812500
0 0.0737304688 0.5517578125 0.0322265625 0.0117187500
0 0.1635742188 0.5522460938 0.0322265625 0.0146484375
3 0.1542968750 0.5864257812 0.0488281250 0.0498046875
2 0.4130859375 0.5102539062 0.3046875000 0.2705078125
0 0.2231445312 0.3745117188 0.0322265625 0.0146484375
0 0.2231445312 0.3950195312 0.0341796875 0.0146484375
0 0.2221679688 0.4165039062 0.0302734375 0.0126953125
0 0.2226562500 0.4375000000 0.0312500000 0.0136718750
0 0.2221679688 0.4589843750 0.0322265625 0.0156250000
0 0.2226562500 0.4804687500 0.0312500000 0.0136718750
0 0.2226562500 0.5019531250 0.0332031250 0.0156250000
0 0.2221679688 0.5229492188 0.0322265625 0.0146484375
0 0.2207031250 0.5454101562 0.0312500000 0.0146484375
0 0.2216796875 0.5649414062 0.0332031250 0.0146484375
0 0.2221679688 0.5874023438 0.0322265625 0.0166015625
0 0.2216796875 0.6093750000 0.0332031250 0.0156250000
0 0.2221679688 0.6313476562 0.0322265625 0.0166015625
0 0.2377929688 0.6743164062 0.0146484375 0.0322265625
0 0.2592773438 0.6733398438 0.0146484375 0.0341796875
0 0.2802734375 0.6738281250 0.0136718750 0.0332031250
0 0.3022460938 0.6738281250 0.0146484375 0.0332031250
0 0.3232421875 0.6752929688 0.0136718750 0.0341796875
0 0.3457031250 0.6752929688 0.0136718750 0.0361328125
0 0.3662109375 0.6752929688 0.0156250000 0.0341796875
0 0.3881835938 0.6743164062 0.0146484375 0.0341796875
0 0.4086914062 0.6743164062 0.0146484375 0.0341796875
0 0.4306640625 0.6743164062 0.0136718750 0.0361328125
0 0.4526367188 0.6743164062 0.0146484375 0.0341796875
0 0.4726562500 0.6748046875 0.0156250000 0.0351562500
0 0.4956054688 0.6738281250 0.0146484375 0.0332031250
0 0.5166015625 0.6748046875 0.0156250000 0.0332031250
0 0.5380859375 0.6748046875 0.0136718750 0.0332031250
0 0.5600585938 0.6738281250 0.0146484375 0.0332031250
0 0.5810546875 0.6738281250 0.0136718750 0.0351562500
0 0.6015625000 0.6748046875 0.0136718750 0.0351562500
0 0.2397460938 0.3374023438 0.0146484375 0.0322265625
0 0.2607421875 0.3369140625 0.0156250000 0.0312500000
0 0.2817382812 0.3388671875 0.0146484375 0.0332031250
0 0.3032226562 0.3378906250 0.0146484375 0.0332031250
0 0.3242187500 0.3383789062 0.0136718750 0.0322265625
0 0.3466796875 0.3383789062 0.0156250000 0.0341796875
0 0.3681640625 0.3383789062 0.0136718750 0.0322265625
0 0.3886718750 0.3378906250 0.0156250000 0.0332031250
0 0.4101562500 0.3383789062 0.0156250000 0.0322265625
0 0.4326171875 0.3383789062 0.0156250000 0.0341796875
0 0.4531250000 0.3383789062 0.0156250000 0.0341796875
0 0.4746093750 0.3388671875 0.0136718750 0.0332031250
0 0.4965820312 0.3388671875 0.0166015625 0.0332031250
0 0.5175781250 0.3383789062 0.0156250000 0.0361328125
0 0.5390625000 0.3388671875 0.0156250000 0.0371093750
0 0.5595703125 0.3393554688 0.0136718750 0.0361328125
0 0.5810546875 0.3403320312 0.0156250000 0.0341796875
0 0.6030273438 0.3393554688 0.0146484375 0.0361328125
0 0.6386718750 0.3535156250 0.0351562500 0.0136718750
0 0.6396484375 0.3740234375 0.0351562500 0.0136718750
0 0.6381835938 0.3959960938 0.0322265625 0.0146484375
0 0.6386718750 0.4174804688 0.0332031250 0.0126953125
0 0.6391601562 0.4379882812 0.0322265625 0.0146484375
0 0.6386718750 0.4604492188 0.0332031250 0.0146484375
0 0.6381835938 0.4814453125 0.0322265625 0.0136718750
0 0.6376953125 0.5029296875 0.0312500000 0.0156250000
0 0.6376953125 0.5239257812 0.0351562500 0.0146484375
0 0.6386718750 0.5454101562 0.0332031250 0.0146484375
0 0.6386718750 0.5673828125 0.0332031250 0.0136718750
0 0.6381835938 0.5893554688 0.0322265625 0.0146484375
0 0.6381835938 0.6103515625 0.0322265625 0.0156250000
0 0.6376953125 0.6318359375 0.0312500000 0.0156250000
0 0.6372070312 0.6528320312 0.0341796875 0.0146484375
3 0.5708007812 0.7548828125 0.0576171875 0.0566406250
3 0.1059570312 0.8496093750 0.2119140625 0.3007812500
0 0.2753906250 0.9531250000 0.0332031250 0.0156250000
0 0.5214843750 0.9609375000 0.0332031250 0.0156250000
1 0.5219726562 0.9804687500 0.0517578125 0.0214843750
