3 0.0427246094 0.3176269531 0.0278320312 0.0297851562
0 0.2612304688 0.2434082031 0.0166015625 0.0073242188
0 0.2612304688 0.2507324219 0.0166015625 0.0073242188
3 0.5634765625 0.3562011719 0.4687500000 0.4165039062
0 0.2600097656 0.3544921875 0.0170898438 0.0078125000
0 0.2597656250 0.3618164062 0.0175781250 0.0078125000
3 0.8693847656 0.1704101562 0.0268554688 0.0273437500
3 0.9875488281 0.2561035156 0.0249023438 0.1821289062
0 0.8679199219 0.4321289062 0.0180664062 0.0087890625
0 0.8681640625 0.4655761719 0.0166015625 0.0083007812
3 0.8745117188 0.5310058594 0.0263671875 0.0258789062
0 0.0183105469 0.6762695312 0.0073242188 0.0156250000
0 0.0285644531 0.6760253906 0.0073242188 0.0151367188
0 0.0395507812 0.6762695312 0.0078125000 0.0166015625
0 0.0500488281 0.6765136719 0.0073242188 0.0180664062
0 0.0605468750 0.6765136719 0.0078125000 0.0180664062
0 0.0715332031 0.6757812500 0.0083007812 0.0166015625
0 0.0822753906 0.6760253906 0.0073242188 0.0170898438
0 0.0930175781 0.6767578125 0.0073242188 0.0175781250
0 0.1037597656 0.6765136719 0.0073242188 0.0170898438
0 0.1145019531 0.6767578125 0.0083007812 0.0175781250
0 0.1247558594 0.6762695312 0.0073242188 0.0166015625
0 0.1359863281 0.6760253906 0.0073242188 0.0170898438
0 0.1464843750 0.6765136719 0.0078125000 0.0161132812
0 0.1574707031 0.6762695312 0.0073242188 0.0166015625
0 0.1679687500 0.6757812500 0.0068359375 0.0166015625
0 0.1787109375 0.6765136719 0.0078125000 0.0180664062
0 0.1892089844 0.6765136719 0.0073242188 0.0170898438
0 0.2004394531 0.6762695312 0.0083007812 0.0175781250
0 0.0183105469 0.5063476562 0.0073242188 0.0175781250
0 0.0290527344 0.5065917969 0.0083007812 0.0170898438
0 0.0397949219 0.5065917969 0.0083007812 0.0180664062
0 0.0505371094 0.5063476562 0.0073242188 0.0175781250
0 0.0610351562 0.5063476562 0.0068359375 0.0175781250
0 0.0722656250 0.5065917969 0.0068359375 0.0170898438
0 0.0825195312 0.5061035156 0.0068359375 0.0161132812
0 0.0935058594 0.5063476562 0.0073242188 0.0166015625
0 0.1044921875 0.5058593750 0.0078125000 0.0156250000
0 0.1149902344 0.5063476562 0.0073242188 0.0146484375
0 0.1252441406 0.5061035156 0.0083007812 0.0151367188
0 0.1364746094 0.5061035156 0.0073242188 0.0161132812
0 0.1469726562 0.5065917969 0.0078125000 0.0170898438
0 0.1574707031 0.5065917969 0.0073242188 0.0161132812
0 0.1684570312 0.5065917969 0.0068359375 0.0170898438
0 0.1794433594 0.5068359375 0.0073242188 0.0166015625
0 0.1901855469 0.5070800781 0.0073242188 0.0170898438
0 0.2009277344 0.5070800781 0.0073242188 0.0161132812
0 0.2080078125 0.5288085938 0.0156250000 0.0078125000
0 0.2087402344 0.5393066406 0.0161132812 0.0073242188
0 0.2075195312 0.5502929688 0.0156250000 0.0078125000
0 0.2077636719 0.5607910156 0.0161132812 0.0073242188
0 0.2084960938 0.5715332031 0.0156250000 0.0073242188
0 0.2077636719 0.5825195312 0.0151367188 0.0068359375
0 0.2082519531 0.5932617188 0.0151367188 0.0078125000
0 0.2082519531 0.6037597656 0.0151367188 0.0073242188
0 0.2080078125 0.6147460938 0.0156250000 0.0078125000
0 0.2082519531 0.6252441406 0.0151367188 0.0073242188
0 0.2080078125 0.6354980469 0.0166015625 0.0073242188
0 0.2080078125 0.6467285156 0.0166015625 0.0073242188
0 0.2077636719 0.6569824219 0.0161132812 0.0073242188
2 0.1054687500 0.5898437500 0.1503906250 0.1347656250
0 0.2526855469 0.5708007812 0.0151367188 0.0078125000
3 0.3015136719 0.5891113281 0.0229492188 0.0239257812
1 0.2824707031 0.6123046875 0.0239257812 0.0097656250
0 0.3068847656 0.6132812500 0.0161132812 0.0068359375
3 0.2546386719 0.6318359375 0.0219726562 0.0253906250
3 0.3952636719 0.6303710938 0.0258789062 0.0273437500
3 0.5827636719 0.6206054688 0.0395507812 0.0478515625
3 0.7099609375 0.6982421875 0.0712890625 0.0253906250
2 0.8061523438 0.7351074219 0.0693359375 0.0600585938
2 0.8063964844 0.8520507812 0.0688476562 0.0615234375
3 0.6999511719 0.8928222656 0.0483398438 0.2055664062
3 0.8005371094 0.9782714844 0.0268554688 0.0288085938
3 0.0161132812 0.7482910156 0.0283203125 0.0278320312
3 0.1826171875 0.9318847656 0.0273437500 0.0297851562
3 0.3029785156 0.7119140625 0.0278320312 0.0302734375
0 0.3730468750 0.7192382812 0.0556640625 0.0234375000
0 0.5153808594 0.7192382812 0.0512695312 0.0234375000
1 0.3415527344 0.8088378906 0.0981445312 0.0415039062
0 0.5290527344 0.7819824219 0.0161132812 0.0073242188
1 0.5014648438 0.8122558594 0.0966796875 0.0424804688
1 0.5900878906 0.8190917969 0.0297851562 0.0151367188
1 0.5646972656 0.8461914062 0.0297851562 0.0146484375
1 0.5644531250 0.8684082031 0.0263671875 0.0102539062
1 0.4404296875 0.8317871094 0.0166015625 0.0073242188
1 0.4484863281 0.8505859375 0.0229492188 0.0097656250
1 0.4477539062 0.8708496094 0.0234375000 0.0092773438
1 0.4472656250 0.8906250000 0.0263671875 0.0097656250
1 0.6018066406 0.8872070312 0.0141601562 0.0302734375
1 0.6022949219 0.9299316406 0.0151367188 0.0307617188
1 0.5639648438 0.9250488281 0.0419921875 0.0961914062
2 0.4973144531 0.9064941406 0.0688476562 0.0893554688
0 0.4174804688 0.8308105469 0.0253906250 0.0102539062
0 0.4406738281 0.8403320312 0.0170898438 0.0078125000
0 0.4406738281 0.8605957031 0.0151367188 0.0083007812
0 0.4411621094 0.8811035156 0.0161132812 0.0083007812
1 0.4406738281 0.9938964844 0.0258789062 0.0112304688
3 0.0361328125 0.4611816406 0.0283203125 0.0297851562
