3 0.3181152344 0.2707519531 0.0288085938 0.0268554688
2 0.5493164062 0.2309570312 0.1337890625 0.1513671875
0 0.4677734375 0.1416015625 0.0166015625 0.0068359375
0 0.4672851562 0.1523437500 0.0156250000 0.0068359375
0 0.4675292969 0.1625976562 0.0151367188 0.0068359375
0 0.4672851562 0.1733398438 0.0166015625 0.0068359375
0 0.4677734375 0.1838378906 0.0156250000 0.0073242188
0 0.4675292969 0.1948242188 0.0161132812 0.0068359375
0 0.4672851562 0.2053222656 0.0166015625 0.0073242188
0 0.4670410156 0.2160644531 0.0161132812 0.0073242188
0 0.4670410156 0.2270507812 0.0161132812 0.0078125000
0 0.4667968750 0.2377929688 0.0166015625 0.0068359375
0 0.4672851562 0.2480468750 0.0166015625 0.0068359375
0 0.4670410156 0.2585449219 0.0170898438 0.0083007812
0 0.4667968750 0.2692871094 0.0166015625 0.0073242188
0 0.4667968750 0.2802734375 0.0156250000 0.0068359375
0 0.4663085938 0.2905273438 0.0156250000 0.0068359375
0 0.4670410156 0.3017578125 0.0161132812 0.0078125000
0 0.4667968750 0.3122558594 0.0166015625 0.0073242188
0 0.4677734375 0.3227539062 0.0146484375 0.0078125000
0 0.4785156250 0.3479003906 0.0078125000 0.0180664062
0 0.4890136719 0.3471679688 0.0073242188 0.0175781250
0 0.5000000000 0.3479003906 0.0078125000 0.0170898438
0 0.5104980469 0.3476562500 0.0073242188 0.0175781250
0 0.5207519531 0.3474121094 0.0073242188 0.0170898438
0 0.5317382812 0.3471679688 0.0078125000 0.0166015625
0 0.5429687500 0.3476562500 0.0078125000 0.0175781250
0 0.5532226562 0.3474121094 0.0078125000 0.0170898438
0 0.5639648438 0.3479003906 0.0078125000 0.0180664062
0 0.5749511719 0.3479003906 0.0083007812 0.0180664062
0 0.5852050781 0.3479003906 0.0063476562 0.0180664062
0 0.5959472656 0.3479003906 0.0073242188 0.0180664062
0 0.6066894531 0.3481445312 0.0073242188 0.0175781250
0 0.6176757812 0.3483886719 0.0078125000 0.0180664062
0 0.6281738281 0.3479003906 0.0083007812 0.0180664062
0 0.4951171875 0.1364746094 0.0078125000 0.0161132812
0 0.5056152344 0.1369628906 0.0083007812 0.0180664062
0 0.5161132812 0.1364746094 0.0078125000 0.0170898438
0 0.5270996094 0.1364746094 0.0083007812 0.0170898438
0 0.5380859375 0.1359863281 0.0078125000 0.0161132812
0 0.5488281250 0.1369628906 0.0078125000 0.0170898438
0 0.5593261719 0.1367187500 0.0083007812 0.0166015625
0 0.5700683594 0.1367187500 0.0073242188 0.0185546875
0 0.5808105469 0.1367187500 0.0083007812 0.0185546875
0 0.5913085938 0.1367187500 0.0078125000 0.0175781250
0 0.6020507812 0.1372070312 0.0078125000 0.0185546875
0 0.6127929688 0.1367187500 0.0068359375 0.0175781250
0 0.6232910156 0.1359863281 0.0083007812 0.0180664062
0 0.6413574219 0.1416015625 0.0161132812 0.0078125000
0 0.6413574219 0.1518554688 0.0161132812 0.0078125000
0 0.6423339844 0.1628417969 0.0170898438 0.0073242188
0 0.6418457031 0.1733398438 0.0161132812 0.0087890625
0 0.6423339844 0.1843261719 0.0161132812 0.0083007812
0 0.6416015625 0.1950683594 0.0175781250 0.0083007812
0 0.6416015625 0.2058105469 0.0156250000 0.0083007812
0 0.6420898438 0.2163085938 0.0166015625 0.0087890625
0 0.6416015625 0.2270507812 0.0166015625 0.0087890625
0 0.6416015625 0.2380371094 0.0166015625 0.0083007812
0 0.6413574219 0.2485351562 0.0161132812 0.0078125000
0 0.6418457031 0.2592773438 0.0161132812 0.0078125000
0 0.6416015625 0.2697753906 0.0166015625 0.0073242188
0 0.6416015625 0.2807617188 0.0166015625 0.0087890625
0 0.6418457031 0.2912597656 0.0170898438 0.0083007812
0 0.6413574219 0.3015136719 0.0161132812 0.0083007812
0 0.6413574219 0.3125000000 0.0170898438 0.0078125000
0 0.6411132812 0.3237304688 0.0166015625 0.0087890625
3 0.7297363281 0.2358398438 0.0698242188 0.0292968750
0 0.7072753906 0.2165527344 0.0170898438 0.0073242188
0 0.7575683594 0.2167968750 0.0170898438 0.0078125000
0 0.7070312500 0.2634277344 0.0156250000 0.0073242188
1 0.7341308594 0.2636718750 0.0249023438 0.0097656250
0 0.7609863281 0.2644042969 0.0151367188 0.0092773438
3 0.7287597656 0.2832031250 0.0698242188 0.0253906250
3 0.8425292969 0.3176269531 0.0278320312 0.0297851562
0 0.1098632812 0.4123535156 0.0156250000 0.0073242188
0 0.1101074219 0.4191894531 0.0170898438 0.0073242188
3 0.0832519531 0.4699707031 0.0268554688 0.0268554688
0 0.2333984375 0.4123535156 0.0156250000 0.0073242188
0 0.2333984375 0.4191894531 0.0166015625 0.0073242188
2 0.5524902344 0.5869140625 0.3139648438 0.3134765625
0 0.0808105469 0.5705566406 0.0161132812 0.0083007812
1 0.0578613281 0.5688476562 0.0258789062 0.0087890625
0 0.0354003906 0.5695800781 0.0161132812 0.0073242188
3 0.0541992188 0.5883789062 0.0703125000 0.0253906250
0 0.0368652344 0.6142578125 0.0161132812 0.0058593750
0 0.0817871094 0.6145019531 0.0161132812 0.0073242188
3 0.0771484375 0.6315917969 0.0244140625 0.0249023438
2 0.2065429688 0.5935058594 0.1523437500 0.1352539062
0 0.1115722656 0.5256347656 0.0161132812 0.0073242188
0 0.1115722656 0.5358886719 0.0170898438 0.0073242188
0 0.1110839844 0.5466308594 0.0151367188 0.0063476562
0 0.1113281250 0.5571289062 0.0156250000 0.0068359375
0 0.1110839844 0.5678710938 0.0161132812 0.0078125000
0 0.1113281250 0.5786132812 0.0156250000 0.0068359375
0 0.1113281250 0.5893554688 0.0166015625 0.0078125000
0 0.1110839844 0.5998535156 0.0161132812 0.0073242188
0 0.1103515625 0.6110839844 0.0156250000 0.0073242188
0 0.1108398438 0.6208496094 0.0166015625 0.0073242188
0 0.1110839844 0.6320800781 0.0161132812 0.0083007812
0 0.1108398438 0.6430664062 0.0166015625 0.0078125000
0 0.1110839844 0.6540527344 0.0161132812 0.0083007812
0 0.1188964844 0.6755371094 0.0073242188 0.0161132812
0 0.1296386719 0.6750488281 0.0073242188 0.0170898438
0 0.1401367188 0.6752929688 0.0068359375 0.0166015625
0 0.1511230469 0.6752929688 0.0073242188 0.0166015625
0 0.1616210938 0.6760253906 0.0068359375 0.0170898438
0 0.1728515625 0.6760253906 0.0068359375 0.0180664062
0 0.1831054688 0.6760253906 0.0078125000 0.0170898438
0 0.1940917969 0.6755371094 0.0073242188 0.0170898438
0 0.2043457031 0.6755371094 0.0073242188 0.0170898438
0 0.2153320312 0.6755371094 0.0068359375 0.0180664062
0 0.2263183594 0.6755371094 0.0073242188 0.0170898438
0 0.2363281250 0.6757812500 0.0078125000 0.0175781250
0 0.2478027344 0.6752929688 0.0073242188 0.0166015625
0 0.2583007812 0.6757812500 0.0078125000 0.0166015625
0 0.2690429688 0.6757812500 0.0068359375 0.0166015625
0 0.2800292969 0.6752929688 0.0073242188 0.0166015625
0 0.2905273438 0.6752929688 0.0068359375 0.0175781250
0 0.3007812500 0.6757812500 0.0068359375 0.0175781250
0 0.1198730469 0.5070800781 0.0073242188 0.0161132812
0 0.1303710938 0.5068359375 0.0078125000 0.0156250000
0 0.1408691406 0.5078125000 0.0073242188 0.0166015625
0 0.1516113281 0.5073242188 0.0073242188 0.0166015625
0 0.1621093750 0.5075683594 0.0068359375 0.0161132812
0 0.1733398438 0.5075683594 0.0078125000 0.0170898438
0 0.1840820312 0.5075683594 0.0068359375 0.0161132812
0 0.1943359375 0.5073242188 0.0078125000 0.0166015625
0 0.2050781250 0.5075683594 0.0078125000 0.0161132812
0 0.2163085938 0.5075683594 0.0078125000 0.0170898438
0 0.2265625000 0.5075683594 0.0078125000 0.0170898438
0 0.2373046875 0.5078125000 0.0068359375 0.0166015625
0 0.2482910156 0.5078125000 0.0083007812 0.0166015625
0 0.2587890625 0.5075683594 0.0078125000 0.0180664062
0 0.2695312500 0.5078125000 0.0078125000 0.0185546875
0 0.2797851562 0.5080566406 0.0068359375 0.0180664062
0 0.2905273438 0.5085449219 0.0078125000 0.0170898438
0 0.3015136719 0.5080566406 0.0073242188 0.0180664062
0 0.3193359375 0.5151367188 0.0175781250 0.0068359375
0 0.3198242188 0.5253906250 0.0175781250 0.0068359375
0 0.3190917969 0.5363769531 0.0161132812 0.0073242188
0 0.3193359375 0.5471191406 0.0166015625 0.0063476562
0 0.3195800781 0.5573730469 0.0161132812 0.0073242188
0 0.3193359375 0.5686035156 0.0166015625 0.0073242188
0 0.3190917969 0.5791015625 0.0161132812 0.0068359375
0 0.3188476562 0.5898437500 0.0156250000 0.0078125000
0 0.3188476562 0.6003417969 0.0175781250 0.0073242188
0 0.3193359375 0.6110839844 0.0166015625 0.0073242188
0 0.3193359375 0.6220703125 0.0166015625 0.0068359375
0 0.3190917969 0.6330566406 0.0161132812 0.0073242188
0 0.3190917969 0.6435546875 0.0161132812 0.0078125000
0 0.3188476562 0.6542968750 0.0156250000 0.0078125000
0 0.3186035156 0.6647949219 0.0170898438 0.0073242188
3 0.2854003906 0.7158203125 0.0288085938 0.0283203125
0 0.7993164062 0.5173339844 0.0175781250 0.0073242188
0 0.7995605469 0.5278320312 0.0170898438 0.0078125000
0 0.7993164062 0.5390625000 0.0166015625 0.0078125000
0 0.7990722656 0.5498046875 0.0170898438 0.0078125000
0 0.7990722656 0.5600585938 0.0170898438 0.0068359375
0 0.7990722656 0.5708007812 0.0170898438 0.0078125000
0 0.7995605469 0.5820312500 0.0161132812 0.0078125000
0 0.7993164062 0.5925292969 0.0166015625 0.0083007812
0 0.7988281250 0.6027832031 0.0166015625 0.0073242188
0 0.7985839844 0.6140136719 0.0161132812 0.0073242188
0 0.7990722656 0.6242675781 0.0161132812 0.0073242188
0 0.7985839844 0.6354980469 0.0161132812 0.0073242188
0 0.7985839844 0.6459960938 0.0180664062 0.0078125000
0 0.7980957031 0.6569824219 0.0170898438 0.0073242188
0 0.7983398438 0.6677246094 0.0175781250 0.0073242188
0 0.8181152344 0.6762695312 0.0073242188 0.0156250000
0 0.8283691406 0.6760253906 0.0073242188 0.0151367188
0 0.8393554688 0.6762695312 0.0078125000 0.0166015625
0 0.8498535156 0.6765136719 0.0073242188 0.0180664062
0 0.8603515625 0.6765136719 0.0078125000 0.0180664062
0 0.8713378906 0.6757812500 0.0083007812 0.0166015625
0 0.8820800781 0.6760253906 0.0073242188 0.0170898438
0 0.8928222656 0.6767578125 0.0073242188 0.0175781250
0 0.9035644531 0.6765136719 0.0073242188 0.0170898438
0 0.9143066406 0.6767578125 0.0083007812 0.0175781250
0 0.9245605469 0.6762695312 0.0073242188 0.0166015625
0 0.9357910156 0.6760253906 0.0073242188 0.0170898438
0 0.9462890625 0.6765136719 0.0078125000 0.0161132812
0 0.9572753906 0.6762695312 0.0073242188 0.0166015625
0 0.9677734375 0.6757812500 0.0068359375 0.0166015625
0 0.9785156250 0.6765136719 0.0078125000 0.0180664062
0 0.9890136719 0.6765136719 0.0073242188 0.0170898438
0 0.8181152344 0.5063476562 0.0073242188 0.0175781250
0 0.8288574219 0.5065917969 0.0083007812 0.0170898438
0 0.8395996094 0.5065917969 0.0083007812 0.0180664062
0 0.8503417969 0.5063476562 0.0073242188 0.0175781250
0 0.8608398438 0.5063476562 0.0068359375 0.0175781250
0 0.8720703125 0.5065917969 0.0068359375 0.0170898438
0 0.8823242188 0.5061035156 0.0068359375 0.0161132812
0 0.8933105469 0.5063476562 0.0073242188 0.0166015625
0 0.9042968750 0.5058593750 0.0078125000 0.0156250000
0 0.9147949219 0.5063476562 0.0073242188 0.0146484375
0 0.9250488281 0.5061035156 0.0083007812 0.0151367188
0 0.9362792969 0.5061035156 0.0073242188 0.0161132812
0 0.9467773438 0.5065917969 0.0078125000 0.0170898438
0 0.9572753906 0.5065917969 0.0073242188 0.0161132812
0 0.9682617188 0.5065917969 0.0068359375 0.0170898438
0 0.9792480469 0.5068359375 0.0073242188 0.0166015625
0 0.9899902344 0.5070800781 0.0073242188 0.0170898438
2 0.9052734375 0.5898437500 0.1503906250 0.1347656250
3 0.0529785156 0.8261718750 0.1059570312 0.2763671875
0 0.1376953125 0.8149414062 0.0166015625 0.0078125000
1 0.1335449219 0.8671875000 0.0249023438 0.0107421875
2 0.2001953125 0.8398437500 0.0722656250 0.0615234375
0 0.2607421875 0.8188476562 0.0166015625 0.0078125000
1 0.2609863281 0.8286132812 0.0258789062 0.0107421875
1 0.2604980469 0.8415527344 0.0258789062 0.0092773438
1 0.2609863281 0.8557128906 0.0258789062 0.0102539062
1 0.2607421875 0.8686523438 0.0253906250 0.0107421875
3 0.3806152344 0.9343261719 0.0288085938 0.0268554688
1 0.4628906250 0.9309082031 0.0068359375 0.0161132812
1 0.4790039062 0.9306640625 0.0205078125 0.0458984375
1 0.4956054688 0.9301757812 0.0107421875 0.0263671875
1 0.5644531250 0.9265136719 0.0068359375 0.0170898438
0 0.5632324219 0.9692382812 0.0161132812 0.0068359375
1 0.5808105469 0.9284667969 0.0209960938 0.0463867188
1 0.6010742188 0.9284667969 0.0087890625 0.0268554688
0 0.6711425781 0.9667968750 0.0170898438 0.0078125000
3 0.7565917969 0.9338378906 0.0288085938 0.0249023438
3 0.8159179688 0.7482910156 0.0283203125 0.0278320312
3 0.9824218750 0.9318847656 0.0273437500 0.0297851562
3 0.8359375000 0.4611816406 0.0283203125 0.0297851562
