0 0.1035156250 0.0537109375 0.0156250000 0.0351562500
0 0.1494140625 0.0556640625 0.0175781250 0.0351562500
0 0.1977539062 0.0551757812 0.0146484375 0.0361328125
0 0.2387695312 0.0566406250 0.0126953125 0.0332031250
0 0.2871093750 0.0556640625 0.0156250000 0.0351562500
0 0.3281250000 0.0551757812 0.0136718750 0.0341796875
0 0.3759765625 0.0541992188 0.0156250000 0.0341796875
0 0.4243164062 0.0537109375 0.0166015625 0.0351562500
0 0.4721679688 0.0537109375 0.0146484375 0.0351562500
0 0.5131835938 0.0537109375 0.0126953125 0.0351562500
0 0.5605468750 0.0532226562 0.0156250000 0.0341796875
0 0.6093750000 0.0522460938 0.0156250000 0.0361328125
0 0.6508789062 0.0532226562 0.0146484375 0.0341796875
0 0.6982421875 0.0537109375 0.0156250000 0.0351562500
0 0.7460937500 0.0537109375 0.0156250000 0.0351562500
0 0.7944335938 0.0527343750 0.0166015625 0.0351562500
0 0.8364257812 0.0527343750 0.0146484375 0.0351562500
3 0.5004882812 0.5585937500 0.2392578125 0.1191406250
