0 0.7099609375 0.1367187500 0.1113281250 0.0468750000
1 0.7153320312 0.1767578125 0.0517578125 0.0234375000
1 0.7080078125 0.2358398438 0.1933593750 0.0869140625
1 0.7138671875 0.2968750000 0.0507812500 0.0234375000
1 0.8813476562 0.0502929688 0.0517578125 0.0224609375
1 0.8691406250 0.2885742188 0.0507812500 0.0224609375
3 0.9677734375 0.2353515625 0.0527343750 0.0585937500
0 0.1918945312 0.8012695312 0.0341796875 0.0166015625
0 0.1933593750 0.8159179688 0.0332031250 0.0146484375
3 0.4160156250 0.6381835938 0.0546875000 0.0517578125
3 0.2583007812 0.1518554688 0.1357421875 0.1005859375
1 0.8173828125 0.4042968750 0.1503906250 0.0683593750
1 0.8007812500 0.7226562500 0.0605468750 0.0312500000
1 0.8056640625 0.7968750000 0.1933593750 0.0878906250
3 0.8769531250 0.1162109375 0.1328125000 0.0878906250
