3 0.8198242188 0.0239257812 0.0537109375 0.0478515625
3 0.6469726562 0.3574218750 0.0517578125 0.4121093750
3 0.5004882812 0.5664062500 0.0615234375 0.0546875000
1 0.1000976562 0.0502929688 0.0517578125 0.0224609375
1 0.0878906250 0.2885742188 0.0507812500 0.0224609375
3 0.1865234375 0.2353515625 0.0527343750 0.0585937500
1 0.0556640625 0.4042968750 0.1113281250 0.0683593750
1 0.0249023438 0.7226562500 0.0498046875 0.0312500000
1 0.0605468750 0.7968750000 0.1210937500 0.0878906250
0 0.3276367188 0.7949218750 0.0322265625 0.0156250000
0 0.3276367188 0.8100585938 0.0322265625 0.0146484375
3 0.0957031250 0.1162109375 0.1328125000 0.0878906250
