3 0.0483398438 0.5043945312 0.0576171875 0.0498046875
3 0.1669921875 0.1333007812 0.0566406250 0.0556640625
3 0.5000000000 0.5004882812 0.0546875000 0.0595703125
3 0.7407226562 0.0605468750 0.0556640625 0.0605468750
0 0.8808593750 0.0751953125 0.1113281250 0.0468750000
1 0.8178710938 0.2543945312 0.1962890625 0.0830078125
0 0.9697265625 0.2983398438 0.0507812500 0.0205078125
0 0.8447265625 0.7109375000 0.1113281250 0.0468750000
1 0.8500976562 0.7509765625 0.0517578125 0.0234375000
1 0.8427734375 0.8100585938 0.1933593750 0.0869140625
1 0.8486328125 0.8710937500 0.0507812500 0.0234375000
1 0.0634765625 0.9746093750 0.1269531250 0.0507812500
3 0.1093750000 0.8564453125 0.0546875000 0.0546875000
3 0.3930664062 0.7260742188 0.1357421875 0.1005859375
1 0.9384765625 0.9721679688 0.1230468750 0.0556640625
