3 0.3100585938 0.0634765625 0.0576171875 0.0566406250
0 0.0156250000 0.2617187500 0.0312500000 0.0156250000
1 0.0156250000 0.3662109375 0.0312500000 0.0214843750
2 0.1396484375 0.3115234375 0.1445312500 0.1230468750
0 0.2607421875 0.2695312500 0.0332031250 0.0156250000
1 0.2612304688 0.2890625000 0.0517578125 0.0214843750
1 0.2602539062 0.3149414062 0.0517578125 0.0185546875
1 0.2612304688 0.3432617188 0.0517578125 0.0205078125
1 0.2607421875 0.3691406250 0.0507812500 0.0214843750
3 0.5004882812 0.5004882812 0.0576171875 0.0537109375
1 0.6650390625 0.4936523438 0.0136718750 0.0322265625
1 0.6972656250 0.4931640625 0.0410156250 0.0917968750
1 0.7304687500 0.4921875000 0.0214843750 0.0527343750
1 0.8681640625 0.4848632812 0.0136718750 0.0341796875
0 0.8657226562 0.5703125000 0.0322265625 0.0136718750
1 0.9008789062 0.4887695312 0.0419921875 0.0927734375
1 0.9414062500 0.4887695312 0.0175781250 0.0537109375
3 0.3862304688 0.8486328125 0.0537109375 0.0605468750
0 0.2255859375 0.7241210938 0.0312500000 0.0166015625
3 0.4296875000 0.6826171875 0.1640625000 0.1640625000
3 0.6557617188 0.6826171875 0.1669921875 0.1699218750
1 0.3593750000 0.9658203125 0.1992187500 0.0683593750
