0 0.2197265625 0.0620117188 0.0312500000 0.0146484375
0 0.2202148438 0.0756835938 0.0341796875 0.0146484375
3 0.1665039062 0.1772460938 0.0537109375 0.0537109375
0 0.4667968750 0.0620117188 0.0312500000 0.0146484375
0 0.4667968750 0.0756835938 0.0332031250 0.0146484375
0 0.1616210938 0.3784179688 0.0322265625 0.0166015625
1 0.1157226562 0.3750000000 0.0517578125 0.0175781250
0 0.0708007812 0.3764648438 0.0322265625 0.0146484375
3 0.1083984375 0.4140625000 0.1406250000 0.0507812500
0 0.0737304688 0.4658203125 0.0322265625 0.0117187500
0 0.1635742188 0.4663085938 0.0322265625 0.0146484375
3 0.1542968750 0.5004882812 0.0488281250 0.0498046875
2 0.4130859375 0.4243164062 0.3046875000 0.2705078125
0 0.2231445312 0.2885742188 0.0322265625 0.0146484375
0 0.2231445312 0.3090820312 0.0341796875 0.0146484375
0 0.2221679688 0.3305664062 0.0302734375 0.0126953125
0 0.2226562500 0.3515625000 0.0312500000 0.0136718750
0 0.2221679688 0.3730468750 0.0322265625 0.0156250000
0 0.2226562500 0.3945312500 0.0312500000 0.0136718750
0 0.2226562500 0.4160156250 0.0332031250 0.0156250000
0 0.2221679688 0.4370117188 0.0322265625 0.0146484375
0 0.2207031250 0.4594726562 0.0312500000 0.0146484375
0 0.2216796875 0.4790039062 0.0332031250 0.0146484375
0 0.2221679688 0.5014648438 0.0322265625 0.0166015625
0 0.2216796875 0.5234375000 0.0332031250 0.0156250000
0 0.2221679688 0.5454101562 0.0322265625 0.0166015625
0 0.2377929688 0.5883789062 0.0146484375 0.0322265625
0 0.2592773438 0.5874023438 0.0146484375 0.0341796875
0 0.2802734375 0.5878906250 0.0136718750 0.0332031250
0 0.3022460938 0.5878906250 0.0146484375 0.0332031250
0 0.3232421875 0.5893554688 0.0136718750 0.0341796875
0 0.3457031250 0.5893554688 0.0136718750 0.0361328125
0 0.3662109375 0.5893554688 0.0156250000 0.0341796875
0 0.3881835938 0.5883789062 0.0146484375 0.0341796875
0 0.4086914062 0.5883789062 0.0146484375 0.0341796875
0 0.4306640625 0.5883789062 0.0136718750 0.0361328125
0 0.4526367188 0.5883789062 0.0146484375 0.0341796875
0 0.4726562500 0.5888671875 0.0156250000 0.0351562500
0 0.4956054688 0.5878906250 0.0146484375 0.0332031250
0 0.5166015625 0.5888671875 0.0156250000 0.0332031250
0 0.5380859375 0.5888671875 0.0136718750 0.0332031250
0 0.5600585938 0.5878906250 0.0146484375 0.0332031250
0 0.5810546875 0.5878906250 0.0136718750 0.0351562500
0 0.6015625000 0.5888671875 0.0136718750 0.0351562500
0 0.2397460938 0.2514648438 0.0146484375 0.0322265625
0 0.2607421875 0.2509765625 0.0156250000 0.0312500000
0 0.2817382812 0.2529296875 0.0146484375 0.0332031250
0 0.3032226562 0.2519531250 0.0146484375 0.0332031250
0 0.3242187500 0.2524414062 0.0136718750 0.0322265625
0 0.3466796875 0.2524414062 0.0156250000 0.0341796875
0 0.3681640625 0.2524414062 0.0136718750 0.0322265625
0 0.3886718750 0.2519531250 0.0156250000 0.0332031250
0 0.4101562500 0.2524414062 0.0156250000 0.0322265625
0 0.4326171875 0.2524414062 0.0156250000 0.0341796875
0 0.4531250000 0.2524414062 0.0156250000 0.0341796875
0 0.4746093750 0.2529296875 0.0136718750 0.0332031250
0 0.4965820312 0.2529296875 0.0166015625 0.0332031250
0 0.5175781250 0.2524414062 0.0156250000 0.0361328125
0 0.5390625000 0.2529296875 0.0156250000 0.0371093750
0 0.5595703125 0.2534179688 0.0136718750 0.0361328125
0 0.5810546875 0.2543945312 0.0156250000 0.0341796875
0 0.6030273438 0.2534179688 0.0146484375 0.0361328125
0 0.6386718750 0.2675781250 0.0351562500 0.0136718750
0 0.6396484375 0.2880859375 0.0351562500 0.0136718750
0 0.6381835938 0.3100585938 0.0322265625 0.0146484375
0 0.6386718750 0.3315429688 0.0332031250 0.0126953125
0 0.6391601562 0.3520507812 0.0322265625 0.0146484375
0 0.6386718750 0.3745117188 0.0332031250 0.0146484375
0 0.6381835938 0.3955078125 0.0322265625 0.0136718750
0 0.6376953125 0.4169921875 0.0312500000 0.0156250000
0 0.6376953125 0.4379882812 0.0351562500 0.0146484375
0 0.6386718750 0.4594726562 0.0332031250 0.0146484375
0 0.6386718750 0.4814453125 0.0332031250 0.0136718750
0 0.6381835938 0.5034179688 0.0322265625 0.0146484375
0 0.6381835938 0.5244140625 0.0322265625 0.0156250000
0 0.6376953125 0.5458984375 0.0312500000 0.0156250000
0 0.6372070312 0.5668945312 0.0341796875 0.0146484375
3 0.5708007812 0.6689453125 0.0576171875 0.0566406250
3 0.1059570312 0.8066406250 0.2119140625 0.3867187500
0 0.2753906250 0.8671875000 0.0332031250 0.0156250000
1 0.2670898438 0.9716796875 0.0498046875 0.0214843750
2 0.4003906250 0.9169921875 0.1445312500 0.1230468750
0 0.5214843750 0.8750000000 0.0332031250 0.0156250000
1 0.5219726562 0.8945312500 0.0517578125 0.0214843750
1 0.5209960938 0.9204101562 0.0517578125 0.0185546875
1 0.5219726562 0.9487304688 0.0517578125 0.0205078125
1 0.5214843750 0.9746093750 0.0507812500 0.0214843750
