1 0.0500488281 0.1643066406 0.0971679688 0.0454101562
1 0.0549316406 0.2370605469 0.1000976562 0.0434570312
1 0.1633300781 0.1499023438 0.1000976562 0.0429687500
1 0.1655273438 0.2006835938 0.1005859375 0.0429687500
1 0.2829589844 0.0998535156 0.0981445312 0.0424804688
1 0.2890625000 0.3029785156 0.0986328125 0.0444335938
1 0.1467285156 0.2431640625 0.0561523438 0.0234375000
1 0.1547851562 0.0996093750 0.0546875000 0.0234375000
1 0.0334472656 0.2792968750 0.0551757812 0.0244140625
1 0.0878906250 0.2761230469 0.0166015625 0.0073242188
1 0.0871582031 0.2888183594 0.0170898438 0.0083007812
1 0.1120605469 0.3220214844 0.0991210938 0.0434570312
1 0.2058105469 0.2875976562 0.0551757812 0.0244140625
1 0.2934570312 0.1391601562 0.0546875000 0.0244140625
1 0.2919921875 0.1594238281 0.0263671875 0.0102539062
1 0.2922363281 0.1721191406 0.0278320312 0.0102539062
1 0.2863769531 0.2702636719 0.0268554688 0.0112304688
0 0.3571777344 0.1113281250 0.0161132812 0.0087890625
0 0.3574218750 0.1230468750 0.0166015625 0.0078125000
0 0.3576660156 0.1335449219 0.0161132812 0.0083007812
0 0.3576660156 0.1450195312 0.0170898438 0.0078125000
0 0.3574218750 0.1555175781 0.0166015625 0.0083007812
0 0.3574218750 0.1667480469 0.0166015625 0.0083007812
0 0.3574218750 0.1774902344 0.0175781250 0.0073242188
0 0.3574218750 0.1879882812 0.0166015625 0.0078125000
0 0.3579101562 0.1992187500 0.0166015625 0.0078125000
0 0.3579101562 0.2099609375 0.0156250000 0.0078125000
0 0.3579101562 0.2209472656 0.0166015625 0.0083007812
0 0.3576660156 0.2324218750 0.0161132812 0.0087890625
0 0.3586425781 0.2431640625 0.0161132812 0.0078125000
0 0.3586425781 0.2539062500 0.0170898438 0.0078125000
0 0.3583984375 0.2646484375 0.0166015625 0.0078125000
0 0.3583984375 0.2756347656 0.0166015625 0.0083007812
0 0.3588867188 0.2866210938 0.0156250000 0.0078125000
0 0.3586425781 0.2973632812 0.0170898438 0.0078125000
0 0.3835449219 0.0983886719 0.0083007812 0.0170898438
0 0.3945312500 0.0983886719 0.0078125000 0.0161132812
0 0.4052734375 0.0988769531 0.0078125000 0.0170898438
0 0.4165039062 0.0993652344 0.0087890625 0.0180664062
0 0.4272460938 0.0991210938 0.0078125000 0.0185546875
0 0.4377441406 0.0988769531 0.0083007812 0.0180664062
0 0.4492187500 0.0991210938 0.0068359375 0.0185546875
0 0.4599609375 0.0998535156 0.0078125000 0.0180664062
0 0.4704589844 0.0988769531 0.0073242188 0.0180664062
0 0.4819335938 0.0991210938 0.0068359375 0.0175781250
0 0.4924316406 0.0988769531 0.0073242188 0.0180664062
0 0.5039062500 0.0991210938 0.0078125000 0.0175781250
0 0.5146484375 0.0996093750 0.0078125000 0.0185546875
0 0.5388183594 0.1118164062 0.0170898438 0.0078125000
0 0.5388183594 0.1225585938 0.0170898438 0.0087890625
0 0.5388183594 0.1333007812 0.0170898438 0.0078125000
0 0.5380859375 0.1440429688 0.0156250000 0.0087890625
0 0.5385742188 0.1552734375 0.0166015625 0.0078125000
0 0.5388183594 0.1660156250 0.0170898438 0.0087890625
0 0.5393066406 0.1770019531 0.0161132812 0.0083007812
0 0.5390625000 0.1882324219 0.0175781250 0.0083007812
0 0.5393066406 0.1984863281 0.0170898438 0.0083007812
0 0.5388183594 0.2094726562 0.0161132812 0.0078125000
0 0.5393066406 0.2204589844 0.0161132812 0.0092773438
0 0.5395507812 0.2316894531 0.0175781250 0.0083007812
0 0.5390625000 0.2424316406 0.0156250000 0.0083007812
0 0.5393066406 0.2534179688 0.0161132812 0.0078125000
0 0.5395507812 0.2639160156 0.0156250000 0.0092773438
0 0.5395507812 0.2749023438 0.0166015625 0.0078125000
0 0.5395507812 0.2861328125 0.0156250000 0.0087890625
0 0.5402832031 0.2973632812 0.0170898438 0.0078125000
0 0.5019531250 0.2770996094 0.0156250000 0.0073242188
0 0.3798828125 0.3129882812 0.0078125000 0.0185546875
0 0.3906250000 0.3142089844 0.0068359375 0.0180664062
0 0.4016113281 0.3137207031 0.0083007812 0.0180664062
0 0.4123535156 0.3139648438 0.0073242188 0.0185546875
0 0.4230957031 0.3132324219 0.0073242188 0.0170898438
0 0.4340820312 0.3134765625 0.0078125000 0.0185546875
0 0.4453125000 0.3132324219 0.0078125000 0.0190429688
0 0.4562988281 0.3134765625 0.0083007812 0.0175781250
0 0.4670410156 0.3132324219 0.0073242188 0.0190429688
0 0.4782714844 0.3137207031 0.0073242188 0.0180664062
0 0.4890136719 0.3139648438 0.0073242188 0.0175781250
0 0.4997558594 0.3134765625 0.0073242188 0.0175781250
0 0.5107421875 0.3132324219 0.0078125000 0.0180664062
0 0.5214843750 0.3137207031 0.0068359375 0.0180664062
0 0.5327148438 0.3139648438 0.0058593750 0.0175781250
1 0.4340820312 0.2038574219 0.0244140625 0.0102539062
1 0.4516601562 0.1853027344 0.0097656250 0.0258789062
1 0.4331054688 0.1640625000 0.0166015625 0.0078125000
1 0.4333496094 0.1723632812 0.0161132812 0.0068359375
1 0.4064941406 0.1904296875 0.0170898438 0.0078125000
1 0.4067382812 0.2001953125 0.0175781250 0.0068359375
1 0.4340820312 0.2263183594 0.0166015625 0.0083007812
1 0.4343261719 0.2355957031 0.0180664062 0.0083007812
1 0.4509277344 0.2221679688 0.0102539062 0.0273437500
1 0.4699707031 0.1638183594 0.0161132812 0.0083007812
1 0.4694824219 0.1728515625 0.0170898438 0.0078125000
1 0.4692382812 0.1816406250 0.0146484375 0.0078125000
1 0.4694824219 0.1904296875 0.0170898438 0.0078125000
1 0.4682617188 0.2038574219 0.0253906250 0.0102539062
1 0.5046386719 0.1901855469 0.0151367188 0.0073242188
1 0.5053710938 0.1989746094 0.0156250000 0.0073242188
1 0.4694824219 0.2167968750 0.0151367188 0.0078125000
1 0.4699707031 0.2263183594 0.0151367188 0.0073242188
1 0.4697265625 0.2351074219 0.0175781250 0.0073242188
1 0.6184082031 0.0891113281 0.0981445312 0.0434570312
1 0.5747070312 0.1218261719 0.0263671875 0.0102539062
1 0.6330566406 0.1320800781 0.0551757812 0.0239257812
1 0.6301269531 0.1757812500 0.0991210938 0.0439453125
1 0.6257324219 0.2009277344 0.0258789062 0.0112304688
1 0.6279296875 0.2209472656 0.0546875000 0.0229492188
1 0.6254882812 0.2390136719 0.0263671875 0.0102539062
1 0.7543945312 0.1296386719 0.0986328125 0.0444335938
1 0.7275390625 0.1943359375 0.0556640625 0.0234375000
1 0.7280273438 0.2241210938 0.0556640625 0.0234375000
0 0.7888183594 0.2097167969 0.0180664062 0.0073242188
0 0.7888183594 0.2336425781 0.0170898438 0.0092773438
0 0.7897949219 0.2568359375 0.0170898438 0.0068359375
0 0.9516601562 0.1862792969 0.0156250000 0.0073242188
0 0.9487304688 0.2604980469 0.0166015625 0.0083007812
1 0.8442382812 0.2836914062 0.0996093750 0.0429687500
1 0.8430175781 0.3322753906 0.0981445312 0.0434570312
1 0.8469238281 0.3737792969 0.0551757812 0.0229492188
1 0.7272949219 0.2834472656 0.0981445312 0.0415039062
1 0.7285156250 0.3244628906 0.0996093750 0.0405273438
1 0.6293945312 0.2690429688 0.0996093750 0.0429687500
1 0.6286621094 0.3188476562 0.0991210938 0.0439453125
1 0.8540039062 0.3977050781 0.0185546875 0.0083007812
1 0.8542480469 0.4108886719 0.0180664062 0.0083007812
1 0.8500976562 0.4362792969 0.0263671875 0.0102539062
1 0.8007812500 0.4360351562 0.0273437500 0.0107421875
1 0.9602050781 0.4838867188 0.0561523438 0.0234375000
1 0.7390136719 0.3498535156 0.0180664062 0.0083007812
1 0.7153320312 0.3710937500 0.0546875000 0.0224609375
1 0.7143554688 0.4011230469 0.0546875000 0.0229492188
1 0.7189941406 0.4372558594 0.0981445312 0.0424804688
1 0.6938476562 0.3503417969 0.0253906250 0.0112304688
1 0.6423339844 0.3557128906 0.0532226562 0.0229492188
1 0.6450195312 0.3830566406 0.0546875000 0.0229492188
1 0.6428222656 0.3989257812 0.0268554688 0.0097656250
1 0.6425781250 0.4094238281 0.0263671875 0.0102539062
1 0.6428222656 0.4199218750 0.0258789062 0.0097656250
1 0.6437988281 0.4291992188 0.0170898438 0.0078125000
0 0.6447753906 0.4396972656 0.0307617188 0.0141601562
0 0.6452636719 0.4567871094 0.0297851562 0.0141601562
1 0.6455078125 0.4724121094 0.0263671875 0.0112304688
1 0.6462402344 0.4853515625 0.0268554688 0.0097656250
1 0.5903320312 0.3666992188 0.0097656250 0.0283203125
1 0.5771484375 0.3649902344 0.0097656250 0.0258789062
0 0.5634765625 0.3666992188 0.0136718750 0.0302734375
0 0.5466308594 0.3669433594 0.0141601562 0.0307617188
1 0.5329589844 0.3666992188 0.0102539062 0.0263671875
1 0.5214843750 0.3676757812 0.0097656250 0.0273437500
1 0.5075683594 0.3684082031 0.0092773438 0.0268554688
1 0.4741210938 0.3666992188 0.0556640625 0.0244140625
1 0.4560546875 0.3410644531 0.0283203125 0.0092773438
1 0.4345703125 0.3730468750 0.0068359375 0.0166015625
1 0.5852050781 0.4208984375 0.0161132812 0.0078125000
1 0.5847167969 0.4284667969 0.0161132812 0.0083007812
1 0.5942382812 0.4479980469 0.0156250000 0.0083007812
1 0.5852050781 0.4560546875 0.0170898438 0.0078125000
1 0.5588378906 0.4838867188 0.0170898438 0.0078125000
1 0.5576171875 0.4291992188 0.0175781250 0.0078125000
1 0.5227050781 0.4565429688 0.0190429688 0.0078125000
1 0.5227050781 0.4924316406 0.0170898438 0.0092773438
1 0.5314941406 0.5100097656 0.0170898438 0.0073242188
1 0.4860839844 0.4387207031 0.0170898438 0.0092773438
1 0.4594726562 0.4294433594 0.0156250000 0.0083007812
1 0.4692382812 0.4748535156 0.0156250000 0.0073242188
1 0.4868164062 0.4836425781 0.0175781250 0.0083007812
1 0.4916992188 0.4963378906 0.0068359375 0.0170898438
1 0.5319824219 0.5288085938 0.0180664062 0.0078125000
1 0.5314941406 0.5371093750 0.0180664062 0.0078125000
1 0.4736328125 0.5151367188 0.0068359375 0.0166015625
1 0.4821777344 0.5153808594 0.0073242188 0.0170898438
1 0.4965820312 0.5278320312 0.0166015625 0.0078125000
1 0.4968261719 0.5463867188 0.0170898438 0.0078125000
1 0.4511718750 0.5161132812 0.0097656250 0.0263671875
1 0.4377441406 0.5148925781 0.0083007812 0.0170898438
0 0.6032714844 0.5014648438 0.0151367188 0.0068359375
0 0.5852050781 0.5100097656 0.0170898438 0.0073242188
0 0.5854492188 0.5373535156 0.0175781250 0.0083007812
0 0.6035156250 0.5373535156 0.0185546875 0.0083007812
0 0.6137695312 0.5087890625 0.0156250000 0.0078125000
0 0.6142578125 0.5163574219 0.0156250000 0.0073242188
1 0.6037597656 0.5466308594 0.0161132812 0.0073242188
0 0.8872070312 0.4775390625 0.0078125000 0.0175781250
0 0.8759765625 0.4777832031 0.0078125000 0.0180664062
0 0.8654785156 0.4772949219 0.0073242188 0.0190429688
0 0.8544921875 0.4780273438 0.0078125000 0.0195312500
0 0.8432617188 0.4780273438 0.0078125000 0.0185546875
0 0.8325195312 0.4777832031 0.0078125000 0.0180664062
0 0.8222656250 0.4780273438 0.0068359375 0.0195312500
0 0.8107910156 0.4777832031 0.0073242188 0.0180664062
0 0.8005371094 0.4780273438 0.0073242188 0.0185546875
0 0.7893066406 0.4780273438 0.0073242188 0.0185546875
0 0.7788085938 0.4782714844 0.0068359375 0.0180664062
0 0.7675781250 0.4785156250 0.0078125000 0.0195312500
0 0.7016601562 0.4772949219 0.0068359375 0.0180664062
0 0.7133789062 0.4790039062 0.0068359375 0.0185546875
0 0.7243652344 0.4785156250 0.0073242188 0.0195312500
0 0.7343750000 0.4777832031 0.0078125000 0.0180664062
0 0.7456054688 0.4780273438 0.0078125000 0.0185546875
0 0.7565917969 0.4775390625 0.0073242188 0.0185546875
1 0.9521484375 0.5153808594 0.0263671875 0.0112304688
0 0.9030761719 0.5029296875 0.0161132812 0.0078125000
0 0.9030761719 0.5139160156 0.0161132812 0.0083007812
0 0.9030761719 0.5244140625 0.0151367188 0.0078125000
0 0.9035644531 0.5354003906 0.0161132812 0.0073242188
0 0.9035644531 0.5466308594 0.0161132812 0.0073242188
0 0.9038085938 0.5571289062 0.0166015625 0.0068359375
0 0.9035644531 0.5686035156 0.0161132812 0.0063476562
0 0.9038085938 0.5791015625 0.0156250000 0.0078125000
0 0.9040527344 0.5903320312 0.0161132812 0.0078125000
0 0.9038085938 0.6008300781 0.0166015625 0.0073242188
0 0.9040527344 0.6118164062 0.0161132812 0.0068359375
0 0.9033203125 0.6228027344 0.0156250000 0.0073242188
0 0.9035644531 0.6335449219 0.0170898438 0.0073242188
0 0.6872558594 0.4924316406 0.0161132812 0.0063476562
0 0.6870117188 0.5031738281 0.0156250000 0.0073242188
0 0.6872558594 0.5141601562 0.0170898438 0.0078125000
0 0.6870117188 0.5253906250 0.0175781250 0.0078125000
0 0.6875000000 0.5363769531 0.0166015625 0.0073242188
0 0.6877441406 0.5468750000 0.0170898438 0.0068359375
0 0.6872558594 0.5581054688 0.0161132812 0.0078125000
0 0.6879882812 0.5693359375 0.0166015625 0.0058593750
0 0.6879882812 0.5800781250 0.0166015625 0.0068359375
0 0.6882324219 0.5910644531 0.0161132812 0.0073242188
0 0.6879882812 0.6020507812 0.0166015625 0.0068359375
0 0.6875000000 0.6132812500 0.0166015625 0.0068359375
0 0.6882324219 0.6235351562 0.0170898438 0.0078125000
0 0.6875000000 0.6345214844 0.0156250000 0.0073242188
0 0.6879882812 0.6455078125 0.0166015625 0.0068359375
0 0.7036132812 0.6542968750 0.0068359375 0.0166015625
0 0.7141113281 0.6545410156 0.0073242188 0.0170898438
0 0.7246093750 0.6542968750 0.0068359375 0.0166015625
0 0.7360839844 0.6540527344 0.0073242188 0.0180664062
0 0.7468261719 0.6545410156 0.0092773438 0.0180664062
0 0.8881835938 0.6545410156 0.0068359375 0.0180664062
0 0.8774414062 0.6535644531 0.0068359375 0.0170898438
0 0.8662109375 0.6535644531 0.0078125000 0.0180664062
0 0.8557128906 0.6542968750 0.0083007812 0.0175781250
0 0.8447265625 0.6540527344 0.0078125000 0.0180664062
0 0.8339843750 0.6540527344 0.0068359375 0.0180664062
0 0.8232421875 0.6542968750 0.0068359375 0.0175781250
0 0.8117675781 0.6540527344 0.0073242188 0.0170898438
0 0.8012695312 0.6545410156 0.0068359375 0.0170898438
0 0.7897949219 0.6540527344 0.0073242188 0.0190429688
0 0.7961425781 0.6796875000 0.0268554688 0.0078125000
0 0.7797851562 0.6540527344 0.0078125000 0.0180664062
0 0.7685546875 0.6540527344 0.0078125000 0.0170898438
0 0.7575683594 0.6547851562 0.0073242188 0.0185546875
1 0.6757812500 0.6889648438 0.0556640625 0.0224609375
1 0.8027343750 0.5180664062 0.0068359375 0.0156250000
1 0.8115234375 0.5175781250 0.0068359375 0.0166015625
1 0.8295898438 0.5446777344 0.0068359375 0.0170898438
1 0.8386230469 0.5449218750 0.0063476562 0.0175781250
1 0.8178710938 0.5617675781 0.0253906250 0.0102539062
1 0.7978515625 0.5444335938 0.0107421875 0.0263671875
1 0.7822265625 0.5617675781 0.0253906250 0.0092773438
1 0.7980957031 0.5810546875 0.0112304688 0.0253906250
1 0.8122558594 0.5803222656 0.0073242188 0.0170898438
1 0.8210449219 0.5803222656 0.0073242188 0.0180664062
1 0.8303222656 0.5805664062 0.0063476562 0.0175781250
1 0.8391113281 0.5803222656 0.0073242188 0.0170898438
1 0.7668457031 0.5451660156 0.0063476562 0.0170898438
1 0.7756347656 0.5441894531 0.0063476562 0.0170898438
1 0.7675781250 0.5800781250 0.0068359375 0.0166015625
1 0.7766113281 0.5803222656 0.0063476562 0.0170898438
1 0.7851562500 0.5808105469 0.0068359375 0.0180664062
0 0.7282714844 0.6081542969 0.0053710938 0.0161132812
1 0.8022460938 0.6166992188 0.0068359375 0.0175781250
1 0.8122558594 0.6171875000 0.0063476562 0.0185546875
1 0.9516601562 0.6413574219 0.0263671875 0.0102539062
1 0.9514160156 0.6574707031 0.0268554688 0.0102539062
1 0.6472167969 0.5800781250 0.0268554688 0.0087890625
1 0.6474609375 0.5910644531 0.0263671875 0.0102539062
1 0.6472167969 0.6027832031 0.0258789062 0.0102539062
1 0.6477050781 0.6271972656 0.0258789062 0.0102539062
1 0.6442871094 0.6525878906 0.0170898438 0.0063476562
0 0.4013671875 0.4260253906 0.0068359375 0.0161132812
0 0.4108886719 0.4348144531 0.0073242188 0.0170898438
0 0.4321289062 0.4296875000 0.0156250000 0.0068359375
0 0.4323730469 0.4389648438 0.0151367188 0.0078125000
0 0.4326171875 0.4477539062 0.0156250000 0.0078125000
0 0.4465332031 0.4526367188 0.0073242188 0.0175781250
0 0.3430175781 0.4929199219 0.0161132812 0.0073242188
0 0.3251953125 0.5019531250 0.0156250000 0.0078125000
0 0.3437500000 0.5019531250 0.0146484375 0.0078125000
0 0.3249511719 0.5107421875 0.0161132812 0.0078125000
0 0.3164062500 0.5468750000 0.0175781250 0.0078125000
0 0.3171386719 0.5561523438 0.0170898438 0.0068359375
1 0.3066406250 0.4211425781 0.0166015625 0.0083007812
1 0.3251953125 0.4213867188 0.0166015625 0.0097656250
1 0.3251953125 0.4299316406 0.0166015625 0.0073242188
1 0.3432617188 0.4206542969 0.0166015625 0.0083007812
1 0.3435058594 0.4296875000 0.0161132812 0.0087890625
1 0.3876953125 0.4477539062 0.0166015625 0.0087890625
1 0.3063964844 0.4482421875 0.0180664062 0.0078125000
1 0.3161621094 0.4609375000 0.0151367188 0.0068359375
1 0.3432617188 0.4843750000 0.0166015625 0.0068359375
1 0.3969726562 0.4924316406 0.0166015625 0.0083007812
1 0.4196777344 0.4802246094 0.0063476562 0.0180664062
1 0.4282226562 0.4887695312 0.0058593750 0.0185546875
1 0.4106445312 0.4973144531 0.0068359375 0.0180664062
1 0.4196777344 0.5151367188 0.0073242188 0.0166015625
1 0.4062500000 0.5195312500 0.0156250000 0.0087890625
1 0.3701171875 0.5104980469 0.0166015625 0.0092773438
1 0.3703613281 0.5290527344 0.0170898438 0.0073242188
1 0.3701171875 0.5373535156 0.0166015625 0.0073242188
1 0.4062500000 0.5378417969 0.0185546875 0.0092773438
1 0.3435058594 0.5288085938 0.0170898438 0.0087890625
0 0.5000000000 0.4963378906 0.0058593750 0.0161132812
1 0.2917480469 0.5446777344 0.0073242188 0.0161132812
1 0.4069824219 0.5598144531 0.0258789062 0.0102539062
1 0.4125976562 0.3737792969 0.0078125000 0.0180664062
1 0.3989257812 0.3737792969 0.0097656250 0.0268554688
1 0.3864746094 0.3728027344 0.0092773438 0.0268554688
0 0.3728027344 0.3769531250 0.0141601562 0.0312500000
0 0.3564453125 0.3764648438 0.0146484375 0.0312500000
1 0.3437500000 0.3767089844 0.0087890625 0.0268554688
1 0.2885742188 0.3354492188 0.0537109375 0.0214843750
1 0.2871093750 0.3557128906 0.0283203125 0.0122070312
1 0.2890625000 0.3742675781 0.0556640625 0.0229492188
1 0.2607421875 0.3925781250 0.0273437500 0.0087890625
1 0.2631835938 0.4067382812 0.0283203125 0.0097656250
1 0.2636718750 0.4208984375 0.0273437500 0.0097656250
0 0.2626953125 0.4387207031 0.0292968750 0.0141601562
0 0.2673339844 0.4711914062 0.0297851562 0.0146484375
1 0.2641601562 0.4543457031 0.0253906250 0.0092773438
1 0.2648925781 0.4843750000 0.0249023438 0.0107421875
1 0.2050781250 0.3168945312 0.0546875000 0.0234375000
1 0.2053222656 0.3476562500 0.0551757812 0.0234375000
1 0.2021484375 0.3701171875 0.0263671875 0.0136718750
1 0.2053222656 0.3891601562 0.0541992188 0.0234375000
1 0.2055664062 0.4167480469 0.0556640625 0.0239257812
1 0.2150878906 0.4331054688 0.0161132812 0.0078125000
0 0.2187500000 0.4423828125 0.0166015625 0.0078125000
1 0.1052246094 0.4340820312 0.0258789062 0.0107421875
1 0.1066894531 0.4060058594 0.0561523438 0.0239257812
1 0.1115722656 0.3662109375 0.1000976562 0.0419921875
1 0.0351562500 0.4018554688 0.0273437500 0.0136718750
0 0.0104980469 0.4770507812 0.0063476562 0.0156250000
0 0.0217285156 0.4770507812 0.0073242188 0.0166015625
0 0.0324707031 0.4772949219 0.0063476562 0.0161132812
0 0.0434570312 0.4775390625 0.0068359375 0.0156250000
0 0.0546875000 0.4770507812 0.0078125000 0.0166015625
0 0.0654296875 0.4770507812 0.0058593750 0.0166015625
0 0.0761718750 0.4770507812 0.0068359375 0.0166015625
0 0.0874023438 0.4768066406 0.0068359375 0.0170898438
0 0.0981445312 0.4765625000 0.0068359375 0.0166015625
0 0.1096191406 0.4768066406 0.0073242188 0.0161132812
0 0.1201171875 0.4765625000 0.0068359375 0.0156250000
0 0.1313476562 0.4770507812 0.0068359375 0.0166015625
0 0.1420898438 0.4765625000 0.0068359375 0.0166015625
0 0.1528320312 0.4763183594 0.0068359375 0.0170898438
0 0.1640625000 0.4763183594 0.0078125000 0.0170898438
0 0.1750488281 0.4760742188 0.0073242188 0.0166015625
0 0.1860351562 0.4763183594 0.0078125000 0.0170898438
0 0.2026367188 0.4848632812 0.0156250000 0.0087890625
0 0.2026367188 0.4956054688 0.0156250000 0.0078125000
0 0.2023925781 0.5065917969 0.0151367188 0.0073242188
0 0.2021484375 0.5173339844 0.0136718750 0.0073242188
0 0.2026367188 0.5285644531 0.0146484375 0.0073242188
0 0.2033691406 0.5393066406 0.0161132812 0.0073242188
0 0.2026367188 0.5500488281 0.0166015625 0.0073242188
0 0.2026367188 0.5610351562 0.0166015625 0.0078125000
0 0.2026367188 0.5720214844 0.0166015625 0.0083007812
0 0.2031250000 0.5830078125 0.0166015625 0.0078125000
0 0.2028808594 0.5939941406 0.0170898438 0.0073242188
0 0.2033691406 0.6049804688 0.0170898438 0.0078125000
0 0.2031250000 0.6164550781 0.0175781250 0.0073242188
0 0.2031250000 0.6269531250 0.0166015625 0.0068359375
0 0.2031250000 0.6384277344 0.0175781250 0.0073242188
0 0.0021972656 0.6555175781 0.0043945312 0.0180664062
0 0.0112304688 0.6550292969 0.0068359375 0.0170898438
0 0.0224609375 0.6552734375 0.0068359375 0.0166015625
0 0.0334472656 0.6555175781 0.0073242188 0.0170898438
0 0.0441894531 0.6550292969 0.0073242188 0.0170898438
0 0.0551757812 0.6550292969 0.0068359375 0.0170898438
0 0.0664062500 0.6550292969 0.0068359375 0.0170898438
0 0.0771484375 0.6552734375 0.0068359375 0.0185546875
0 0.0881347656 0.6550292969 0.0073242188 0.0170898438
0 0.0991210938 0.6547851562 0.0078125000 0.0175781250
0 0.1101074219 0.6547851562 0.0073242188 0.0175781250
0 0.1210937500 0.6547851562 0.0068359375 0.0166015625
0 0.1318359375 0.6547851562 0.0068359375 0.0166015625
0 0.1435546875 0.6547851562 0.0068359375 0.0166015625
0 0.1540527344 0.6545410156 0.0073242188 0.0170898438
0 0.1650390625 0.6547851562 0.0068359375 0.0175781250
0 0.1762695312 0.6547851562 0.0068359375 0.0175781250
0 0.1872558594 0.6547851562 0.0063476562 0.0175781250
0 0.1691894531 0.5144042969 0.0073242188 0.0161132812
1 0.0788574219 0.5698242188 0.0258789062 0.0107421875
1 0.1137695312 0.5703125000 0.0253906250 0.0097656250
1 0.0961914062 0.5510253906 0.0087890625 0.0268554688
1 0.0954589844 0.5891113281 0.0092773438 0.0268554688
1 0.0559082031 0.5512695312 0.0063476562 0.0175781250
1 0.0651855469 0.5512695312 0.0063476562 0.0166015625
1 0.0737304688 0.5507812500 0.0068359375 0.0166015625
1 0.0827636719 0.5507812500 0.0073242188 0.0185546875
1 0.0822753906 0.5151367188 0.0073242188 0.0185546875
1 0.0920410156 0.5148925781 0.0063476562 0.0170898438
1 0.1281738281 0.5422363281 0.0073242188 0.0180664062
1 0.1184082031 0.5502929688 0.0073242188 0.0166015625
1 0.1101074219 0.5510253906 0.0063476562 0.0170898438
1 0.0563964844 0.5874023438 0.0063476562 0.0175781250
1 0.0651855469 0.5878906250 0.0063476562 0.0175781250
1 0.0830078125 0.6145019531 0.0068359375 0.0170898438
1 0.0925292969 0.6137695312 0.0063476562 0.0175781250
1 0.1188964844 0.5874023438 0.0063476562 0.0166015625
1 0.1281738281 0.5869140625 0.0063476562 0.0175781250
1 0.2458496094 0.5146484375 0.0268554688 0.0087890625
1 0.2546386719 0.5522460938 0.0551757812 0.0234375000
1 0.3029785156 0.5693359375 0.0073242188 0.0166015625
1 0.2468261719 0.5803222656 0.0268554688 0.0102539062
1 0.2473144531 0.5947265625 0.0268554688 0.0107421875
1 0.2465820312 0.6118164062 0.0263671875 0.0097656250
1 0.2473144531 0.6437988281 0.0258789062 0.0102539062
1 0.2397460938 0.6738281250 0.0166015625 0.0078125000
1 0.2409667969 0.6845703125 0.0258789062 0.0097656250
1 0.2416992188 0.7111816406 0.0546875000 0.0229492188
1 0.2890625000 0.7180175781 0.0253906250 0.0102539062
1 0.2409667969 0.7390136719 0.0551757812 0.0249023438
1 0.2434082031 0.7600097656 0.0288085938 0.0141601562
1 0.2429199219 0.7749023438 0.0258789062 0.0107421875
1 0.3010253906 0.7526855469 0.0092773438 0.0278320312
1 0.2431640625 0.8085937500 0.0556640625 0.0234375000
1 0.2421875000 0.8491210938 0.0556640625 0.0234375000
1 0.0969238281 0.6933593750 0.0258789062 0.0087890625
1 0.0964355469 0.7055664062 0.0258789062 0.0097656250
1 0.0317382812 0.7094726562 0.0556640625 0.0234375000
1 0.1127929688 0.7331542969 0.0996093750 0.0424804688
1 0.1123046875 0.7819824219 0.0996093750 0.0424804688
1 0.1086425781 0.8278808594 0.0561523438 0.0239257812
1 0.0073242188 0.9462890625 0.0146484375 0.0068359375
1 0.0068359375 0.9611816406 0.0136718750 0.0073242188
0 0.0458984375 0.9934082031 0.0078125000 0.0131835938
0 0.0688476562 0.9938964844 0.0087890625 0.0122070312
0 0.0930175781 0.9936523438 0.0073242188 0.0126953125
0 0.1135253906 0.9943847656 0.0063476562 0.0112304688
0 0.1376953125 0.9938964844 0.0078125000 0.0122070312
0 0.1582031250 0.9938964844 0.0068359375 0.0122070312
0 0.1821289062 0.9936523438 0.0078125000 0.0126953125
0 0.2062988281 0.9934082031 0.0083007812 0.0131835938
0 0.2302246094 0.9934082031 0.0073242188 0.0131835938
0 0.2507324219 0.9934082031 0.0063476562 0.0131835938
0 0.2744140625 0.9934082031 0.0078125000 0.0131835938
0 0.2988281250 0.9929199219 0.0078125000 0.0141601562
0 0.3195800781 0.9934082031 0.0073242188 0.0131835938
0 0.3432617188 0.9934082031 0.0078125000 0.0131835938
0 0.3671875000 0.9934082031 0.0078125000 0.0131835938
0 0.3913574219 0.9931640625 0.0083007812 0.0136718750
0 0.4123535156 0.9931640625 0.0073242188 0.0136718750
1 0.3476562500 0.8044433594 0.0996093750 0.0424804688
1 0.3503417969 0.8581542969 0.1000976562 0.0424804688
1 0.3308105469 0.5966796875 0.0063476562 0.0175781250
1 0.4067382812 0.5734863281 0.0156250000 0.0063476562
1 0.3713378906 0.5825195312 0.0161132812 0.0068359375
1 0.4067382812 0.5917968750 0.0156250000 0.0078125000
1 0.4523925781 0.6042480469 0.0092773438 0.0249023438
1 0.3437500000 0.6279296875 0.0166015625 0.0078125000
1 0.3444824219 0.6362304688 0.0161132812 0.0058593750
1 0.3168945312 0.6640625000 0.0166015625 0.0078125000
1 0.3168945312 0.6726074219 0.0166015625 0.0073242188
1 0.3171386719 0.6999511719 0.0161132812 0.0073242188
1 0.3840332031 0.6772460938 0.0063476562 0.0166015625
1 0.3703613281 0.6098632812 0.0170898438 0.0068359375
1 0.3891601562 0.6181640625 0.0166015625 0.0068359375
1 0.3889160156 0.6279296875 0.0161132812 0.0068359375
1 0.4116210938 0.6052246094 0.0068359375 0.0170898438
1 0.4206542969 0.6049804688 0.0073242188 0.0175781250
1 0.4291992188 0.6054687500 0.0068359375 0.0175781250
1 0.4382324219 0.6047363281 0.0063476562 0.0170898438
1 0.4067382812 0.6281738281 0.0166015625 0.0073242188
1 0.4201660156 0.6235351562 0.0073242188 0.0166015625
1 0.4289550781 0.6320800781 0.0073242188 0.0170898438
1 0.4160156250 0.6728515625 0.0166015625 0.0078125000
0 0.4345703125 0.6821289062 0.0146484375 0.0078125000
0 0.4340820312 0.6906738281 0.0156250000 0.0073242188
1 0.4340820312 0.6994628906 0.0166015625 0.0063476562
1 0.4650878906 0.6054687500 0.0063476562 0.0166015625
1 0.4738769531 0.6059570312 0.0073242188 0.0175781250
1 0.4831542969 0.6049804688 0.0063476562 0.0166015625
1 0.4919433594 0.6052246094 0.0063476562 0.0170898438
1 0.4958496094 0.5822753906 0.0170898438 0.0073242188
1 0.4960937500 0.5913085938 0.0166015625 0.0087890625
1 0.5317382812 0.5822753906 0.0175781250 0.0073242188
1 0.5319824219 0.5908203125 0.0161132812 0.0068359375
1 0.5996093750 0.5778808594 0.0068359375 0.0161132812
1 0.5725097656 0.6044921875 0.0063476562 0.0175781250
1 0.5593261719 0.6354980469 0.0170898438 0.0073242188
1 0.5141601562 0.6179199219 0.0146484375 0.0063476562
1 0.5144042969 0.6276855469 0.0161132812 0.0073242188
1 0.5014648438 0.6235351562 0.0068359375 0.0166015625
1 0.4824218750 0.6323242188 0.0068359375 0.0175781250
1 0.4916992188 0.6320800781 0.0078125000 0.0170898438
1 0.5866699219 0.6540527344 0.0161132812 0.0073242188
1 0.5866699219 0.6625976562 0.0161132812 0.0078125000
1 0.5869140625 0.6711425781 0.0166015625 0.0073242188
1 0.5876464844 0.6896972656 0.0170898438 0.0063476562
1 0.5776367188 0.6987304688 0.0166015625 0.0078125000
1 0.4880371094 0.6811523438 0.0161132812 0.0068359375
0 0.5283203125 0.6496582031 0.0068359375 0.0170898438
0 0.4787597656 0.6542968750 0.0151367188 0.0078125000
0 0.4780273438 0.6638183594 0.0146484375 0.0063476562
0 0.4704589844 0.6813964844 0.0170898438 0.0063476562
0 0.4702148438 0.6904296875 0.0156250000 0.0068359375
0 0.3217773438 0.7517089844 0.0156250000 0.0317382812
0 0.3386230469 0.7512207031 0.0141601562 0.0317382812
1 0.3530273438 0.7517089844 0.0087890625 0.0278320312
1 0.3906250000 0.7500000000 0.0087890625 0.0283203125
1 0.4003906250 0.7507324219 0.0078125000 0.0180664062
1 0.4201660156 0.7492675781 0.0102539062 0.0278320312
1 0.4697265625 0.8017578125 0.0986328125 0.0419921875
1 0.5891113281 0.8076171875 0.0991210938 0.0429687500
1 0.5144042969 0.7517089844 0.0063476562 0.0170898438
1 0.5302734375 0.7519531250 0.0097656250 0.0273437500
1 0.5471191406 0.7526855469 0.0102539062 0.0268554688
1 0.5957031250 0.7507324219 0.0097656250 0.0278320312
1 0.6103515625 0.7299804688 0.0097656250 0.0263671875
1 0.6313476562 0.7138671875 0.0087890625 0.0263671875
1 0.6352539062 0.7634277344 0.0546875000 0.0229492188
1 0.4501953125 0.8447265625 0.0556640625 0.0234375000
1 0.5900878906 0.8425292969 0.0551757812 0.0239257812
1 0.5886230469 0.8684082031 0.0561523438 0.0229492188
0 0.5627441406 0.7509765625 0.0151367188 0.0312500000
0 0.5800781250 0.7509765625 0.0146484375 0.0312500000
1 0.6433105469 0.6706542969 0.0161132812 0.0063476562
1 0.6889648438 0.7231445312 0.0986328125 0.0419921875
1 0.7958984375 0.7067871094 0.0976562500 0.0415039062
1 0.7963867188 0.7521972656 0.0996093750 0.0434570312
1 0.7949218750 0.7790527344 0.0175781250 0.0063476562
1 0.8845214844 0.7072753906 0.0268554688 0.0102539062
1 0.8847656250 0.7336425781 0.0273437500 0.0102539062
1 0.8798828125 0.7600097656 0.0556640625 0.0239257812
1 0.6943359375 0.7497558594 0.0263671875 0.0092773438
1 0.6938476562 0.7614746094 0.0263671875 0.0092773438
1 0.6975097656 0.7805175781 0.0551757812 0.0229492188
1 0.6928710938 0.8127441406 0.0273437500 0.0102539062
1 0.6970214844 0.8366699219 0.0551757812 0.0229492188
1 0.6962890625 0.8676757812 0.0546875000 0.0234375000
1 0.8056640625 0.8979492188 0.1005859375 0.0429687500
1 0.8142089844 0.9409179688 0.0551757812 0.0234375000
1 0.7724609375 0.9843750000 0.0556640625 0.0234375000
1 0.8212890625 0.9792480469 0.0166015625 0.0073242188
1 0.8212890625 0.9919433594 0.0175781250 0.0073242188
