3 0.9804687500 0.0878906250 0.0390625000 0.0585937500
3 0.6367187500 0.0922851562 0.0527343750 0.0517578125
3 0.0532226562 0.2714843750 0.0791015625 0.0957031250
3 0.3076171875 0.4267578125 0.1425781250 0.0507812500
2 0.5000000000 0.5004882812 0.1386718750 0.1201171875
2 0.5004882812 0.7343750000 0.1376953125 0.1230468750
3 0.2875976562 0.8051757812 0.0966796875 0.3896484375
3 0.4887695312 0.9790039062 0.0537109375 0.0419921875
1 0.0678710938 0.6684570312 0.0595703125 0.0302734375
1 0.0234375000 0.7226562500 0.0468750000 0.0292968750
1 0.0214843750 0.7670898438 0.0429687500 0.0205078125
1 0.0913085938 0.8046875000 0.0283203125 0.0605468750
1 0.0922851562 0.8901367188 0.0302734375 0.0615234375
1 0.0288085938 0.8803710938 0.0576171875 0.1923828125
