0 0.7939453125 0.1367187500 0.1113281250 0.0468750000
1 0.7993164062 0.1767578125 0.0517578125 0.0234375000
1 0.7919921875 0.2358398438 0.1933593750 0.0869140625
1 0.7978515625 0.2968750000 0.0507812500 0.0234375000
1 0.9653320312 0.0502929688 0.0517578125 0.0224609375
1 0.9531250000 0.2885742188 0.0507812500 0.0224609375
1 0.0380859375 0.4091796875 0.0761718750 0.0683593750
0 0.2758789062 0.8012695312 0.0341796875 0.0166015625
0 0.2773437500 0.8159179688 0.0332031250 0.0146484375
3 0.5000000000 0.6381835938 0.0546875000 0.0517578125
3 0.0585937500 0.2822265625 0.0546875000 0.0546875000
3 0.3422851562 0.1518554688 0.1357421875 0.1005859375
1 0.9013671875 0.4042968750 0.1503906250 0.0683593750
1 0.8847656250 0.7226562500 0.0605468750 0.0312500000
1 0.8896484375 0.7968750000 0.1933593750 0.0878906250
3 0.9472656250 0.1162109375 0.1054687500 0.0878906250
