1 0.9013671875 0.0190429688 0.0527343750 0.0205078125
1 0.9018554688 0.0400390625 0.0517578125 0.0195312500
1 0.9038085938 0.0585937500 0.0341796875 0.0156250000
0 0.9057617188 0.0795898438 0.0615234375 0.0283203125
0 0.9067382812 0.1137695312 0.0595703125 0.0283203125
1 0.9072265625 0.1450195312 0.0527343750 0.0224609375
1 0.9086914062 0.1708984375 0.0537109375 0.0195312500
1 0.7866210938 0.0419921875 0.0322265625 0.0156250000
1 0.7856445312 0.0571289062 0.0322265625 0.0166015625
1 0.8046875000 0.0961914062 0.0312500000 0.0166015625
1 0.7866210938 0.1123046875 0.0341796875 0.0156250000
1 0.7338867188 0.1679687500 0.0341796875 0.0156250000
1 0.7314453125 0.0585937500 0.0351562500 0.0156250000
1 0.6616210938 0.1132812500 0.0380859375 0.0156250000
1 0.6616210938 0.1850585938 0.0341796875 0.0185546875
1 0.6791992188 0.2202148438 0.0341796875 0.0146484375
1 0.5883789062 0.0776367188 0.0341796875 0.0185546875
1 0.5351562500 0.0590820312 0.0312500000 0.0166015625
1 0.5546875000 0.1499023438 0.0312500000 0.0146484375
1 0.5898437500 0.1674804688 0.0351562500 0.0166015625
1 0.5996093750 0.1928710938 0.0136718750 0.0341796875
1 0.6801757812 0.2578125000 0.0361328125 0.0156250000
1 0.6791992188 0.2744140625 0.0361328125 0.0156250000
1 0.5634765625 0.2304687500 0.0136718750 0.0332031250
1 0.5805664062 0.2309570312 0.0146484375 0.0341796875
1 0.6093750000 0.2558593750 0.0332031250 0.0156250000
1 0.6098632812 0.2929687500 0.0341796875 0.0156250000
1 0.5185546875 0.2324218750 0.0195312500 0.0527343750
1 0.4916992188 0.2299804688 0.0166015625 0.0341796875
0 0.8227539062 0.2031250000 0.0302734375 0.0136718750
0 0.7866210938 0.2202148438 0.0341796875 0.0146484375
0 0.7871093750 0.2749023438 0.0351562500 0.0166015625
0 0.8232421875 0.2749023438 0.0371093750 0.0166015625
0 0.8437500000 0.2177734375 0.0312500000 0.0156250000
0 0.8447265625 0.2329101562 0.0312500000 0.0146484375
1 0.8237304688 0.2934570312 0.0322265625 0.0146484375
0 0.9873046875 0.1850585938 0.0253906250 0.0126953125
0 0.9873046875 0.2065429688 0.0253906250 0.0146484375
0 0.9868164062 0.2285156250 0.0263671875 0.0156250000
0 0.9863281250 0.2509765625 0.0273437500 0.0156250000
0 0.9873046875 0.2729492188 0.0253906250 0.0146484375
0 0.9873046875 0.2939453125 0.0253906250 0.0136718750
0 0.9873046875 0.3164062500 0.0253906250 0.0156250000
0 0.9877929688 0.3388671875 0.0244140625 0.0117187500
0 0.9877929688 0.3603515625 0.0244140625 0.0136718750
0 0.9882812500 0.3823242188 0.0234375000 0.0146484375
0 0.9877929688 0.4042968750 0.0244140625 0.0136718750
0 0.9873046875 0.4267578125 0.0253906250 0.0136718750
0 0.9877929688 0.4472656250 0.0244140625 0.0156250000
0 0.9877929688 0.4692382812 0.0244140625 0.0146484375
0 0.9877929688 0.4912109375 0.0244140625 0.0136718750
1 0.9560546875 0.5781250000 0.0878906250 0.0449218750
1 0.9106445312 0.3603515625 0.0537109375 0.0175781250
1 0.9111328125 0.3823242188 0.0527343750 0.0205078125
1 0.9106445312 0.4057617188 0.0517578125 0.0205078125
1 0.9116210938 0.4545898438 0.0517578125 0.0205078125
1 0.9047851562 0.5053710938 0.0341796875 0.0126953125
0 0.4189453125 0.0522460938 0.0136718750 0.0322265625
0 0.4379882812 0.0698242188 0.0146484375 0.0341796875
0 0.4804687500 0.0595703125 0.0312500000 0.0136718750
0 0.4809570312 0.0781250000 0.0302734375 0.0156250000
0 0.4814453125 0.0957031250 0.0312500000 0.0156250000
0 0.5092773438 0.1054687500 0.0146484375 0.0351562500
0 0.3022460938 0.1860351562 0.0322265625 0.0146484375
0 0.2666015625 0.2041015625 0.0312500000 0.0156250000
0 0.3037109375 0.2041015625 0.0292968750 0.0156250000
0 0.2661132812 0.2216796875 0.0322265625 0.0156250000
0 0.2490234375 0.2939453125 0.0351562500 0.0156250000
0 0.2504882812 0.3125000000 0.0341796875 0.0136718750
1 0.2294921875 0.0424804688 0.0332031250 0.0166015625
1 0.2666015625 0.0429687500 0.0332031250 0.0195312500
1 0.2666015625 0.0600585938 0.0332031250 0.0146484375
1 0.3027343750 0.0415039062 0.0332031250 0.0166015625
1 0.3032226562 0.0595703125 0.0322265625 0.0175781250
1 0.3916015625 0.0957031250 0.0332031250 0.0175781250
1 0.2290039062 0.0966796875 0.0361328125 0.0156250000
1 0.2485351562 0.1220703125 0.0302734375 0.0136718750
1 0.3027343750 0.1689453125 0.0332031250 0.0136718750
1 0.4101562500 0.1850585938 0.0332031250 0.0166015625
1 0.4555664062 0.1606445312 0.0126953125 0.0361328125
1 0.4726562500 0.1777343750 0.0117187500 0.0371093750
1 0.4375000000 0.1948242188 0.0136718750 0.0361328125
1 0.4555664062 0.2304687500 0.0146484375 0.0332031250
1 0.4287109375 0.2392578125 0.0312500000 0.0175781250
1 0.3564453125 0.2211914062 0.0332031250 0.0185546875
1 0.3569335938 0.2583007812 0.0341796875 0.0146484375
1 0.3564453125 0.2749023438 0.0332031250 0.0146484375
1 0.4287109375 0.2758789062 0.0371093750 0.0185546875
1 0.3032226562 0.2578125000 0.0341796875 0.0175781250
0 0.6162109375 0.1928710938 0.0117187500 0.0322265625
1 0.1997070312 0.2895507812 0.0146484375 0.0322265625
1 0.4301757812 0.3198242188 0.0517578125 0.0205078125
1 0.1425781250 0.0136718750 0.0566406250 0.0195312500
1 0.1435546875 0.0419921875 0.0546875000 0.0195312500
0 0.1416015625 0.0776367188 0.0585937500 0.0283203125
0 0.1508789062 0.1425781250 0.0595703125 0.0292968750
1 0.1445312500 0.1088867188 0.0507812500 0.0185546875
1 0.1459960938 0.1689453125 0.0498046875 0.0214843750
1 0.0415039062 0.0336914062 0.0830078125 0.0478515625
1 0.0463867188 0.0664062500 0.0322265625 0.0156250000
0 0.0537109375 0.0849609375 0.0332031250 0.0156250000
0 0.0214843750 0.1699218750 0.0312500000 0.0175781250
0 0.0214843750 0.1914062500 0.0312500000 0.0156250000
0 0.0209960938 0.2133789062 0.0302734375 0.0146484375
0 0.0205078125 0.2348632812 0.0273437500 0.0146484375
0 0.0214843750 0.2573242188 0.0292968750 0.0146484375
0 0.0229492188 0.2788085938 0.0322265625 0.0146484375
0 0.0214843750 0.3002929688 0.0332031250 0.0146484375
0 0.0214843750 0.3222656250 0.0332031250 0.0156250000
0 0.0214843750 0.3442382812 0.0332031250 0.0166015625
0 0.0224609375 0.3662109375 0.0332031250 0.0156250000
0 0.0219726562 0.3881835938 0.0341796875 0.0146484375
0 0.0229492188 0.4101562500 0.0341796875 0.0156250000
0 0.0224609375 0.4331054688 0.0351562500 0.0146484375
0 0.0224609375 0.4541015625 0.0332031250 0.0136718750
0 0.0224609375 0.4770507812 0.0351562500 0.0146484375
1 0.1079101562 0.2294921875 0.0537109375 0.0175781250
1 0.1254882812 0.3046875000 0.1103515625 0.0468750000
1 0.2221679688 0.3388671875 0.0146484375 0.0332031250
1 0.1098632812 0.3608398438 0.0537109375 0.0205078125
1 0.1108398438 0.3896484375 0.0537109375 0.0214843750
1 0.1093750000 0.4238281250 0.0527343750 0.0195312500
1 0.1108398438 0.4877929688 0.0517578125 0.0205078125
1 0.0957031250 0.5478515625 0.0332031250 0.0156250000
1 0.0981445312 0.5693359375 0.0517578125 0.0195312500
1 0.0996093750 0.6225585938 0.1093750000 0.0458984375
1 0.1943359375 0.6362304688 0.0507812500 0.0205078125
1 0.0981445312 0.6782226562 0.1103515625 0.0498046875
1 0.1030273438 0.7202148438 0.0576171875 0.0283203125
1 0.1020507812 0.7500000000 0.0517578125 0.0214843750
1 0.2182617188 0.7055664062 0.0185546875 0.0556640625
1 0.1025390625 0.8173828125 0.1113281250 0.0468750000
1 0.1005859375 0.8984375000 0.1113281250 0.0468750000
1 0.3115234375 0.8090820312 0.1992187500 0.0849609375
1 0.3168945312 0.9165039062 0.2001953125 0.0849609375
1 0.2778320312 0.3935546875 0.0126953125 0.0351562500
1 0.4296875000 0.3471679688 0.0312500000 0.0126953125
1 0.3588867188 0.3652343750 0.0322265625 0.0136718750
1 0.4296875000 0.3837890625 0.0312500000 0.0156250000
1 0.5209960938 0.4086914062 0.0185546875 0.0498046875
1 0.3037109375 0.4560546875 0.0332031250 0.0156250000
1 0.3051757812 0.4726562500 0.0322265625 0.0117187500
1 0.2500000000 0.5283203125 0.0332031250 0.0156250000
1 0.2500000000 0.5454101562 0.0332031250 0.0146484375
1 0.2504882812 0.6000976562 0.0322265625 0.0146484375
1 0.3842773438 0.5546875000 0.0126953125 0.0332031250
1 0.3569335938 0.4199218750 0.0341796875 0.0136718750
1 0.3945312500 0.4365234375 0.0332031250 0.0136718750
1 0.3940429688 0.4560546875 0.0322265625 0.0136718750
1 0.4394531250 0.4106445312 0.0136718750 0.0341796875
1 0.4575195312 0.4101562500 0.0146484375 0.0351562500
1 0.4746093750 0.4111328125 0.0136718750 0.0351562500
1 0.4926757812 0.4096679688 0.0126953125 0.0341796875
1 0.4296875000 0.4565429688 0.0332031250 0.0146484375
1 0.4565429688 0.4472656250 0.0146484375 0.0332031250
1 0.4741210938 0.4643554688 0.0146484375 0.0341796875
1 0.4482421875 0.5458984375 0.0332031250 0.0156250000
0 0.4853515625 0.5644531250 0.0292968750 0.0156250000
0 0.4843750000 0.5815429688 0.0312500000 0.0146484375
1 0.4843750000 0.5991210938 0.0332031250 0.0126953125
1 0.5463867188 0.4111328125 0.0126953125 0.0332031250
1 0.5639648438 0.4121093750 0.0146484375 0.0351562500
1 0.5825195312 0.4101562500 0.0126953125 0.0332031250
1 0.6000976562 0.4106445312 0.0126953125 0.0341796875
1 0.6079101562 0.3647460938 0.0341796875 0.0146484375
1 0.6083984375 0.3828125000 0.0332031250 0.0175781250
1 0.6796875000 0.3647460938 0.0351562500 0.0146484375
1 0.6801757812 0.3818359375 0.0322265625 0.0136718750
1 0.8154296875 0.3559570312 0.0136718750 0.0322265625
1 0.7612304688 0.4091796875 0.0126953125 0.0351562500
1 0.7348632812 0.4711914062 0.0341796875 0.0146484375
1 0.6445312500 0.4360351562 0.0292968750 0.0126953125
1 0.6450195312 0.4555664062 0.0322265625 0.0146484375
1 0.6191406250 0.4472656250 0.0136718750 0.0332031250
1 0.5810546875 0.4648437500 0.0136718750 0.0351562500
1 0.5996093750 0.4643554688 0.0156250000 0.0341796875
1 0.7895507812 0.5083007812 0.0322265625 0.0146484375
1 0.7895507812 0.5253906250 0.0322265625 0.0156250000
1 0.7900390625 0.5424804688 0.0332031250 0.0146484375
1 0.7915039062 0.5795898438 0.0341796875 0.0126953125
1 0.7714843750 0.5976562500 0.0332031250 0.0156250000
1 0.5922851562 0.5625000000 0.0322265625 0.0136718750
0 0.6728515625 0.4995117188 0.0136718750 0.0341796875
0 0.5737304688 0.5087890625 0.0302734375 0.0156250000
0 0.5722656250 0.5278320312 0.0292968750 0.0126953125
0 0.5571289062 0.5629882812 0.0341796875 0.0126953125
0 0.5566406250 0.5810546875 0.0312500000 0.0136718750
0 0.2597656250 0.7036132812 0.0312500000 0.0634765625
0 0.2934570312 0.7026367188 0.0283203125 0.0634765625
1 0.3222656250 0.7036132812 0.0175781250 0.0556640625
1 0.3974609375 0.7001953125 0.0175781250 0.0566406250
1 0.4169921875 0.7016601562 0.0156250000 0.0361328125
1 0.4565429688 0.6987304688 0.0205078125 0.0556640625
1 0.5556640625 0.8037109375 0.1972656250 0.0839843750
1 0.7944335938 0.8154296875 0.1982421875 0.0859375000
1 0.6450195312 0.7036132812 0.0126953125 0.0341796875
1 0.6767578125 0.7041015625 0.0195312500 0.0546875000
1 0.7104492188 0.7055664062 0.0205078125 0.0537109375
1 0.8076171875 0.7016601562 0.0195312500 0.0556640625
1 0.8369140625 0.6601562500 0.0195312500 0.0527343750
1 0.8789062500 0.6279296875 0.0175781250 0.0527343750
1 0.8867187500 0.7270507812 0.1093750000 0.0458984375
1 0.5166015625 0.8896484375 0.1113281250 0.0468750000
1 0.7963867188 0.8852539062 0.1103515625 0.0478515625
1 0.7934570312 0.9370117188 0.1123046875 0.0458984375
0 0.7416992188 0.7021484375 0.0302734375 0.0625000000
0 0.7763671875 0.7021484375 0.0292968750 0.0625000000
1 0.9028320312 0.5415039062 0.0322265625 0.0126953125
1 0.9477539062 0.6464843750 0.1044921875 0.0839843750
