3 0.1254882812 0.5195312500 0.0517578125 0.0546875000
3 0.5004882812 0.5000000000 0.0791015625 0.0957031250
3 0.7548828125 0.6552734375 0.1425781250 0.0507812500
2 0.9389648438 0.7290039062 0.1220703125 0.1201171875
2 0.9394531250 0.9506835938 0.1210937500 0.0986328125
0 0.0810546875 0.6972656250 0.1113281250 0.0468750000
0 0.3657226562 0.6972656250 0.1025390625 0.0468750000
1 0.0581054688 0.8764648438 0.1162109375 0.0830078125
0 0.3930664062 0.8227539062 0.0322265625 0.0146484375
1 0.3378906250 0.8833007812 0.1933593750 0.0849609375
1 0.5151367188 0.8969726562 0.0595703125 0.0302734375
1 0.4643554688 0.9511718750 0.0595703125 0.0292968750
1 0.4638671875 0.9926757812 0.0527343750 0.0146484375
1 0.2158203125 0.9223632812 0.0332031250 0.0146484375
1 0.2319335938 0.9599609375 0.0458984375 0.0195312500
0 0.1699218750 0.9204101562 0.0507812500 0.0205078125
0 0.2163085938 0.9394531250 0.0341796875 0.0156250000
0 0.2163085938 0.9799804688 0.0302734375 0.0166015625
