3 0.1557617188 0.2788085938 0.0576171875 0.0498046875
3 0.6074218750 0.2749023438 0.0546875000 0.0595703125
1 0.9135742188 0.0351562500 0.1728515625 0.0703125000
0 0.9482421875 0.4853515625 0.1035156250 0.0468750000
1 0.9575195312 0.5253906250 0.0517578125 0.0234375000
1 0.9267578125 0.5844726562 0.1464843750 0.0869140625
1 0.9560546875 0.6455078125 0.0507812500 0.0234375000
1 0.1601562500 0.7578125000 0.1484375000 0.0683593750
3 0.6582031250 0.9804687500 0.0546875000 0.0390625000
3 0.2167968750 0.6308593750 0.0546875000 0.0546875000
3 0.1704101562 0.4985351562 0.3408203125 0.1005859375
3 0.5004882812 0.5004882812 0.1357421875 0.1005859375
