3 0.9321289062 0.1591796875 0.0966796875 0.3183593750
3 0.9604492188 0.6220703125 0.0517578125 0.4121093750
3 0.8139648438 0.8310546875 0.0615234375 0.0546875000
1 0.6616210938 0.0195312500 0.0595703125 0.0292968750
1 0.6611328125 0.0639648438 0.0527343750 0.0205078125
1 0.4291992188 0.0283203125 0.0458984375 0.0195312500
1 0.4277343750 0.0688476562 0.0468750000 0.0185546875
1 0.4267578125 0.1083984375 0.0527343750 0.0195312500
1 0.7358398438 0.1015625000 0.0283203125 0.0605468750
1 0.7368164062 0.1870117188 0.0302734375 0.0615234375
1 0.6601562500 0.1772460938 0.0839843750 0.1923828125
2 0.5268554688 0.1401367188 0.1376953125 0.1787109375
0 0.4135742188 0.0078125000 0.0341796875 0.0156250000
0 0.4135742188 0.0483398438 0.0302734375 0.0166015625
0 0.4145507812 0.0893554688 0.0322265625 0.0166015625
0 0.2421875000 0.4013671875 0.1113281250 0.0468750000
1 0.2475585938 0.4414062500 0.0517578125 0.0234375000
1 0.2402343750 0.5004882812 0.1933593750 0.0869140625
1 0.2460937500 0.5615234375 0.0507812500 0.0234375000
1 0.4135742188 0.3149414062 0.0517578125 0.0224609375
1 0.4013671875 0.5532226562 0.0507812500 0.0224609375
3 0.5000000000 0.5000000000 0.0527343750 0.0585937500
1 0.3496093750 0.6689453125 0.1503906250 0.0683593750
1 0.3330078125 0.9858398438 0.0605468750 0.0283203125
3 0.4091796875 0.3808593750 0.1328125000 0.0878906250
