0 0.3525390625 0.0219726562 0.0156250000 0.0361328125
0 0.3735351562 0.0205078125 0.0146484375 0.0351562500
0 0.3955078125 0.0219726562 0.0156250000 0.0341796875
0 0.4165039062 0.0214843750 0.0146484375 0.0351562500
0 0.4370117188 0.0209960938 0.0146484375 0.0341796875
0 0.4589843750 0.0205078125 0.0156250000 0.0332031250
0 0.4814453125 0.0214843750 0.0156250000 0.0351562500
0 0.5019531250 0.0209960938 0.0156250000 0.0341796875
0 0.5234375000 0.0219726562 0.0156250000 0.0361328125
0 0.5454101562 0.0219726562 0.0166015625 0.0361328125
0 0.5659179688 0.0219726562 0.0126953125 0.0361328125
0 0.5874023438 0.0219726562 0.0146484375 0.0361328125
0 0.6088867188 0.0224609375 0.0146484375 0.0351562500
0 0.6308593750 0.0229492188 0.0156250000 0.0361328125
0 0.6518554688 0.0219726562 0.0166015625 0.0361328125
2 0.5004882812 0.5000000000 0.6279296875 0.6269531250
0 0.0341796875 0.3564453125 0.0351562500 0.0136718750
0 0.0351562500 0.3769531250 0.0351562500 0.0136718750
0 0.0336914062 0.3989257812 0.0322265625 0.0146484375
0 0.0341796875 0.4204101562 0.0332031250 0.0126953125
0 0.0346679688 0.4409179688 0.0322265625 0.0146484375
0 0.0341796875 0.4633789062 0.0332031250 0.0146484375
0 0.0336914062 0.4843750000 0.0322265625 0.0136718750
0 0.0332031250 0.5058593750 0.0312500000 0.0156250000
0 0.0332031250 0.5268554688 0.0351562500 0.0146484375
0 0.0341796875 0.5483398438 0.0332031250 0.0146484375
0 0.0341796875 0.5703125000 0.0332031250 0.0136718750
0 0.0336914062 0.5922851562 0.0322265625 0.0146484375
0 0.0336914062 0.6132812500 0.0322265625 0.0156250000
0 0.0332031250 0.6347656250 0.0312500000 0.0156250000
0 0.0327148438 0.6557617188 0.0341796875 0.0146484375
0 0.9882812500 0.3608398438 0.0234375000 0.0146484375
0 0.9887695312 0.3818359375 0.0224609375 0.0156250000
0 0.9887695312 0.4042968750 0.0224609375 0.0156250000
0 0.9882812500 0.4257812500 0.0234375000 0.0156250000
0 0.9882812500 0.4462890625 0.0234375000 0.0136718750
0 0.9882812500 0.4677734375 0.0234375000 0.0156250000
0 0.9892578125 0.4902343750 0.0214843750 0.0156250000
0 0.9887695312 0.5112304688 0.0224609375 0.0166015625
0 0.9882812500 0.5317382812 0.0234375000 0.0146484375
0 0.9882812500 0.5541992188 0.0234375000 0.0146484375
0 0.9887695312 0.5747070312 0.0224609375 0.0146484375
0 0.9882812500 0.5971679688 0.0234375000 0.0146484375
0 0.9873046875 0.6181640625 0.0253906250 0.0156250000
0 0.9873046875 0.6401367188 0.0253906250 0.0146484375
0 0.9873046875 0.6616210938 0.0253906250 0.0146484375
