0 0.0737304688 0.0488281250 0.0322265625 0.0117187500
0 0.1635742188 0.0493164062 0.0322265625 0.0146484375
3 0.1542968750 0.0834960938 0.0488281250 0.0498046875
2 0.4130859375 0.0712890625 0.3046875000 0.1425781250
0 0.2221679688 0.0200195312 0.0322265625 0.0146484375
0 0.2207031250 0.0424804688 0.0312500000 0.0146484375
0 0.2216796875 0.0620117188 0.0332031250 0.0146484375
0 0.2221679688 0.0844726562 0.0322265625 0.0166015625
0 0.2216796875 0.1064453125 0.0332031250 0.0156250000
0 0.2221679688 0.1284179688 0.0322265625 0.0166015625
0 0.2377929688 0.1713867188 0.0146484375 0.0322265625
0 0.2592773438 0.1704101562 0.0146484375 0.0341796875
0 0.2802734375 0.1708984375 0.0136718750 0.0332031250
0 0.3022460938 0.1708984375 0.0146484375 0.0332031250
0 0.3232421875 0.1723632812 0.0136718750 0.0341796875
0 0.3457031250 0.1723632812 0.0136718750 0.0361328125
0 0.3662109375 0.1723632812 0.0156250000 0.0341796875
0 0.3881835938 0.1713867188 0.0146484375 0.0341796875
0 0.4086914062 0.1713867188 0.0146484375 0.0341796875
0 0.4306640625 0.1713867188 0.0136718750 0.0361328125
0 0.4526367188 0.1713867188 0.0146484375 0.0341796875
0 0.4726562500 0.1718750000 0.0156250000 0.0351562500
0 0.4956054688 0.1708984375 0.0146484375 0.0332031250
0 0.5166015625 0.1718750000 0.0156250000 0.0332031250
0 0.5380859375 0.1718750000 0.0136718750 0.0332031250
0 0.5600585938 0.1708984375 0.0146484375 0.0332031250
0 0.5810546875 0.1708984375 0.0136718750 0.0351562500
0 0.6015625000 0.1718750000 0.0136718750 0.0351562500
0 0.6376953125 0.0039062500 0.0312500000 0.0078125000
0 0.6376953125 0.0209960938 0.0351562500 0.0146484375
0 0.6386718750 0.0424804688 0.0332031250 0.0146484375
0 0.6386718750 0.0644531250 0.0332031250 0.0136718750
0 0.6381835938 0.0864257812 0.0322265625 0.0146484375
0 0.6381835938 0.1074218750 0.0322265625 0.0156250000
0 0.6376953125 0.1289062500 0.0312500000 0.0156250000
0 0.6372070312 0.1499023438 0.0341796875 0.0146484375
3 0.5708007812 0.2519531250 0.0576171875 0.0566406250
3 0.1059570312 0.4726562500 0.2119140625 0.5527343750
0 0.2753906250 0.4501953125 0.0332031250 0.0156250000
1 0.2670898438 0.5546875000 0.0498046875 0.0214843750
2 0.4003906250 0.5000000000 0.1445312500 0.1230468750
0 0.5214843750 0.4580078125 0.0332031250 0.0156250000
1 0.5219726562 0.4775390625 0.0517578125 0.0214843750
1 0.5209960938 0.5034179688 0.0517578125 0.0185546875
1 0.5219726562 0.5317382812 0.0517578125 0.0205078125
1 0.5214843750 0.5576171875 0.0507812500 0.0214843750
3 0.7612304688 0.6889648438 0.0576171875 0.0537109375
1 0.9257812500 0.6821289062 0.0136718750 0.0322265625
1 0.9580078125 0.6816406250 0.0410156250 0.0917968750
1 0.9902343750 0.6806640625 0.0195312500 0.0527343750
0 0.4863281250 0.9125976562 0.0312500000 0.0166015625
3 0.6904296875 0.8710937500 0.1640625000 0.1640625000
3 0.9165039062 0.8710937500 0.1669921875 0.1699218750
