0 0.0073242188 0.5610351562 0.0146484375 0.0361328125
0 0.0288085938 0.5615234375 0.0146484375 0.0351562500
0 0.0507812500 0.5620117188 0.0156250000 0.0361328125
0 0.0717773438 0.5610351562 0.0166015625 0.0361328125
0 0.0195312500 0.1396484375 0.0156250000 0.0371093750
0 0.0410156250 0.1386718750 0.0136718750 0.0351562500
0 0.0620117188 0.1372070312 0.0166015625 0.0361328125
0 0.0981445312 0.1484375000 0.0322265625 0.0156250000
0 0.0981445312 0.1689453125 0.0322265625 0.0156250000
0 0.1000976562 0.1909179688 0.0341796875 0.0146484375
0 0.0991210938 0.2119140625 0.0322265625 0.0175781250
0 0.1000976562 0.2338867188 0.0322265625 0.0166015625
0 0.0986328125 0.2553710938 0.0351562500 0.0166015625
0 0.0986328125 0.2768554688 0.0312500000 0.0166015625
0 0.0996093750 0.2978515625 0.0332031250 0.0175781250
0 0.0986328125 0.3193359375 0.0332031250 0.0175781250
0 0.0986328125 0.3413085938 0.0332031250 0.0166015625
0 0.0981445312 0.3623046875 0.0322265625 0.0156250000
0 0.0991210938 0.3837890625 0.0322265625 0.0156250000
0 0.0986328125 0.4047851562 0.0332031250 0.0146484375
0 0.0986328125 0.4267578125 0.0332031250 0.0175781250
0 0.0991210938 0.4477539062 0.0341796875 0.0166015625
0 0.0981445312 0.4682617188 0.0322265625 0.0166015625
0 0.0981445312 0.4902343750 0.0341796875 0.0156250000
0 0.0976562500 0.5126953125 0.0332031250 0.0175781250
3 0.2749023438 0.3369140625 0.1396484375 0.0585937500
0 0.2299804688 0.2983398438 0.0341796875 0.0146484375
0 0.3305664062 0.2988281250 0.0341796875 0.0156250000
0 0.2294921875 0.3920898438 0.0312500000 0.0146484375
1 0.2836914062 0.3925781250 0.0498046875 0.0195312500
0 0.3374023438 0.3940429688 0.0302734375 0.0185546875
3 0.2729492188 0.4316406250 0.1396484375 0.0507812500
3 0.5004882812 0.5004882812 0.0556640625 0.0595703125
0 0.9375000000 0.3520507812 0.0332031250 0.0146484375
0 0.9375000000 0.3666992188 0.0332031250 0.0146484375
0 0.9350585938 0.5742187500 0.0341796875 0.0156250000
0 0.9345703125 0.5888671875 0.0351562500 0.0156250000
0 0.4140625000 0.8999023438 0.0351562500 0.0146484375
0 0.4145507812 0.9208984375 0.0341796875 0.0156250000
0 0.4140625000 0.9433593750 0.0332031250 0.0156250000
0 0.4135742188 0.9648437500 0.0341796875 0.0156250000
0 0.4135742188 0.9853515625 0.0341796875 0.0136718750
0 0.4516601562 0.8779296875 0.0146484375 0.0351562500
0 0.4731445312 0.8784179688 0.0166015625 0.0341796875
0 0.4946289062 0.8784179688 0.0166015625 0.0361328125
0 0.5161132812 0.8779296875 0.0146484375 0.0351562500
0 0.5371093750 0.8779296875 0.0136718750 0.0351562500
0 0.5595703125 0.8784179688 0.0136718750 0.0341796875
0 0.5800781250 0.8774414062 0.0136718750 0.0322265625
0 0.6020507812 0.8779296875 0.0146484375 0.0332031250
0 0.6240234375 0.8769531250 0.0156250000 0.0312500000
0 0.6450195312 0.8779296875 0.0146484375 0.0292968750
0 0.6655273438 0.8774414062 0.0166015625 0.0302734375
0 0.6879882812 0.8774414062 0.0146484375 0.0322265625
0 0.7089843750 0.8784179688 0.0156250000 0.0341796875
0 0.7299804688 0.8784179688 0.0146484375 0.0322265625
0 0.7519531250 0.8784179688 0.0136718750 0.0341796875
0 0.7739257812 0.8789062500 0.0146484375 0.0332031250
0 0.7954101562 0.8793945312 0.0146484375 0.0341796875
0 0.8168945312 0.8793945312 0.0146484375 0.0322265625
0 0.8310546875 0.9228515625 0.0312500000 0.0156250000
0 0.8325195312 0.9438476562 0.0322265625 0.0146484375
0 0.8300781250 0.9658203125 0.0312500000 0.0156250000
0 0.8305664062 0.9868164062 0.0322265625 0.0146484375
3 0.4873046875 0.7875976562 0.0566406250 0.0595703125
