3 0.1293945312 0.5004882812 0.2587890625 0.2548828125
3 0.2319335938 0.7416992188 0.0556640625 0.0615234375
3 0.6469726562 0.3398437500 0.0537109375 0.0605468750
0 0.4863281250 0.2153320312 0.0312500000 0.0166015625
3 0.6904296875 0.1738281250 0.1640625000 0.1640625000
3 0.9165039062 0.1738281250 0.1669921875 0.1699218750
1 0.6201171875 0.4682617188 0.1992187500 0.0908203125
1 0.6098632812 0.7758789062 0.0595703125 0.0283203125
1 0.6186523438 0.8549804688 0.1923828125 0.0869140625
0 0.9199218750 0.8569335938 0.0332031250 0.0166015625
0 0.9189453125 0.8725585938 0.0332031250 0.0146484375
