1 0.0546875000 0.1333007812 0.0136718750 0.0341796875
0 0.0522460938 0.2187500000 0.0322265625 0.0136718750
1 0.0874023438 0.1372070312 0.0419921875 0.0927734375
1 0.1279296875 0.1372070312 0.0175781250 0.0537109375
0 0.2680664062 0.2138671875 0.0341796875 0.0156250000
3 0.4389648438 0.1479492188 0.0576171875 0.0498046875
3 0.8906250000 0.1440429688 0.0546875000 0.0595703125
3 0.0434570312 0.8608398438 0.0654296875 0.0595703125
1 0.4433593750 0.6269531250 0.1484375000 0.0683593750
1 0.4199218750 0.9360351562 0.0605468750 0.0302734375
3 0.9414062500 0.8559570312 0.0546875000 0.0517578125
3 0.5000000000 0.5000000000 0.0546875000 0.0546875000
3 0.3549804688 0.3676757812 0.5380859375 0.1005859375
3 0.7836914062 0.3696289062 0.1357421875 0.1005859375
