1 0.9960937500 0.2895507812 0.0078125000 0.0322265625
1 0.9423828125 0.0136718750 0.0566406250 0.0195312500
1 0.9433593750 0.0419921875 0.0546875000 0.0195312500
0 0.9414062500 0.0776367188 0.0585937500 0.0283203125
0 0.9506835938 0.1425781250 0.0595703125 0.0292968750
1 0.9443359375 0.1088867188 0.0507812500 0.0185546875
1 0.9458007812 0.1689453125 0.0498046875 0.0214843750
1 0.8271484375 0.0336914062 0.1113281250 0.0478515625
1 0.8461914062 0.0664062500 0.0322265625 0.0156250000
0 0.8535156250 0.0849609375 0.0332031250 0.0156250000
1 0.6264648438 0.0683593750 0.0517578125 0.0214843750
1 0.6293945312 0.0180664062 0.1123046875 0.0361328125
1 0.4863281250 0.0087890625 0.0546875000 0.0175781250
1 0.3164062500 0.0434570312 0.1992187500 0.0869140625
1 0.2646484375 0.2001953125 0.1113281250 0.0468750000
0 0.4155273438 0.1552734375 0.0146484375 0.0312500000
0 0.4370117188 0.1542968750 0.0126953125 0.0312500000
0 0.4594726562 0.1542968750 0.0146484375 0.0332031250
0 0.4809570312 0.1547851562 0.0126953125 0.0322265625
0 0.5029296875 0.1552734375 0.0136718750 0.0312500000
0 0.5253906250 0.1542968750 0.0156250000 0.0332031250
0 0.5468750000 0.1542968750 0.0117187500 0.0332031250
0 0.5683593750 0.1542968750 0.0136718750 0.0332031250
0 0.5908203125 0.1538085938 0.0136718750 0.0341796875
0 0.6123046875 0.1533203125 0.0136718750 0.0332031250
0 0.6352539062 0.1538085938 0.0146484375 0.0322265625
0 0.6562500000 0.1533203125 0.0136718750 0.0312500000
0 0.6787109375 0.1542968750 0.0136718750 0.0332031250
0 0.7001953125 0.1533203125 0.0136718750 0.0332031250
0 0.7216796875 0.1528320312 0.0136718750 0.0341796875
0 0.7441406250 0.1528320312 0.0156250000 0.0341796875
0 0.7661132812 0.1523437500 0.0146484375 0.0332031250
0 0.7880859375 0.1528320312 0.0156250000 0.0341796875
0 0.8212890625 0.1699218750 0.0312500000 0.0175781250
0 0.8212890625 0.1914062500 0.0312500000 0.0156250000
0 0.8208007812 0.2133789062 0.0302734375 0.0146484375
0 0.8203125000 0.2348632812 0.0273437500 0.0146484375
0 0.8212890625 0.2573242188 0.0292968750 0.0146484375
0 0.8227539062 0.2788085938 0.0322265625 0.0146484375
0 0.8212890625 0.3002929688 0.0332031250 0.0146484375
0 0.8212890625 0.3222656250 0.0332031250 0.0156250000
0 0.8212890625 0.3442382812 0.0332031250 0.0166015625
0 0.8222656250 0.3662109375 0.0332031250 0.0156250000
0 0.8217773438 0.3881835938 0.0341796875 0.0146484375
0 0.8227539062 0.4101562500 0.0341796875 0.0156250000
0 0.8222656250 0.4331054688 0.0351562500 0.0146484375
0 0.8222656250 0.4541015625 0.0332031250 0.0136718750
0 0.8222656250 0.4770507812 0.0351562500 0.0146484375
1 0.2412109375 0.5004882812 0.1992187500 0.0849609375
1 0.2412109375 0.6416015625 0.1992187500 0.0859375000
0 0.3852539062 0.1933593750 0.0341796875 0.0156250000
0 0.3852539062 0.2148437500 0.0341796875 0.0136718750
0 0.3842773438 0.2368164062 0.0341796875 0.0146484375
0 0.3847656250 0.2583007812 0.0332031250 0.0146484375
0 0.3852539062 0.2807617188 0.0322265625 0.0146484375
0 0.3842773438 0.3032226562 0.0341796875 0.0146484375
0 0.3847656250 0.3242187500 0.0332031250 0.0136718750
0 0.3847656250 0.3457031250 0.0312500000 0.0156250000
0 0.3842773438 0.3681640625 0.0341796875 0.0136718750
0 0.3857421875 0.3901367188 0.0351562500 0.0146484375
0 0.3857421875 0.4125976562 0.0332031250 0.0126953125
0 0.3857421875 0.4345703125 0.0332031250 0.0136718750
0 0.3862304688 0.4555664062 0.0361328125 0.0146484375
0 0.4169921875 0.5112304688 0.0156250000 0.0361328125
0 0.4384765625 0.5102539062 0.0136718750 0.0341796875
0 0.4609375000 0.5107421875 0.0136718750 0.0332031250
0 0.4829101562 0.5112304688 0.0146484375 0.0341796875
0 0.5043945312 0.5102539062 0.0146484375 0.0341796875
0 0.5263671875 0.5102539062 0.0136718750 0.0341796875
0 0.5488281250 0.5102539062 0.0136718750 0.0341796875
0 0.5703125000 0.5107421875 0.0136718750 0.0371093750
0 0.5922851562 0.5102539062 0.0146484375 0.0341796875
0 0.6142578125 0.5097656250 0.0156250000 0.0351562500
0 0.6362304688 0.5097656250 0.0146484375 0.0351562500
0 0.6582031250 0.5097656250 0.0136718750 0.0332031250
0 0.6796875000 0.5097656250 0.0136718750 0.0332031250
0 0.7031250000 0.5097656250 0.0136718750 0.0332031250
0 0.7241210938 0.5092773438 0.0146484375 0.0341796875
0 0.7460937500 0.5097656250 0.0136718750 0.0351562500
0 0.7685546875 0.5097656250 0.0136718750 0.0351562500
0 0.7905273438 0.5097656250 0.0126953125 0.0351562500
0 0.7543945312 0.2290039062 0.0146484375 0.0322265625
1 0.5737304688 0.3398437500 0.0517578125 0.0214843750
1 0.6435546875 0.3408203125 0.0507812500 0.0195312500
1 0.6083984375 0.3022460938 0.0175781250 0.0537109375
1 0.6069335938 0.3784179688 0.0185546875 0.0537109375
1 0.5278320312 0.3027343750 0.0126953125 0.0351562500
1 0.5463867188 0.3027343750 0.0126953125 0.0332031250
1 0.5634765625 0.3017578125 0.0136718750 0.0332031250
1 0.5815429688 0.3017578125 0.0146484375 0.0371093750
1 0.5805664062 0.2304687500 0.0146484375 0.0371093750
1 0.6000976562 0.2299804688 0.0126953125 0.0341796875
1 0.6723632812 0.2846679688 0.0146484375 0.0361328125
1 0.6528320312 0.3007812500 0.0146484375 0.0332031250
1 0.6362304688 0.3022460938 0.0126953125 0.0341796875
1 0.5288085938 0.3750000000 0.0126953125 0.0351562500
1 0.5463867188 0.3759765625 0.0126953125 0.0351562500
1 0.5820312500 0.4291992188 0.0136718750 0.0341796875
1 0.6010742188 0.4277343750 0.0126953125 0.0351562500
1 0.6538085938 0.3750000000 0.0126953125 0.0332031250
1 0.6723632812 0.3740234375 0.0126953125 0.0351562500
1 0.9077148438 0.2294921875 0.0537109375 0.0175781250
1 0.9252929688 0.3046875000 0.1103515625 0.0468750000
1 0.9096679688 0.3608398438 0.0537109375 0.0205078125
1 0.9106445312 0.3896484375 0.0537109375 0.0214843750
1 0.9091796875 0.4238281250 0.0527343750 0.0195312500
1 0.9106445312 0.4877929688 0.0517578125 0.0205078125
1 0.8955078125 0.5478515625 0.0332031250 0.0156250000
1 0.8979492188 0.5693359375 0.0517578125 0.0195312500
1 0.8994140625 0.6225585938 0.1093750000 0.0458984375
1 0.9843750000 0.6362304688 0.0312500000 0.0205078125
1 0.8979492188 0.6782226562 0.1103515625 0.0498046875
1 0.9028320312 0.7202148438 0.0576171875 0.0283203125
1 0.9018554688 0.7500000000 0.0517578125 0.0214843750
1 0.9023437500 0.8173828125 0.1113281250 0.0468750000
1 0.9003906250 0.8984375000 0.1113281250 0.0468750000
1 0.6098632812 0.5869140625 0.0517578125 0.0175781250
1 0.6088867188 0.6113281250 0.0517578125 0.0195312500
1 0.4794921875 0.6191406250 0.1113281250 0.0468750000
1 0.3242187500 0.7158203125 0.1113281250 0.0468750000
1 0.3251953125 0.7700195312 0.1113281250 0.0478515625
1 0.3901367188 0.8403320312 0.0517578125 0.0205078125
1 0.3901367188 0.8618164062 0.0341796875 0.0146484375
1 0.6416015625 0.6665039062 0.1992187500 0.0849609375
1 0.6406250000 0.7641601562 0.1992187500 0.0849609375
1 0.6333007812 0.8559570312 0.1123046875 0.0478515625
