3 0.0375976562 0.5415039062 0.0576171875 0.0537109375
2 0.5000000000 0.4619140625 0.2675781250 0.3027343750
0 0.3369140625 0.2832031250 0.0332031250 0.0136718750
0 0.3359375000 0.3046875000 0.0312500000 0.0136718750
0 0.3364257812 0.3251953125 0.0302734375 0.0136718750
0 0.3359375000 0.3466796875 0.0332031250 0.0136718750
0 0.3369140625 0.3676757812 0.0312500000 0.0146484375
0 0.3364257812 0.3896484375 0.0322265625 0.0136718750
0 0.3359375000 0.4106445312 0.0332031250 0.0146484375
0 0.3354492188 0.4321289062 0.0322265625 0.0146484375
0 0.3354492188 0.4541015625 0.0322265625 0.0156250000
0 0.3349609375 0.4755859375 0.0332031250 0.0136718750
0 0.3359375000 0.4960937500 0.0332031250 0.0136718750
0 0.3354492188 0.5170898438 0.0341796875 0.0166015625
0 0.3349609375 0.5385742188 0.0332031250 0.0146484375
0 0.3349609375 0.5605468750 0.0312500000 0.0136718750
0 0.3339843750 0.5810546875 0.0312500000 0.0136718750
0 0.3354492188 0.6035156250 0.0322265625 0.0156250000
0 0.3349609375 0.6245117188 0.0332031250 0.0146484375
0 0.3369140625 0.6455078125 0.0292968750 0.0156250000
0 0.3583984375 0.6958007812 0.0156250000 0.0361328125
0 0.3793945312 0.6943359375 0.0146484375 0.0351562500
0 0.4013671875 0.6958007812 0.0156250000 0.0341796875
0 0.4223632812 0.6953125000 0.0146484375 0.0351562500
0 0.4428710938 0.6948242188 0.0146484375 0.0341796875
0 0.4648437500 0.6943359375 0.0156250000 0.0332031250
0 0.4873046875 0.6953125000 0.0156250000 0.0351562500
0 0.5078125000 0.6948242188 0.0156250000 0.0341796875
0 0.5292968750 0.6958007812 0.0156250000 0.0361328125
0 0.5512695312 0.6958007812 0.0166015625 0.0361328125
0 0.5717773438 0.6958007812 0.0126953125 0.0361328125
0 0.5932617188 0.6958007812 0.0146484375 0.0361328125
0 0.6147460938 0.6962890625 0.0146484375 0.0351562500
0 0.6367187500 0.6967773438 0.0156250000 0.0361328125
0 0.6577148438 0.6958007812 0.0166015625 0.0361328125
0 0.3916015625 0.2729492188 0.0156250000 0.0322265625
0 0.4125976562 0.2739257812 0.0166015625 0.0361328125
0 0.4335937500 0.2729492188 0.0156250000 0.0341796875
0 0.4555664062 0.2729492188 0.0166015625 0.0341796875
0 0.4775390625 0.2719726562 0.0156250000 0.0322265625
0 0.4990234375 0.2739257812 0.0156250000 0.0341796875
0 0.5200195312 0.2734375000 0.0166015625 0.0332031250
0 0.5415039062 0.2734375000 0.0146484375 0.0371093750
0 0.5629882812 0.2734375000 0.0166015625 0.0371093750
0 0.5839843750 0.2734375000 0.0156250000 0.0351562500
0 0.6054687500 0.2744140625 0.0156250000 0.0371093750
0 0.6269531250 0.2734375000 0.0136718750 0.0351562500
0 0.6479492188 0.2719726562 0.0166015625 0.0361328125
0 0.6840820312 0.2832031250 0.0322265625 0.0156250000
0 0.6840820312 0.3037109375 0.0322265625 0.0156250000
0 0.6860351562 0.3256835938 0.0341796875 0.0146484375
0 0.6850585938 0.3466796875 0.0322265625 0.0175781250
0 0.6860351562 0.3686523438 0.0322265625 0.0166015625
0 0.6845703125 0.3901367188 0.0351562500 0.0166015625
0 0.6845703125 0.4116210938 0.0312500000 0.0166015625
0 0.6855468750 0.4326171875 0.0332031250 0.0175781250
0 0.6845703125 0.4541015625 0.0332031250 0.0175781250
0 0.6845703125 0.4760742188 0.0332031250 0.0166015625
0 0.6840820312 0.4970703125 0.0322265625 0.0156250000
0 0.6850585938 0.5185546875 0.0322265625 0.0156250000
0 0.6845703125 0.5395507812 0.0332031250 0.0146484375
0 0.6845703125 0.5615234375 0.0332031250 0.0175781250
0 0.6850585938 0.5825195312 0.0341796875 0.0166015625
0 0.6840820312 0.6030273438 0.0322265625 0.0166015625
0 0.6840820312 0.6250000000 0.0341796875 0.0156250000
0 0.6835937500 0.6474609375 0.0332031250 0.0175781250
3 0.8608398438 0.4716796875 0.1396484375 0.0585937500
0 0.8159179688 0.4331054688 0.0341796875 0.0146484375
0 0.9165039062 0.4335937500 0.0341796875 0.0156250000
0 0.8154296875 0.5268554688 0.0312500000 0.0146484375
1 0.8696289062 0.5273437500 0.0498046875 0.0195312500
0 0.9233398438 0.5288085938 0.0302734375 0.0185546875
3 0.8588867188 0.5664062500 0.1396484375 0.0507812500
