0 0.8164062500 0.0346679688 0.0332031250 0.0166015625
3 0.8291015625 0.1655273438 0.0527343750 0.0517578125
3 0.2456054688 0.3447265625 0.0791015625 0.0957031250
3 0.5000000000 0.5000000000 0.1425781250 0.0507812500
2 0.6923828125 0.5737304688 0.1386718750 0.1201171875
2 0.6928710938 0.8076171875 0.1376953125 0.1230468750
3 0.4799804688 0.8417968750 0.0966796875 0.3164062500
0 0.1108398438 0.5419921875 0.1025390625 0.0468750000
0 0.1381835938 0.6674804688 0.0322265625 0.0146484375
1 0.0898437500 0.7280273438 0.1796875000 0.0849609375
1 0.2602539062 0.7416992188 0.0595703125 0.0302734375
1 0.2094726562 0.7958984375 0.0595703125 0.0292968750
1 0.2089843750 0.8403320312 0.0527343750 0.0205078125
1 0.2836914062 0.8779296875 0.0283203125 0.0605468750
1 0.2846679688 0.9633789062 0.0302734375 0.0615234375
1 0.2080078125 0.9287109375 0.0839843750 0.1425781250
2 0.0747070312 0.9135742188 0.1376953125 0.1728515625
