3 0.1083984375 0.0249023438 0.1406250000 0.0498046875
0 0.0737304688 0.0761718750 0.0322265625 0.0117187500
0 0.1635742188 0.0766601562 0.0322265625 0.0146484375
3 0.1542968750 0.1108398438 0.0488281250 0.0498046875
2 0.4130859375 0.0849609375 0.3046875000 0.1699218750
0 0.2226562500 0.0058593750 0.0312500000 0.0117187500
0 0.2226562500 0.0263671875 0.0332031250 0.0156250000
0 0.2221679688 0.0473632812 0.0322265625 0.0146484375
0 0.2207031250 0.0698242188 0.0312500000 0.0146484375
0 0.2216796875 0.0893554688 0.0332031250 0.0146484375
0 0.2221679688 0.1118164062 0.0322265625 0.0166015625
0 0.2216796875 0.1337890625 0.0332031250 0.0156250000
0 0.2221679688 0.1557617188 0.0322265625 0.0166015625
0 0.2377929688 0.1987304688 0.0146484375 0.0322265625
0 0.2592773438 0.1977539062 0.0146484375 0.0341796875
0 0.2802734375 0.1982421875 0.0136718750 0.0332031250
0 0.3022460938 0.1982421875 0.0146484375 0.0332031250
0 0.3232421875 0.1997070312 0.0136718750 0.0341796875
0 0.3457031250 0.1997070312 0.0136718750 0.0361328125
0 0.3662109375 0.1997070312 0.0156250000 0.0341796875
0 0.3881835938 0.1987304688 0.0146484375 0.0341796875
0 0.4086914062 0.1987304688 0.0146484375 0.0341796875
0 0.4306640625 0.1987304688 0.0136718750 0.0361328125
0 0.4526367188 0.1987304688 0.0146484375 0.0341796875
0 0.4726562500 0.1992187500 0.0156250000 0.0351562500
0 0.4956054688 0.1982421875 0.0146484375 0.0332031250
0 0.5166015625 0.1992187500 0.0156250000 0.0332031250
0 0.5380859375 0.1992187500 0.0136718750 0.0332031250
0 0.5600585938 0.1982421875 0.0146484375 0.0332031250
0 0.5810546875 0.1982421875 0.0136718750 0.0351562500
0 0.6015625000 0.1992187500 0.0136718750 0.0351562500
0 0.6381835938 0.0063476562 0.0322265625 0.0126953125
0 0.6376953125 0.0273437500 0.0312500000 0.0156250000
0 0.6376953125 0.0483398438 0.0351562500 0.0146484375
0 0.6386718750 0.0698242188 0.0332031250 0.0146484375
0 0.6386718750 0.0917968750 0.0332031250 0.0136718750
0 0.6381835938 0.1137695312 0.0322265625 0.0146484375
0 0.6381835938 0.1347656250 0.0322265625 0.0156250000
0 0.6376953125 0.1562500000 0.0312500000 0.0156250000
0 0.6372070312 0.1772460938 0.0341796875 0.0146484375
3 0.5708007812 0.2792968750 0.0576171875 0.0566406250
3 0.1059570312 0.5000000000 0.2119140625 0.5527343750
0 0.2753906250 0.4775390625 0.0332031250 0.0156250000
1 0.2670898438 0.5820312500 0.0498046875 0.0214843750
2 0.4003906250 0.5273437500 0.1445312500 0.1230468750
0 0.5214843750 0.4853515625 0.0332031250 0.0156250000
1 0.5219726562 0.5048828125 0.0517578125 0.0214843750
1 0.5209960938 0.5307617188 0.0517578125 0.0185546875
1 0.5219726562 0.5590820312 0.0517578125 0.0205078125
1 0.5214843750 0.5849609375 0.0507812500 0.0214843750
3 0.7612304688 0.7163085938 0.0576171875 0.0537109375
1 0.9257812500 0.7094726562 0.0136718750 0.0322265625
1 0.9580078125 0.7089843750 0.0410156250 0.0917968750
1 0.9902343750 0.7080078125 0.0195312500 0.0527343750
0 0.4863281250 0.9399414062 0.0312500000 0.0166015625
3 0.6904296875 0.8984375000 0.1640625000 0.1640625000
3 0.9165039062 0.8984375000 0.1669921875 0.1699218750
