3 0.9047851562 0.9501953125 0.0615234375 0.0546875000
1 0.3061523438 0.0639648438 0.1962890625 0.0830078125
0 0.6811523438 0.0102539062 0.0322265625 0.0146484375
1 0.6259765625 0.0708007812 0.1933593750 0.0849609375
1 0.8032226562 0.0844726562 0.0595703125 0.0302734375
1 0.7524414062 0.1386718750 0.0595703125 0.0292968750
1 0.7519531250 0.1831054688 0.0527343750 0.0205078125
1 0.5039062500 0.1098632812 0.0332031250 0.0146484375
1 0.5200195312 0.1474609375 0.0458984375 0.0195312500
1 0.5185546875 0.1879882812 0.0468750000 0.0185546875
1 0.5175781250 0.2275390625 0.0527343750 0.0195312500
1 0.8266601562 0.2207031250 0.0283203125 0.0605468750
1 0.8276367188 0.3061523438 0.0302734375 0.0615234375
1 0.7509765625 0.2963867188 0.0839843750 0.1923828125
2 0.6176757812 0.2592773438 0.1376953125 0.1787109375
0 0.4580078125 0.1079101562 0.0507812500 0.0205078125
0 0.5043945312 0.1269531250 0.0341796875 0.0156250000
0 0.5043945312 0.1674804688 0.0302734375 0.0166015625
0 0.5053710938 0.2084960938 0.0322265625 0.0166015625
0 0.3330078125 0.5205078125 0.1113281250 0.0468750000
1 0.3383789062 0.5605468750 0.0517578125 0.0234375000
1 0.3310546875 0.6196289062 0.1933593750 0.0869140625
1 0.3369140625 0.6806640625 0.0507812500 0.0234375000
1 0.5043945312 0.4340820312 0.0517578125 0.0224609375
1 0.4921875000 0.6723632812 0.0507812500 0.0224609375
3 0.5908203125 0.6191406250 0.0527343750 0.0585937500
1 0.4404296875 0.7880859375 0.1503906250 0.0683593750
3 0.5000000000 0.5000000000 0.1328125000 0.0878906250
