0 0.8090820312 0.0292968750 0.0341796875 0.0156250000
0 0.8085937500 0.0439453125 0.0351562500 0.0156250000
0 0.2880859375 0.3549804688 0.0351562500 0.0146484375
0 0.2885742188 0.3759765625 0.0341796875 0.0156250000
0 0.2880859375 0.3984375000 0.0332031250 0.0156250000
0 0.2875976562 0.4199218750 0.0341796875 0.0156250000
0 0.2875976562 0.4404296875 0.0341796875 0.0136718750
0 0.2875976562 0.4619140625 0.0341796875 0.0156250000
0 0.2885742188 0.4843750000 0.0322265625 0.0156250000
0 0.2880859375 0.5053710938 0.0332031250 0.0166015625
0 0.2871093750 0.5258789062 0.0332031250 0.0146484375
0 0.2866210938 0.5483398438 0.0322265625 0.0146484375
0 0.2875976562 0.5688476562 0.0322265625 0.0146484375
0 0.2866210938 0.5913085938 0.0322265625 0.0146484375
0 0.2866210938 0.6123046875 0.0361328125 0.0156250000
0 0.2856445312 0.6342773438 0.0341796875 0.0146484375
0 0.2861328125 0.6557617188 0.0351562500 0.0146484375
0 0.3256835938 0.6728515625 0.0146484375 0.0312500000
0 0.3461914062 0.6723632812 0.0146484375 0.0302734375
0 0.3681640625 0.6728515625 0.0156250000 0.0332031250
0 0.3891601562 0.6733398438 0.0146484375 0.0361328125
0 0.4101562500 0.6733398438 0.0156250000 0.0361328125
0 0.4321289062 0.6718750000 0.0166015625 0.0332031250
0 0.4536132812 0.6723632812 0.0146484375 0.0341796875
0 0.4750976562 0.6738281250 0.0146484375 0.0351562500
0 0.4965820312 0.6733398438 0.0146484375 0.0341796875
0 0.5180664062 0.6738281250 0.0166015625 0.0351562500
0 0.5385742188 0.6728515625 0.0146484375 0.0332031250
0 0.5610351562 0.6723632812 0.0146484375 0.0341796875
0 0.5820312500 0.6733398438 0.0156250000 0.0322265625
0 0.6040039062 0.6728515625 0.0146484375 0.0332031250
0 0.6250000000 0.6718750000 0.0136718750 0.0332031250
0 0.6464843750 0.6733398438 0.0156250000 0.0361328125
0 0.6674804688 0.6733398438 0.0146484375 0.0341796875
0 0.6899414062 0.6728515625 0.0166015625 0.0351562500
0 0.3256835938 0.3330078125 0.0146484375 0.0351562500
0 0.3471679688 0.3334960938 0.0166015625 0.0341796875
0 0.3686523438 0.3334960938 0.0166015625 0.0361328125
0 0.3901367188 0.3330078125 0.0146484375 0.0351562500
0 0.4111328125 0.3330078125 0.0136718750 0.0351562500
0 0.4335937500 0.3334960938 0.0136718750 0.0341796875
0 0.4541015625 0.3325195312 0.0136718750 0.0322265625
0 0.4760742188 0.3330078125 0.0146484375 0.0332031250
0 0.4980468750 0.3320312500 0.0156250000 0.0312500000
0 0.5190429688 0.3330078125 0.0146484375 0.0292968750
0 0.5395507812 0.3325195312 0.0166015625 0.0302734375
0 0.5620117188 0.3325195312 0.0146484375 0.0322265625
0 0.5830078125 0.3334960938 0.0156250000 0.0341796875
0 0.6040039062 0.3334960938 0.0146484375 0.0322265625
0 0.6259765625 0.3334960938 0.0136718750 0.0341796875
0 0.6479492188 0.3339843750 0.0146484375 0.0332031250
0 0.6694335938 0.3344726562 0.0146484375 0.0341796875
0 0.6909179688 0.3344726562 0.0146484375 0.0322265625
0 0.7050781250 0.3779296875 0.0312500000 0.0156250000
0 0.7065429688 0.3989257812 0.0322265625 0.0146484375
0 0.7041015625 0.4208984375 0.0312500000 0.0156250000
0 0.7045898438 0.4418945312 0.0322265625 0.0146484375
0 0.7060546875 0.4633789062 0.0312500000 0.0146484375
0 0.7045898438 0.4853515625 0.0302734375 0.0136718750
0 0.7055664062 0.5068359375 0.0302734375 0.0156250000
0 0.7055664062 0.5278320312 0.0302734375 0.0146484375
0 0.7050781250 0.5498046875 0.0312500000 0.0156250000
0 0.7055664062 0.5708007812 0.0302734375 0.0146484375
0 0.7050781250 0.5913085938 0.0332031250 0.0146484375
0 0.7050781250 0.6137695312 0.0332031250 0.0146484375
0 0.7045898438 0.6342773438 0.0322265625 0.0146484375
2 0.5000000000 0.5000000000 0.3007812500 0.2695312500
0 0.7944335938 0.4619140625 0.0302734375 0.0156250000
3 0.8920898438 0.4985351562 0.0458984375 0.0478515625
1 0.8540039062 0.5449218750 0.0478515625 0.0195312500
0 0.9028320312 0.5468750000 0.0322265625 0.0136718750
3 0.7983398438 0.5839843750 0.0439453125 0.0507812500
3 0.3212890625 0.8168945312 0.0566406250 0.0556640625
3 0.8950195312 0.7441406250 0.0556640625 0.0605468750
1 0.9370117188 0.9379882812 0.1259765625 0.0830078125
3 0.3613281250 0.2426757812 0.0566406250 0.0595703125
