1 0.8535156250 0.0046386719 0.0263671875 0.0092773438
1 0.8542480469 0.0166015625 0.0268554688 0.0097656250
1 0.7668457031 0.0151367188 0.0170898438 0.0078125000
1 0.7307128906 0.0236816406 0.0170898438 0.0092773438
1 0.7395019531 0.0412597656 0.0170898438 0.0073242188
1 0.6772460938 0.0061035156 0.0156250000 0.0073242188
1 0.6948242188 0.0148925781 0.0175781250 0.0083007812
1 0.6997070312 0.0275878906 0.0068359375 0.0170898438
1 0.7399902344 0.0600585938 0.0180664062 0.0078125000
1 0.7395019531 0.0683593750 0.0180664062 0.0078125000
1 0.6816406250 0.0463867188 0.0068359375 0.0166015625
1 0.6901855469 0.0466308594 0.0073242188 0.0170898438
1 0.7045898438 0.0590820312 0.0166015625 0.0078125000
1 0.7048339844 0.0776367188 0.0170898438 0.0078125000
1 0.6591796875 0.0473632812 0.0097656250 0.0263671875
1 0.6457519531 0.0461425781 0.0083007812 0.0170898438
0 0.8112792969 0.0327148438 0.0151367188 0.0068359375
0 0.7932128906 0.0412597656 0.0170898438 0.0073242188
0 0.7934570312 0.0686035156 0.0175781250 0.0083007812
0 0.8115234375 0.0686035156 0.0185546875 0.0083007812
0 0.8217773438 0.0400390625 0.0156250000 0.0078125000
0 0.8222656250 0.0476074219 0.0156250000 0.0073242188
1 0.8117675781 0.0778808594 0.0161132812 0.0073242188
0 0.9968261719 0.0092773438 0.0063476562 0.0185546875
0 0.9868164062 0.0095214844 0.0068359375 0.0180664062
0 0.9755859375 0.0097656250 0.0078125000 0.0195312500
0 0.9096679688 0.0087890625 0.0068359375 0.0175781250
0 0.9213867188 0.0102539062 0.0068359375 0.0185546875
0 0.9323730469 0.0097656250 0.0073242188 0.0195312500
0 0.9423828125 0.0090332031 0.0078125000 0.0180664062
0 0.9536132812 0.0092773438 0.0078125000 0.0185546875
0 0.9645996094 0.0090332031 0.0073242188 0.0180664062
0 0.8952636719 0.0236816406 0.0161132812 0.0063476562
0 0.8950195312 0.0344238281 0.0156250000 0.0073242188
0 0.8952636719 0.0454101562 0.0170898438 0.0078125000
0 0.8950195312 0.0566406250 0.0175781250 0.0078125000
0 0.8955078125 0.0676269531 0.0166015625 0.0073242188
0 0.8957519531 0.0781250000 0.0170898438 0.0068359375
0 0.8952636719 0.0893554688 0.0161132812 0.0078125000
0 0.8959960938 0.1005859375 0.0166015625 0.0058593750
0 0.8959960938 0.1113281250 0.0166015625 0.0068359375
0 0.8962402344 0.1223144531 0.0161132812 0.0073242188
0 0.8959960938 0.1333007812 0.0166015625 0.0068359375
0 0.8955078125 0.1445312500 0.0166015625 0.0068359375
0 0.8962402344 0.1547851562 0.0170898438 0.0078125000
0 0.8955078125 0.1657714844 0.0156250000 0.0073242188
0 0.8959960938 0.1767578125 0.0166015625 0.0068359375
0 0.9116210938 0.1855468750 0.0068359375 0.0166015625
0 0.9221191406 0.1857910156 0.0073242188 0.0170898438
0 0.9326171875 0.1855468750 0.0068359375 0.0166015625
0 0.9440917969 0.1853027344 0.0073242188 0.0180664062
0 0.9548339844 0.1857910156 0.0092773438 0.0180664062
0 0.9970703125 0.1853027344 0.0058593750 0.0190429688
0 0.9877929688 0.1853027344 0.0078125000 0.0180664062
0 0.9765625000 0.1853027344 0.0078125000 0.0170898438
0 0.9655761719 0.1860351562 0.0073242188 0.0185546875
1 0.8837890625 0.2202148438 0.0556640625 0.0224609375
1 0.9887695312 0.0930175781 0.0224609375 0.0092773438
1 0.9748535156 0.0764160156 0.0063476562 0.0170898438
1 0.9836425781 0.0754394531 0.0063476562 0.0170898438
1 0.9755859375 0.1113281250 0.0068359375 0.0166015625
1 0.9846191406 0.1115722656 0.0063476562 0.0170898438
1 0.9931640625 0.1120605469 0.0068359375 0.0180664062
0 0.9362792969 0.1394042969 0.0053710938 0.0161132812
1 0.8552246094 0.1113281250 0.0268554688 0.0087890625
1 0.8554687500 0.1223144531 0.0263671875 0.0102539062
1 0.8552246094 0.1340332031 0.0258789062 0.0102539062
1 0.8557128906 0.1584472656 0.0258789062 0.0102539062
1 0.8522949219 0.1838378906 0.0170898438 0.0063476562
0 0.5510253906 0.0241699219 0.0161132812 0.0073242188
0 0.5332031250 0.0332031250 0.0156250000 0.0078125000
0 0.5517578125 0.0332031250 0.0146484375 0.0078125000
0 0.5329589844 0.0419921875 0.0161132812 0.0078125000
0 0.5244140625 0.0781250000 0.0175781250 0.0078125000
0 0.5251464844 0.0874023438 0.0170898438 0.0068359375
1 0.5512695312 0.0156250000 0.0166015625 0.0068359375
1 0.6049804688 0.0236816406 0.0166015625 0.0083007812
1 0.6276855469 0.0114746094 0.0063476562 0.0180664062
1 0.6362304688 0.0200195312 0.0058593750 0.0185546875
1 0.6186523438 0.0285644531 0.0068359375 0.0180664062
1 0.6276855469 0.0463867188 0.0073242188 0.0166015625
1 0.6142578125 0.0507812500 0.0156250000 0.0087890625
1 0.5781250000 0.0417480469 0.0166015625 0.0092773438
1 0.5783691406 0.0603027344 0.0170898438 0.0073242188
1 0.5781250000 0.0686035156 0.0166015625 0.0073242188
1 0.6142578125 0.0690917969 0.0185546875 0.0092773438
1 0.5515136719 0.0600585938 0.0170898438 0.0087890625
0 0.7080078125 0.0275878906 0.0058593750 0.0161132812
1 0.4997558594 0.0759277344 0.0073242188 0.0161132812
1 0.6149902344 0.0910644531 0.0258789062 0.0102539062
0 0.4753417969 0.0048828125 0.0297851562 0.0097656250
1 0.4729003906 0.0156250000 0.0249023438 0.0107421875
1 0.1323242188 0.0312500000 0.0556640625 0.0234375000
0 0.2077636719 0.0087890625 0.0073242188 0.0156250000
0 0.2185058594 0.0083007812 0.0063476562 0.0156250000
0 0.2297363281 0.0083007812 0.0073242188 0.0166015625
0 0.2404785156 0.0085449219 0.0063476562 0.0161132812
0 0.2514648438 0.0087890625 0.0068359375 0.0156250000
0 0.2626953125 0.0083007812 0.0078125000 0.0166015625
0 0.2734375000 0.0083007812 0.0058593750 0.0166015625
0 0.2841796875 0.0083007812 0.0068359375 0.0166015625
0 0.2954101562 0.0083007812 0.0068359375 0.0166015625
0 0.3061523438 0.0080566406 0.0068359375 0.0161132812
0 0.3176269531 0.0080566406 0.0073242188 0.0161132812
0 0.3281250000 0.0078125000 0.0068359375 0.0156250000
0 0.3393554688 0.0083007812 0.0068359375 0.0166015625
0 0.3500976562 0.0080566406 0.0068359375 0.0161132812
0 0.3608398438 0.0080566406 0.0068359375 0.0161132812
0 0.3720703125 0.0080566406 0.0078125000 0.0161132812
0 0.3830566406 0.0078125000 0.0073242188 0.0156250000
0 0.3940429688 0.0080566406 0.0078125000 0.0161132812
0 0.4106445312 0.0161132812 0.0156250000 0.0087890625
0 0.4106445312 0.0268554688 0.0156250000 0.0078125000
0 0.4104003906 0.0378417969 0.0151367188 0.0073242188
0 0.4101562500 0.0485839844 0.0136718750 0.0073242188
0 0.4106445312 0.0598144531 0.0146484375 0.0073242188
0 0.4113769531 0.0705566406 0.0161132812 0.0073242188
0 0.4106445312 0.0812988281 0.0166015625 0.0073242188
0 0.4106445312 0.0922851562 0.0166015625 0.0078125000
0 0.4106445312 0.1032714844 0.0166015625 0.0083007812
0 0.4111328125 0.1142578125 0.0166015625 0.0078125000
0 0.4108886719 0.1252441406 0.0170898438 0.0073242188
0 0.4113769531 0.1362304688 0.0170898438 0.0078125000
0 0.4111328125 0.1477050781 0.0175781250 0.0073242188
0 0.4111328125 0.1582031250 0.0166015625 0.0068359375
0 0.4111328125 0.1696777344 0.0175781250 0.0073242188
1 0.1206054688 0.1813964844 0.0996093750 0.0424804688
1 0.1206054688 0.2519531250 0.0996093750 0.0429687500
0 0.1926269531 0.0278320312 0.0170898438 0.0078125000
0 0.1926269531 0.0385742188 0.0170898438 0.0068359375
0 0.1921386719 0.0495605469 0.0170898438 0.0073242188
0 0.1923828125 0.0603027344 0.0166015625 0.0073242188
0 0.1926269531 0.0715332031 0.0161132812 0.0073242188
0 0.1921386719 0.0827636719 0.0170898438 0.0073242188
0 0.1923828125 0.0932617188 0.0166015625 0.0068359375
0 0.1923828125 0.1040039062 0.0156250000 0.0078125000
0 0.1921386719 0.1152343750 0.0170898438 0.0068359375
0 0.1928710938 0.1262207031 0.0175781250 0.0073242188
0 0.1928710938 0.1374511719 0.0166015625 0.0063476562
0 0.1928710938 0.1484375000 0.0166015625 0.0068359375
0 0.1931152344 0.1589355469 0.0180664062 0.0073242188
0 0.2084960938 0.1867675781 0.0078125000 0.0180664062
0 0.2192382812 0.1862792969 0.0068359375 0.0170898438
0 0.2304687500 0.1865234375 0.0068359375 0.0166015625
0 0.2414550781 0.1867675781 0.0073242188 0.0170898438
0 0.2521972656 0.1862792969 0.0073242188 0.0170898438
0 0.2631835938 0.1862792969 0.0068359375 0.0170898438
0 0.2744140625 0.1862792969 0.0068359375 0.0170898438
0 0.2851562500 0.1865234375 0.0068359375 0.0185546875
0 0.2961425781 0.1862792969 0.0073242188 0.0170898438
0 0.3071289062 0.1860351562 0.0078125000 0.0175781250
0 0.3181152344 0.1860351562 0.0073242188 0.0175781250
0 0.3291015625 0.1860351562 0.0068359375 0.0166015625
0 0.3398437500 0.1860351562 0.0068359375 0.0166015625
0 0.3515625000 0.1860351562 0.0068359375 0.0166015625
0 0.3620605469 0.1857910156 0.0073242188 0.0170898438
0 0.3730468750 0.1860351562 0.0068359375 0.0175781250
0 0.3842773438 0.1860351562 0.0068359375 0.0175781250
0 0.3952636719 0.1860351562 0.0063476562 0.0175781250
0 0.3771972656 0.0456542969 0.0073242188 0.0161132812
1 0.2868652344 0.1010742188 0.0258789062 0.0107421875
1 0.3217773438 0.1015625000 0.0253906250 0.0097656250
1 0.3041992188 0.0822753906 0.0087890625 0.0268554688
1 0.3034667969 0.1203613281 0.0092773438 0.0268554688
1 0.2639160156 0.0825195312 0.0063476562 0.0175781250
1 0.2731933594 0.0825195312 0.0063476562 0.0166015625
1 0.2817382812 0.0820312500 0.0068359375 0.0166015625
1 0.2907714844 0.0820312500 0.0073242188 0.0185546875
1 0.2902832031 0.0463867188 0.0073242188 0.0185546875
1 0.3000488281 0.0461425781 0.0063476562 0.0170898438
1 0.3361816406 0.0734863281 0.0073242188 0.0180664062
1 0.3264160156 0.0815429688 0.0073242188 0.0166015625
1 0.3181152344 0.0822753906 0.0063476562 0.0170898438
1 0.2644042969 0.1186523438 0.0063476562 0.0175781250
1 0.2731933594 0.1191406250 0.0063476562 0.0175781250
1 0.2910156250 0.1457519531 0.0068359375 0.0170898438
1 0.3005371094 0.1450195312 0.0063476562 0.0175781250
1 0.3269042969 0.1186523438 0.0063476562 0.0166015625
1 0.3361816406 0.1181640625 0.0063476562 0.0175781250
1 0.4538574219 0.0458984375 0.0268554688 0.0087890625
1 0.4626464844 0.0834960938 0.0551757812 0.0234375000
1 0.5109863281 0.1005859375 0.0073242188 0.0166015625
1 0.4548339844 0.1115722656 0.0268554688 0.0102539062
1 0.4553222656 0.1259765625 0.0268554688 0.0107421875
1 0.4545898438 0.1430664062 0.0263671875 0.0097656250
1 0.4553222656 0.1750488281 0.0258789062 0.0102539062
1 0.4477539062 0.2050781250 0.0166015625 0.0078125000
1 0.4489746094 0.2158203125 0.0258789062 0.0097656250
1 0.4497070312 0.2424316406 0.0546875000 0.0229492188
1 0.4970703125 0.2492675781 0.0253906250 0.0102539062
1 0.4489746094 0.2702636719 0.0551757812 0.0249023438
1 0.4514160156 0.2912597656 0.0288085938 0.0141601562
1 0.4509277344 0.3061523438 0.0258789062 0.0107421875
1 0.5090332031 0.2839355469 0.0092773438 0.0278320312
1 0.4511718750 0.3398437500 0.0556640625 0.0234375000
1 0.4501953125 0.3803710938 0.0556640625 0.0234375000
1 0.3049316406 0.2246093750 0.0258789062 0.0087890625
1 0.3044433594 0.2368164062 0.0258789062 0.0097656250
1 0.2397460938 0.2407226562 0.0556640625 0.0234375000
1 0.1621093750 0.2890625000 0.0556640625 0.0234375000
1 0.1625976562 0.3161621094 0.0556640625 0.0239257812
1 0.1950683594 0.3513183594 0.0258789062 0.0102539062
1 0.1950683594 0.3620605469 0.0170898438 0.0073242188
1 0.3208007812 0.2644042969 0.0996093750 0.0424804688
1 0.3203125000 0.3132324219 0.0996093750 0.0424804688
1 0.3166503906 0.3591308594 0.0561523438 0.0239257812
1 0.1674804688 0.4843750000 0.0556640625 0.0244140625
1 0.2143554688 0.4775390625 0.0166015625 0.0068359375
1 0.2133789062 0.4924316406 0.0166015625 0.0073242188
1 0.1652832031 0.5292968750 0.0991210938 0.0439453125
1 0.1650390625 0.5842285156 0.0996093750 0.0434570312
0 0.2539062500 0.5268554688 0.0078125000 0.0175781250
0 0.2768554688 0.5278320312 0.0087890625 0.0175781250
0 0.3010253906 0.5275878906 0.0073242188 0.0180664062
0 0.3215332031 0.5283203125 0.0063476562 0.0166015625
0 0.3457031250 0.5278320312 0.0078125000 0.0175781250
0 0.3662109375 0.5275878906 0.0068359375 0.0170898438
0 0.3901367188 0.5270996094 0.0078125000 0.0170898438
0 0.4143066406 0.5268554688 0.0083007812 0.0175781250
0 0.4382324219 0.5268554688 0.0073242188 0.0175781250
0 0.4587402344 0.5268554688 0.0063476562 0.0175781250
0 0.4824218750 0.5266113281 0.0078125000 0.0170898438
0 0.5068359375 0.5261230469 0.0078125000 0.0180664062
0 0.5275878906 0.5266113281 0.0073242188 0.0170898438
0 0.5512695312 0.5268554688 0.0078125000 0.0175781250
0 0.5751953125 0.5268554688 0.0078125000 0.0175781250
0 0.5993652344 0.5263671875 0.0083007812 0.0175781250
0 0.6203613281 0.5263671875 0.0073242188 0.0175781250
1 0.5556640625 0.3356933594 0.0996093750 0.0424804688
1 0.5583496094 0.3894042969 0.1000976562 0.0424804688
1 0.5388183594 0.1279296875 0.0063476562 0.0175781250
1 0.6147460938 0.1047363281 0.0156250000 0.0063476562
1 0.5793457031 0.1137695312 0.0161132812 0.0068359375
1 0.6147460938 0.1230468750 0.0156250000 0.0078125000
1 0.6604003906 0.1354980469 0.0092773438 0.0249023438
1 0.5517578125 0.1591796875 0.0166015625 0.0078125000
1 0.5524902344 0.1674804688 0.0161132812 0.0058593750
1 0.5249023438 0.1953125000 0.0166015625 0.0078125000
1 0.5249023438 0.2038574219 0.0166015625 0.0073242188
1 0.5251464844 0.2312011719 0.0161132812 0.0073242188
1 0.5920410156 0.2084960938 0.0063476562 0.0166015625
1 0.5783691406 0.1411132812 0.0170898438 0.0068359375
1 0.5971679688 0.1494140625 0.0166015625 0.0068359375
1 0.5969238281 0.1591796875 0.0161132812 0.0068359375
1 0.6196289062 0.1364746094 0.0068359375 0.0170898438
1 0.6286621094 0.1362304688 0.0073242188 0.0175781250
1 0.6372070312 0.1367187500 0.0068359375 0.0175781250
1 0.6462402344 0.1359863281 0.0063476562 0.0170898438
1 0.6147460938 0.1594238281 0.0166015625 0.0073242188
1 0.6281738281 0.1547851562 0.0073242188 0.0166015625
1 0.6369628906 0.1633300781 0.0073242188 0.0170898438
1 0.6240234375 0.2041015625 0.0166015625 0.0078125000
0 0.6425781250 0.2133789062 0.0146484375 0.0078125000
0 0.6420898438 0.2219238281 0.0156250000 0.0073242188
1 0.6420898438 0.2307128906 0.0166015625 0.0063476562
1 0.6730957031 0.1367187500 0.0063476562 0.0166015625
1 0.6818847656 0.1372070312 0.0073242188 0.0175781250
1 0.6911621094 0.1362304688 0.0063476562 0.0166015625
1 0.6999511719 0.1364746094 0.0063476562 0.0170898438
1 0.7038574219 0.1135253906 0.0170898438 0.0073242188
1 0.7041015625 0.1225585938 0.0166015625 0.0087890625
1 0.7397460938 0.1135253906 0.0175781250 0.0073242188
1 0.7399902344 0.1220703125 0.0161132812 0.0068359375
1 0.8076171875 0.1091308594 0.0068359375 0.0161132812
1 0.7805175781 0.1357421875 0.0063476562 0.0175781250
1 0.7673339844 0.1667480469 0.0170898438 0.0073242188
1 0.7221679688 0.1491699219 0.0146484375 0.0063476562
1 0.7224121094 0.1589355469 0.0161132812 0.0073242188
1 0.7094726562 0.1547851562 0.0068359375 0.0166015625
1 0.6904296875 0.1635742188 0.0068359375 0.0175781250
1 0.6997070312 0.1633300781 0.0078125000 0.0170898438
1 0.7946777344 0.1853027344 0.0161132812 0.0073242188
1 0.7946777344 0.1938476562 0.0161132812 0.0078125000
1 0.7949218750 0.2023925781 0.0166015625 0.0073242188
1 0.7956542969 0.2209472656 0.0170898438 0.0063476562
1 0.7856445312 0.2299804688 0.0166015625 0.0078125000
1 0.6960449219 0.2124023438 0.0161132812 0.0068359375
0 0.7363281250 0.1809082031 0.0068359375 0.0170898438
0 0.6867675781 0.1855468750 0.0151367188 0.0078125000
0 0.6860351562 0.1950683594 0.0146484375 0.0063476562
0 0.6784667969 0.2126464844 0.0170898438 0.0063476562
0 0.6782226562 0.2216796875 0.0156250000 0.0068359375
0 0.5297851562 0.2829589844 0.0156250000 0.0317382812
0 0.5466308594 0.2824707031 0.0141601562 0.0317382812
1 0.5610351562 0.2829589844 0.0087890625 0.0278320312
1 0.5986328125 0.2812500000 0.0087890625 0.0283203125
1 0.6083984375 0.2819824219 0.0078125000 0.0180664062
1 0.6281738281 0.2805175781 0.0102539062 0.0278320312
1 0.6777343750 0.3330078125 0.0986328125 0.0419921875
1 0.7971191406 0.3388671875 0.0991210938 0.0429687500
1 0.7224121094 0.2829589844 0.0063476562 0.0170898438
1 0.7382812500 0.2832031250 0.0097656250 0.0273437500
1 0.7551269531 0.2839355469 0.0102539062 0.0268554688
1 0.8037109375 0.2819824219 0.0097656250 0.0278320312
1 0.8183593750 0.2612304688 0.0097656250 0.0263671875
1 0.8393554688 0.2451171875 0.0087890625 0.0263671875
1 0.8432617188 0.2946777344 0.0546875000 0.0229492188
1 0.6582031250 0.3759765625 0.0556640625 0.0234375000
1 0.7980957031 0.3737792969 0.0551757812 0.0239257812
1 0.7966308594 0.3996582031 0.0561523438 0.0229492188
0 0.7895507812 0.5397949219 0.0166015625 0.0073242188
0 0.8437500000 0.5402832031 0.0156250000 0.0073242188
0 0.7707519531 0.2822265625 0.0151367188 0.0312500000
0 0.7880859375 0.2822265625 0.0146484375 0.0312500000
1 0.8513183594 0.2019042969 0.0161132812 0.0063476562
1 0.8969726562 0.2543945312 0.0986328125 0.0419921875
1 0.9023437500 0.2810058594 0.0263671875 0.0092773438
1 0.9018554688 0.2927246094 0.0263671875 0.0092773438
1 0.9055175781 0.3117675781 0.0551757812 0.0229492188
1 0.9008789062 0.3439941406 0.0273437500 0.0102539062
1 0.9050292969 0.3679199219 0.0551757812 0.0229492188
1 0.9042968750 0.3989257812 0.0546875000 0.0234375000
1 0.9763183594 0.5156250000 0.0473632812 0.0234375000
1 0.9748535156 0.5905761719 0.0502929688 0.0424804688
1 0.9738769531 0.6420898438 0.0522460938 0.0419921875
3 0.9025878906 0.7778320312 0.1147460938 0.0585937500
3 0.4523925781 0.7792968750 0.1196289062 0.0595703125
