3 0.0832519531 0.0073242188 0.0268554688 0.0146484375
2 0.5524902344 0.1374511719 0.3139648438 0.2749023438
0 0.0808105469 0.1018066406 0.0161132812 0.0083007812
1 0.0578613281 0.1000976562 0.0258789062 0.0087890625
0 0.0354003906 0.1008300781 0.0161132812 0.0073242188
3 0.0541992188 0.1196289062 0.0703125000 0.0253906250
0 0.0368652344 0.1455078125 0.0161132812 0.0058593750
0 0.0817871094 0.1457519531 0.0161132812 0.0073242188
3 0.0771484375 0.1628417969 0.0244140625 0.0249023438
2 0.2065429688 0.1247558594 0.1523437500 0.1352539062
0 0.1115722656 0.0568847656 0.0161132812 0.0073242188
0 0.1115722656 0.0671386719 0.0170898438 0.0073242188
0 0.1110839844 0.0778808594 0.0151367188 0.0063476562
0 0.1113281250 0.0883789062 0.0156250000 0.0068359375
0 0.1110839844 0.0991210938 0.0161132812 0.0078125000
0 0.1113281250 0.1098632812 0.0156250000 0.0068359375
0 0.1113281250 0.1206054688 0.0166015625 0.0078125000
0 0.1110839844 0.1311035156 0.0161132812 0.0073242188
0 0.1103515625 0.1423339844 0.0156250000 0.0073242188
0 0.1108398438 0.1520996094 0.0166015625 0.0073242188
0 0.1110839844 0.1633300781 0.0161132812 0.0083007812
0 0.1108398438 0.1743164062 0.0166015625 0.0078125000
0 0.1110839844 0.1853027344 0.0161132812 0.0083007812
0 0.1188964844 0.2067871094 0.0073242188 0.0161132812
0 0.1296386719 0.2062988281 0.0073242188 0.0170898438
0 0.1401367188 0.2065429688 0.0068359375 0.0166015625
0 0.1511230469 0.2065429688 0.0073242188 0.0166015625
0 0.1616210938 0.2072753906 0.0068359375 0.0170898438
0 0.1728515625 0.2072753906 0.0068359375 0.0180664062
0 0.1831054688 0.2072753906 0.0078125000 0.0170898438
0 0.1940917969 0.2067871094 0.0073242188 0.0170898438
0 0.2043457031 0.2067871094 0.0073242188 0.0170898438
0 0.2153320312 0.2067871094 0.0068359375 0.0180664062
0 0.2263183594 0.2067871094 0.0073242188 0.0170898438
0 0.2363281250 0.2070312500 0.0078125000 0.0175781250
0 0.2478027344 0.2065429688 0.0073242188 0.0166015625
0 0.2583007812 0.2070312500 0.0078125000 0.0166015625
0 0.2690429688 0.2070312500 0.0068359375 0.0166015625
0 0.2800292969 0.2065429688 0.0073242188 0.0166015625
0 0.2905273438 0.2065429688 0.0068359375 0.0175781250
0 0.3007812500 0.2070312500 0.0068359375 0.0175781250
0 0.1198730469 0.0383300781 0.0073242188 0.0161132812
0 0.1303710938 0.0380859375 0.0078125000 0.0156250000
0 0.1408691406 0.0390625000 0.0073242188 0.0166015625
0 0.1516113281 0.0385742188 0.0073242188 0.0166015625
0 0.1621093750 0.0388183594 0.0068359375 0.0161132812
0 0.1733398438 0.0388183594 0.0078125000 0.0170898438
0 0.1840820312 0.0388183594 0.0068359375 0.0161132812
0 0.1943359375 0.0385742188 0.0078125000 0.0166015625
0 0.2050781250 0.0388183594 0.0078125000 0.0161132812
0 0.2163085938 0.0388183594 0.0078125000 0.0170898438
0 0.2265625000 0.0388183594 0.0078125000 0.0170898438
0 0.2373046875 0.0390625000 0.0068359375 0.0166015625
0 0.2482910156 0.0390625000 0.0083007812 0.0166015625
0 0.2587890625 0.0388183594 0.0078125000 0.0180664062
0 0.2695312500 0.0390625000 0.0078125000 0.0185546875
0 0.2797851562 0.0393066406 0.0068359375 0.0180664062
0 0.2905273438 0.0397949219 0.0078125000 0.0170898438
0 0.3015136719 0.0393066406 0.0073242188 0.0180664062
0 0.3193359375 0.0463867188 0.0175781250 0.0068359375
0 0.3198242188 0.0566406250 0.0175781250 0.0068359375
0 0.3190917969 0.0676269531 0.0161132812 0.0073242188
0 0.3193359375 0.0783691406 0.0166015625 0.0063476562
0 0.3195800781 0.0886230469 0.0161132812 0.0073242188
0 0.3193359375 0.0998535156 0.0166015625 0.0073242188
0 0.3190917969 0.1103515625 0.0161132812 0.0068359375
0 0.3188476562 0.1210937500 0.0156250000 0.0078125000
0 0.3188476562 0.1315917969 0.0175781250 0.0073242188
0 0.3193359375 0.1423339844 0.0166015625 0.0073242188
0 0.3193359375 0.1533203125 0.0166015625 0.0068359375
0 0.3190917969 0.1643066406 0.0161132812 0.0073242188
0 0.3190917969 0.1748046875 0.0161132812 0.0078125000
0 0.3188476562 0.1855468750 0.0156250000 0.0078125000
0 0.3186035156 0.1960449219 0.0170898438 0.0073242188
3 0.2854003906 0.2470703125 0.0288085938 0.0283203125
0 0.7993164062 0.0485839844 0.0175781250 0.0073242188
0 0.7995605469 0.0590820312 0.0170898438 0.0078125000
0 0.7993164062 0.0703125000 0.0166015625 0.0078125000
0 0.7990722656 0.0810546875 0.0170898438 0.0078125000
0 0.7990722656 0.0913085938 0.0170898438 0.0068359375
0 0.7990722656 0.1020507812 0.0170898438 0.0078125000
0 0.7995605469 0.1132812500 0.0161132812 0.0078125000
0 0.7993164062 0.1237792969 0.0166015625 0.0083007812
0 0.7988281250 0.1340332031 0.0166015625 0.0073242188
0 0.7985839844 0.1452636719 0.0161132812 0.0073242188
0 0.7990722656 0.1555175781 0.0161132812 0.0073242188
0 0.7985839844 0.1667480469 0.0161132812 0.0073242188
0 0.7985839844 0.1772460938 0.0180664062 0.0078125000
0 0.7980957031 0.1882324219 0.0170898438 0.0073242188
0 0.7983398438 0.1989746094 0.0175781250 0.0073242188
0 0.8181152344 0.2075195312 0.0073242188 0.0156250000
0 0.8283691406 0.2072753906 0.0073242188 0.0151367188
0 0.8393554688 0.2075195312 0.0078125000 0.0166015625
0 0.8498535156 0.2077636719 0.0073242188 0.0180664062
0 0.8603515625 0.2077636719 0.0078125000 0.0180664062
0 0.8713378906 0.2070312500 0.0083007812 0.0166015625
0 0.8820800781 0.2072753906 0.0073242188 0.0170898438
0 0.8928222656 0.2080078125 0.0073242188 0.0175781250
0 0.9035644531 0.2077636719 0.0073242188 0.0170898438
0 0.9143066406 0.2080078125 0.0083007812 0.0175781250
0 0.9245605469 0.2075195312 0.0073242188 0.0166015625
0 0.9357910156 0.2072753906 0.0073242188 0.0170898438
0 0.9462890625 0.2077636719 0.0078125000 0.0161132812
0 0.9572753906 0.2075195312 0.0073242188 0.0166015625
0 0.9677734375 0.2070312500 0.0068359375 0.0166015625
0 0.9785156250 0.2077636719 0.0078125000 0.0180664062
0 0.9890136719 0.2077636719 0.0073242188 0.0170898438
0 0.8181152344 0.0375976562 0.0073242188 0.0175781250
0 0.8288574219 0.0378417969 0.0083007812 0.0170898438
0 0.8395996094 0.0378417969 0.0083007812 0.0180664062
0 0.8503417969 0.0375976562 0.0073242188 0.0175781250
0 0.8608398438 0.0375976562 0.0068359375 0.0175781250
0 0.8720703125 0.0378417969 0.0068359375 0.0170898438
0 0.8823242188 0.0373535156 0.0068359375 0.0161132812
0 0.8933105469 0.0375976562 0.0073242188 0.0166015625
0 0.9042968750 0.0371093750 0.0078125000 0.0156250000
0 0.9147949219 0.0375976562 0.0073242188 0.0146484375
0 0.9250488281 0.0373535156 0.0083007812 0.0151367188
0 0.9362792969 0.0373535156 0.0073242188 0.0161132812
0 0.9467773438 0.0378417969 0.0078125000 0.0170898438
0 0.9572753906 0.0378417969 0.0073242188 0.0161132812
0 0.9682617188 0.0378417969 0.0068359375 0.0170898438
0 0.9792480469 0.0380859375 0.0073242188 0.0166015625
0 0.9899902344 0.0383300781 0.0073242188 0.0170898438
2 0.9052734375 0.1210937500 0.1503906250 0.1347656250
3 0.0529785156 0.3574218750 0.1059570312 0.2763671875
0 0.1376953125 0.3461914062 0.0166015625 0.0078125000
1 0.1335449219 0.3984375000 0.0249023438 0.0107421875
2 0.2001953125 0.3710937500 0.0722656250 0.0615234375
0 0.2607421875 0.3500976562 0.0166015625 0.0078125000
1 0.2609863281 0.3598632812 0.0258789062 0.0107421875
1 0.2604980469 0.3728027344 0.0258789062 0.0092773438
1 0.2609863281 0.3869628906 0.0258789062 0.0102539062
1 0.2607421875 0.3999023438 0.0253906250 0.0107421875
3 0.3806152344 0.4655761719 0.0288085938 0.0268554688
1 0.4628906250 0.4621582031 0.0068359375 0.0161132812
1 0.4790039062 0.4619140625 0.0205078125 0.0458984375
1 0.4956054688 0.4614257812 0.0107421875 0.0263671875
1 0.5644531250 0.4577636719 0.0068359375 0.0170898438
0 0.5632324219 0.5004882812 0.0161132812 0.0068359375
1 0.5808105469 0.4597167969 0.0209960938 0.0463867188
1 0.6010742188 0.4597167969 0.0087890625 0.0268554688
0 0.6711425781 0.4980468750 0.0170898438 0.0078125000
3 0.7565917969 0.4650878906 0.0288085938 0.0249023438
3 0.8159179688 0.2795410156 0.0283203125 0.0278320312
3 0.9824218750 0.4631347656 0.0273437500 0.0297851562
3 0.0646972656 0.7199707031 0.1293945312 0.1274414062
3 0.1159667969 0.8405761719 0.0278320312 0.0307617188
3 0.3234863281 0.6396484375 0.0268554688 0.0302734375
0 0.2431640625 0.5773925781 0.0156250000 0.0083007812
3 0.3452148438 0.5566406250 0.0820312500 0.0820312500
3 0.4582519531 0.5566406250 0.0834960938 0.0849609375
1 0.3100585938 0.7038574219 0.0996093750 0.0454101562
1 0.3049316406 0.8576660156 0.0297851562 0.0141601562
1 0.3093261719 0.8972167969 0.0961914062 0.0434570312
3 0.5588378906 0.8215332031 0.0327148438 0.0297851562
0 0.4599609375 0.8981933594 0.0166015625 0.0083007812
0 0.4594726562 0.9060058594 0.0166015625 0.0073242188
1 0.7587890625 0.7045898438 0.0742187500 0.0341796875
1 0.7470703125 0.8591308594 0.0302734375 0.0151367188
1 0.7512207031 0.8962402344 0.0991210938 0.0434570312
0 0.8957519531 0.9006347656 0.0170898438 0.0083007812
0 0.8964843750 0.9079589844 0.0166015625 0.0073242188
3 0.7871093750 0.6411132812 0.0273437500 0.0273437500
3 0.7145996094 0.5749511719 0.2690429688 0.0502929688
3 0.9289550781 0.5759277344 0.0678710938 0.0502929688
