0 0.0366210938 0.5527343750 0.0146484375 0.0312500000
0 0.0571289062 0.5522460938 0.0146484375 0.0302734375
0 0.0791015625 0.5527343750 0.0156250000 0.0332031250
0 0.1000976562 0.5532226562 0.0146484375 0.0361328125
0 0.1210937500 0.5532226562 0.0156250000 0.0361328125
0 0.1430664062 0.5517578125 0.0166015625 0.0332031250
0 0.1645507812 0.5522460938 0.0146484375 0.0341796875
0 0.1860351562 0.5537109375 0.0146484375 0.0351562500
0 0.2075195312 0.5532226562 0.0146484375 0.0341796875
0 0.2290039062 0.5537109375 0.0166015625 0.0351562500
0 0.2495117188 0.5527343750 0.0146484375 0.0332031250
0 0.2719726562 0.5522460938 0.0146484375 0.0341796875
0 0.2929687500 0.5532226562 0.0156250000 0.0322265625
0 0.3149414062 0.5527343750 0.0146484375 0.0332031250
0 0.3359375000 0.5517578125 0.0136718750 0.0332031250
0 0.3574218750 0.5532226562 0.0156250000 0.0361328125
0 0.3784179688 0.5532226562 0.0146484375 0.0341796875
0 0.4008789062 0.5527343750 0.0166015625 0.0351562500
0 0.0366210938 0.2128906250 0.0146484375 0.0351562500
0 0.0581054688 0.2133789062 0.0166015625 0.0341796875
0 0.0795898438 0.2133789062 0.0166015625 0.0361328125
0 0.1010742188 0.2128906250 0.0146484375 0.0351562500
0 0.1220703125 0.2128906250 0.0136718750 0.0351562500
0 0.1445312500 0.2133789062 0.0136718750 0.0341796875
0 0.1650390625 0.2124023438 0.0136718750 0.0322265625
0 0.1870117188 0.2128906250 0.0146484375 0.0332031250
0 0.2089843750 0.2119140625 0.0156250000 0.0312500000
0 0.2299804688 0.2128906250 0.0146484375 0.0292968750
0 0.2504882812 0.2124023438 0.0166015625 0.0302734375
0 0.2729492188 0.2124023438 0.0146484375 0.0322265625
0 0.2939453125 0.2133789062 0.0156250000 0.0341796875
0 0.3149414062 0.2133789062 0.0146484375 0.0322265625
0 0.3369140625 0.2133789062 0.0136718750 0.0341796875
0 0.3588867188 0.2138671875 0.0146484375 0.0332031250
0 0.3803710938 0.2143554688 0.0146484375 0.0341796875
0 0.4018554688 0.2143554688 0.0146484375 0.0322265625
0 0.4160156250 0.2578125000 0.0312500000 0.0156250000
0 0.4174804688 0.2788085938 0.0322265625 0.0146484375
0 0.4150390625 0.3007812500 0.0312500000 0.0156250000
0 0.4155273438 0.3217773438 0.0322265625 0.0146484375
0 0.4169921875 0.3432617188 0.0312500000 0.0146484375
0 0.4155273438 0.3652343750 0.0302734375 0.0136718750
0 0.4165039062 0.3867187500 0.0302734375 0.0156250000
0 0.4165039062 0.4077148438 0.0302734375 0.0146484375
0 0.4160156250 0.4296875000 0.0312500000 0.0156250000
0 0.4165039062 0.4506835938 0.0302734375 0.0146484375
0 0.4160156250 0.4711914062 0.0332031250 0.0146484375
0 0.4160156250 0.4936523438 0.0332031250 0.0146484375
0 0.4155273438 0.5141601562 0.0322265625 0.0146484375
2 0.2109375000 0.3798828125 0.3007812500 0.2695312500
0 0.5053710938 0.3417968750 0.0302734375 0.0156250000
3 0.6030273438 0.3784179688 0.0458984375 0.0478515625
1 0.5649414062 0.4248046875 0.0478515625 0.0195312500
0 0.6137695312 0.4267578125 0.0322265625 0.0136718750
3 0.5092773438 0.4638671875 0.0439453125 0.0507812500
3 0.7905273438 0.4609375000 0.0517578125 0.0546875000
3 0.0322265625 0.6967773438 0.0566406250 0.0556640625
3 0.6059570312 0.6240234375 0.0556640625 0.0605468750
0 0.7460937500 0.6386718750 0.1113281250 0.0468750000
1 0.6831054688 0.8178710938 0.1962890625 0.0830078125
1 0.8808593750 0.8637695312 0.0332031250 0.0146484375
1 0.8969726562 0.9013671875 0.0458984375 0.0195312500
1 0.8955078125 0.9418945312 0.0468750000 0.0185546875
1 0.8945312500 0.9814453125 0.0527343750 0.0195312500
0 0.8349609375 0.8618164062 0.0507812500 0.0205078125
0 0.8813476562 0.8808593750 0.0341796875 0.0156250000
0 0.8813476562 0.9213867188 0.0302734375 0.0166015625
0 0.8823242188 0.9624023438 0.0322265625 0.0166015625
3 0.0722656250 0.1225585938 0.0566406250 0.0595703125
