0 0.3266601562 0.0039062500 0.0322265625 0.0078125000
3 0.1166992188 0.1132812500 0.1669921875 0.1699218750
3 0.3178710938 0.6430664062 0.0654296875 0.0595703125
0 0.1201171875 0.7963867188 0.0332031250 0.0166015625
0 0.1191406250 0.8120117188 0.0332031250 0.0146484375
1 0.7177734375 0.4091796875 0.1484375000 0.0683593750
1 0.6943359375 0.7182617188 0.0605468750 0.0302734375
1 0.7026367188 0.7924804688 0.1982421875 0.0869140625
0 0.9873046875 0.8012695312 0.0253906250 0.0166015625
0 0.9882812500 0.8159179688 0.0234375000 0.0146484375
3 0.7744140625 0.2822265625 0.0546875000 0.0546875000
3 0.6293945312 0.1499023438 0.5380859375 0.1005859375
