3 0.6362304688 0.1020507812 0.0576171875 0.0537109375
0 0.9340820312 0.0146484375 0.0322265625 0.0156250000
0 0.9335937500 0.0361328125 0.0332031250 0.0136718750
0 0.9345703125 0.0566406250 0.0332031250 0.0136718750
0 0.9340820312 0.0776367188 0.0341796875 0.0166015625
0 0.9335937500 0.0991210938 0.0332031250 0.0146484375
0 0.9335937500 0.1210937500 0.0312500000 0.0136718750
0 0.9326171875 0.1416015625 0.0312500000 0.0136718750
0 0.9340820312 0.1640625000 0.0322265625 0.0156250000
0 0.9335937500 0.1850585938 0.0332031250 0.0146484375
0 0.9355468750 0.2060546875 0.0292968750 0.0156250000
0 0.9570312500 0.2563476562 0.0156250000 0.0361328125
0 0.9780273438 0.2548828125 0.0146484375 0.0351562500
0 0.9960937500 0.2563476562 0.0078125000 0.0341796875
0 0.2197265625 0.3852539062 0.0312500000 0.0146484375
0 0.2202148438 0.3989257812 0.0341796875 0.0146484375
3 0.1665039062 0.5004882812 0.0537109375 0.0537109375
0 0.4667968750 0.3852539062 0.0312500000 0.0146484375
0 0.4667968750 0.3989257812 0.0332031250 0.0146484375
0 0.1616210938 0.7016601562 0.0322265625 0.0166015625
1 0.1157226562 0.6982421875 0.0517578125 0.0175781250
0 0.0708007812 0.6997070312 0.0322265625 0.0146484375
3 0.1083984375 0.7373046875 0.1406250000 0.0507812500
0 0.0737304688 0.7890625000 0.0322265625 0.0117187500
0 0.1635742188 0.7895507812 0.0322265625 0.0146484375
3 0.1542968750 0.8237304688 0.0488281250 0.0498046875
2 0.4130859375 0.7475585938 0.3046875000 0.2705078125
0 0.2231445312 0.6118164062 0.0322265625 0.0146484375
0 0.2231445312 0.6323242188 0.0341796875 0.0146484375
0 0.2221679688 0.6538085938 0.0302734375 0.0126953125
0 0.2226562500 0.6748046875 0.0312500000 0.0136718750
0 0.2221679688 0.6962890625 0.0322265625 0.0156250000
0 0.2226562500 0.7177734375 0.0312500000 0.0136718750
0 0.2226562500 0.7392578125 0.0332031250 0.0156250000
0 0.2221679688 0.7602539062 0.0322265625 0.0146484375
0 0.2207031250 0.7827148438 0.0312500000 0.0146484375
0 0.2216796875 0.8022460938 0.0332031250 0.0146484375
0 0.2221679688 0.8247070312 0.0322265625 0.0166015625
0 0.2216796875 0.8466796875 0.0332031250 0.0156250000
0 0.2221679688 0.8686523438 0.0322265625 0.0166015625
0 0.2377929688 0.9116210938 0.0146484375 0.0322265625
0 0.2592773438 0.9106445312 0.0146484375 0.0341796875
0 0.2802734375 0.9111328125 0.0136718750 0.0332031250
0 0.3022460938 0.9111328125 0.0146484375 0.0332031250
0 0.3232421875 0.9125976562 0.0136718750 0.0341796875
0 0.3457031250 0.9125976562 0.0136718750 0.0361328125
0 0.3662109375 0.9125976562 0.0156250000 0.0341796875
0 0.3881835938 0.9116210938 0.0146484375 0.0341796875
0 0.4086914062 0.9116210938 0.0146484375 0.0341796875
0 0.4306640625 0.9116210938 0.0136718750 0.0361328125
0 0.4526367188 0.9116210938 0.0146484375 0.0341796875
0 0.4726562500 0.9121093750 0.0156250000 0.0351562500
0 0.4956054688 0.9111328125 0.0146484375 0.0332031250
0 0.5166015625 0.9121093750 0.0156250000 0.0332031250
0 0.5380859375 0.9121093750 0.0136718750 0.0332031250
0 0.5600585938 0.9111328125 0.0146484375 0.0332031250
0 0.5810546875 0.9111328125 0.0136718750 0.0351562500
0 0.6015625000 0.9121093750 0.0136718750 0.0351562500
0 0.2397460938 0.5747070312 0.0146484375 0.0322265625
0 0.2607421875 0.5742187500 0.0156250000 0.0312500000
0 0.2817382812 0.5761718750 0.0146484375 0.0332031250
0 0.3032226562 0.5751953125 0.0146484375 0.0332031250
0 0.3242187500 0.5756835938 0.0136718750 0.0322265625
0 0.3466796875 0.5756835938 0.0156250000 0.0341796875
0 0.3681640625 0.5756835938 0.0136718750 0.0322265625
0 0.3886718750 0.5751953125 0.0156250000 0.0332031250
0 0.4101562500 0.5756835938 0.0156250000 0.0322265625
0 0.4326171875 0.5756835938 0.0156250000 0.0341796875
0 0.4531250000 0.5756835938 0.0156250000 0.0341796875
0 0.4746093750 0.5761718750 0.0136718750 0.0332031250
0 0.4965820312 0.5761718750 0.0166015625 0.0332031250
0 0.5175781250 0.5756835938 0.0156250000 0.0361328125
0 0.5390625000 0.5761718750 0.0156250000 0.0371093750
0 0.5595703125 0.5766601562 0.0136718750 0.0361328125
0 0.5810546875 0.5776367188 0.0156250000 0.0341796875
0 0.6030273438 0.5766601562 0.0146484375 0.0361328125
0 0.6386718750 0.5908203125 0.0351562500 0.0136718750
0 0.6396484375 0.6113281250 0.0351562500 0.0136718750
0 0.6381835938 0.6333007812 0.0322265625 0.0146484375
0 0.6386718750 0.6547851562 0.0332031250 0.0126953125
0 0.6391601562 0.6752929688 0.0322265625 0.0146484375
0 0.6386718750 0.6977539062 0.0332031250 0.0146484375
0 0.6381835938 0.7187500000 0.0322265625 0.0136718750
0 0.6376953125 0.7402343750 0.0312500000 0.0156250000
0 0.6376953125 0.7612304688 0.0351562500 0.0146484375
0 0.6386718750 0.7827148438 0.0332031250 0.0146484375
0 0.6386718750 0.8046875000 0.0332031250 0.0136718750
0 0.6381835938 0.8266601562 0.0322265625 0.0146484375
0 0.6381835938 0.8476562500 0.0322265625 0.0156250000
0 0.6376953125 0.8691406250 0.0312500000 0.0156250000
0 0.6372070312 0.8901367188 0.0341796875 0.0146484375
3 0.5708007812 0.9819335938 0.0576171875 0.0361328125
