1 0.0068359375 0.2282714844 0.0136718750 0.0131835938
1 0.0175781250 0.2932128906 0.0351562500 0.0991210938
1 0.0085449219 0.3547363281 0.0170898438 0.0122070312
1 0.2580566406 0.1643066406 0.0971679688 0.0454101562
1 0.2629394531 0.2370605469 0.1000976562 0.0434570312
1 0.3713378906 0.1499023438 0.1000976562 0.0429687500
1 0.3735351562 0.2006835938 0.1005859375 0.0429687500
1 0.4909667969 0.0998535156 0.0981445312 0.0424804688
1 0.4970703125 0.3029785156 0.0986328125 0.0444335938
1 0.3547363281 0.2431640625 0.0561523438 0.0234375000
1 0.3627929688 0.0996093750 0.0546875000 0.0234375000
1 0.2414550781 0.2792968750 0.0551757812 0.0244140625
1 0.2958984375 0.2761230469 0.0166015625 0.0073242188
1 0.2951660156 0.2888183594 0.0170898438 0.0083007812
1 0.3200683594 0.3220214844 0.0991210938 0.0434570312
1 0.4138183594 0.2875976562 0.0551757812 0.0244140625
1 0.5014648438 0.1391601562 0.0546875000 0.0244140625
1 0.5000000000 0.1594238281 0.0263671875 0.0102539062
1 0.5002441406 0.1721191406 0.0278320312 0.0102539062
1 0.4943847656 0.2702636719 0.0268554688 0.0112304688
0 0.5651855469 0.1113281250 0.0161132812 0.0087890625
0 0.5654296875 0.1230468750 0.0166015625 0.0078125000
0 0.5656738281 0.1335449219 0.0161132812 0.0083007812
0 0.5656738281 0.1450195312 0.0170898438 0.0078125000
0 0.5654296875 0.1555175781 0.0166015625 0.0083007812
0 0.5654296875 0.1667480469 0.0166015625 0.0083007812
0 0.5654296875 0.1774902344 0.0175781250 0.0073242188
0 0.5654296875 0.1879882812 0.0166015625 0.0078125000
0 0.5659179688 0.1992187500 0.0166015625 0.0078125000
0 0.5659179688 0.2099609375 0.0156250000 0.0078125000
0 0.5659179688 0.2209472656 0.0166015625 0.0083007812
0 0.5656738281 0.2324218750 0.0161132812 0.0087890625
0 0.5666503906 0.2431640625 0.0161132812 0.0078125000
0 0.5666503906 0.2539062500 0.0170898438 0.0078125000
0 0.5664062500 0.2646484375 0.0166015625 0.0078125000
0 0.5664062500 0.2756347656 0.0166015625 0.0083007812
0 0.5668945312 0.2866210938 0.0156250000 0.0078125000
0 0.5666503906 0.2973632812 0.0170898438 0.0078125000
0 0.5915527344 0.0983886719 0.0083007812 0.0170898438
0 0.6025390625 0.0983886719 0.0078125000 0.0161132812
0 0.6132812500 0.0988769531 0.0078125000 0.0170898438
0 0.6245117188 0.0993652344 0.0087890625 0.0180664062
0 0.6352539062 0.0991210938 0.0078125000 0.0185546875
0 0.6457519531 0.0988769531 0.0083007812 0.0180664062
0 0.6572265625 0.0991210938 0.0068359375 0.0185546875
0 0.6679687500 0.0998535156 0.0078125000 0.0180664062
0 0.6784667969 0.0988769531 0.0073242188 0.0180664062
0 0.6899414062 0.0991210938 0.0068359375 0.0175781250
0 0.7004394531 0.0988769531 0.0073242188 0.0180664062
0 0.7119140625 0.0991210938 0.0078125000 0.0175781250
0 0.7226562500 0.0996093750 0.0078125000 0.0185546875
0 0.7468261719 0.1118164062 0.0170898438 0.0078125000
0 0.7468261719 0.1225585938 0.0170898438 0.0087890625
0 0.7468261719 0.1333007812 0.0170898438 0.0078125000
0 0.7460937500 0.1440429688 0.0156250000 0.0087890625
0 0.7465820312 0.1552734375 0.0166015625 0.0078125000
0 0.7468261719 0.1660156250 0.0170898438 0.0087890625
0 0.7473144531 0.1770019531 0.0161132812 0.0083007812
0 0.7470703125 0.1882324219 0.0175781250 0.0083007812
0 0.7473144531 0.1984863281 0.0170898438 0.0083007812
0 0.7468261719 0.2094726562 0.0161132812 0.0078125000
0 0.7473144531 0.2204589844 0.0161132812 0.0092773438
0 0.7475585938 0.2316894531 0.0175781250 0.0083007812
0 0.7470703125 0.2424316406 0.0156250000 0.0083007812
0 0.7473144531 0.2534179688 0.0161132812 0.0078125000
0 0.7475585938 0.2639160156 0.0156250000 0.0092773438
0 0.7475585938 0.2749023438 0.0166015625 0.0078125000
0 0.7475585938 0.2861328125 0.0156250000 0.0087890625
0 0.7482910156 0.2973632812 0.0170898438 0.0078125000
0 0.7099609375 0.2770996094 0.0156250000 0.0073242188
0 0.5878906250 0.3129882812 0.0078125000 0.0185546875
0 0.5986328125 0.3142089844 0.0068359375 0.0180664062
0 0.6096191406 0.3137207031 0.0083007812 0.0180664062
0 0.6203613281 0.3139648438 0.0073242188 0.0185546875
0 0.6311035156 0.3132324219 0.0073242188 0.0170898438
0 0.6420898438 0.3134765625 0.0078125000 0.0185546875
0 0.6533203125 0.3132324219 0.0078125000 0.0190429688
0 0.6643066406 0.3134765625 0.0083007812 0.0175781250
0 0.6750488281 0.3132324219 0.0073242188 0.0190429688
0 0.6862792969 0.3137207031 0.0073242188 0.0180664062
0 0.6970214844 0.3139648438 0.0073242188 0.0175781250
0 0.7077636719 0.3134765625 0.0073242188 0.0175781250
0 0.7187500000 0.3132324219 0.0078125000 0.0180664062
0 0.7294921875 0.3137207031 0.0068359375 0.0180664062
0 0.7407226562 0.3139648438 0.0058593750 0.0175781250
1 0.6420898438 0.2038574219 0.0244140625 0.0102539062
1 0.6596679688 0.1853027344 0.0097656250 0.0258789062
1 0.6411132812 0.1640625000 0.0166015625 0.0078125000
1 0.6413574219 0.1723632812 0.0161132812 0.0068359375
1 0.6145019531 0.1904296875 0.0170898438 0.0078125000
1 0.6147460938 0.2001953125 0.0175781250 0.0068359375
1 0.6420898438 0.2263183594 0.0166015625 0.0083007812
1 0.6423339844 0.2355957031 0.0180664062 0.0083007812
1 0.6589355469 0.2221679688 0.0102539062 0.0273437500
1 0.6779785156 0.1638183594 0.0161132812 0.0083007812
1 0.6774902344 0.1728515625 0.0170898438 0.0078125000
1 0.6772460938 0.1816406250 0.0146484375 0.0078125000
1 0.6774902344 0.1904296875 0.0170898438 0.0078125000
1 0.6762695312 0.2038574219 0.0253906250 0.0102539062
1 0.7126464844 0.1901855469 0.0151367188 0.0073242188
1 0.7133789062 0.1989746094 0.0156250000 0.0073242188
1 0.6774902344 0.2167968750 0.0151367188 0.0078125000
1 0.6779785156 0.2263183594 0.0151367188 0.0073242188
1 0.6777343750 0.2351074219 0.0175781250 0.0073242188
1 0.8264160156 0.0891113281 0.0981445312 0.0434570312
1 0.7827148438 0.1218261719 0.0263671875 0.0102539062
1 0.8410644531 0.1320800781 0.0551757812 0.0239257812
1 0.8381347656 0.1757812500 0.0991210938 0.0439453125
1 0.8337402344 0.2009277344 0.0258789062 0.0112304688
1 0.8359375000 0.2209472656 0.0546875000 0.0229492188
1 0.8334960938 0.2390136719 0.0263671875 0.0102539062
1 0.9565429688 0.1296386719 0.0869140625 0.0444335938
1 0.9355468750 0.1943359375 0.0556640625 0.0234375000
1 0.9360351562 0.2241210938 0.0556640625 0.0234375000
0 0.9938964844 0.2097167969 0.0122070312 0.0073242188
0 0.9941406250 0.2336425781 0.0117187500 0.0092773438
0 0.9946289062 0.2568359375 0.0107421875 0.0068359375
1 0.9353027344 0.2834472656 0.0981445312 0.0415039062
1 0.9365234375 0.3244628906 0.0996093750 0.0405273438
1 0.8374023438 0.2690429688 0.0996093750 0.0429687500
1 0.8366699219 0.3188476562 0.0991210938 0.0439453125
1 0.9470214844 0.3498535156 0.0180664062 0.0083007812
1 0.9233398438 0.3710937500 0.0546875000 0.0224609375
1 0.9223632812 0.4011230469 0.0546875000 0.0229492188
1 0.9270019531 0.4372558594 0.0981445312 0.0424804688
1 0.9018554688 0.3503417969 0.0253906250 0.0112304688
1 0.8503417969 0.3557128906 0.0532226562 0.0229492188
1 0.8530273438 0.3830566406 0.0546875000 0.0229492188
1 0.8508300781 0.3989257812 0.0268554688 0.0097656250
1 0.8505859375 0.4094238281 0.0263671875 0.0102539062
1 0.8508300781 0.4199218750 0.0258789062 0.0097656250
1 0.8518066406 0.4291992188 0.0170898438 0.0078125000
0 0.8527832031 0.4396972656 0.0307617188 0.0141601562
0 0.8532714844 0.4567871094 0.0297851562 0.0141601562
1 0.8535156250 0.4724121094 0.0263671875 0.0112304688
1 0.8542480469 0.4853515625 0.0268554688 0.0097656250
1 0.7983398438 0.3666992188 0.0097656250 0.0283203125
1 0.7851562500 0.3649902344 0.0097656250 0.0258789062
0 0.7714843750 0.3666992188 0.0136718750 0.0302734375
0 0.7546386719 0.3669433594 0.0141601562 0.0307617188
1 0.7409667969 0.3666992188 0.0102539062 0.0263671875
1 0.7294921875 0.3676757812 0.0097656250 0.0273437500
1 0.7155761719 0.3684082031 0.0092773438 0.0268554688
1 0.6821289062 0.3666992188 0.0556640625 0.0244140625
1 0.6640625000 0.3410644531 0.0283203125 0.0092773438
1 0.6425781250 0.3730468750 0.0068359375 0.0166015625
1 0.7932128906 0.4208984375 0.0161132812 0.0078125000
1 0.7927246094 0.4284667969 0.0161132812 0.0083007812
1 0.8022460938 0.4479980469 0.0156250000 0.0083007812
1 0.7932128906 0.4560546875 0.0170898438 0.0078125000
1 0.7668457031 0.4838867188 0.0170898438 0.0078125000
1 0.7656250000 0.4291992188 0.0175781250 0.0078125000
1 0.7307128906 0.4565429688 0.0190429688 0.0078125000
1 0.7307128906 0.4924316406 0.0170898438 0.0092773438
1 0.7395019531 0.5100097656 0.0170898438 0.0073242188
1 0.6940917969 0.4387207031 0.0170898438 0.0092773438
1 0.6674804688 0.4294433594 0.0156250000 0.0083007812
1 0.6772460938 0.4748535156 0.0156250000 0.0073242188
1 0.6948242188 0.4836425781 0.0175781250 0.0083007812
1 0.6997070312 0.4963378906 0.0068359375 0.0170898438
1 0.7399902344 0.5288085938 0.0180664062 0.0078125000
1 0.7395019531 0.5371093750 0.0180664062 0.0078125000
1 0.6816406250 0.5151367188 0.0068359375 0.0166015625
1 0.6901855469 0.5153808594 0.0073242188 0.0170898438
1 0.7045898438 0.5278320312 0.0166015625 0.0078125000
1 0.7048339844 0.5463867188 0.0170898438 0.0078125000
1 0.6591796875 0.5161132812 0.0097656250 0.0263671875
1 0.6457519531 0.5148925781 0.0083007812 0.0170898438
0 0.8112792969 0.5014648438 0.0151367188 0.0068359375
0 0.7932128906 0.5100097656 0.0170898438 0.0073242188
0 0.7934570312 0.5373535156 0.0175781250 0.0083007812
0 0.8115234375 0.5373535156 0.0185546875 0.0083007812
0 0.8217773438 0.5087890625 0.0156250000 0.0078125000
0 0.8222656250 0.5163574219 0.0156250000 0.0073242188
1 0.8117675781 0.5466308594 0.0161132812 0.0073242188
0 0.9968261719 0.4780273438 0.0063476562 0.0185546875
0 0.9868164062 0.4782714844 0.0068359375 0.0180664062
0 0.9755859375 0.4785156250 0.0078125000 0.0195312500
0 0.9096679688 0.4772949219 0.0068359375 0.0180664062
0 0.9213867188 0.4790039062 0.0068359375 0.0185546875
0 0.9323730469 0.4785156250 0.0073242188 0.0195312500
0 0.9423828125 0.4777832031 0.0078125000 0.0180664062
0 0.9536132812 0.4780273438 0.0078125000 0.0185546875
0 0.9645996094 0.4775390625 0.0073242188 0.0185546875
0 0.8952636719 0.4924316406 0.0161132812 0.0063476562
0 0.8950195312 0.5031738281 0.0156250000 0.0073242188
0 0.8952636719 0.5141601562 0.0170898438 0.0078125000
0 0.8950195312 0.5253906250 0.0175781250 0.0078125000
0 0.8955078125 0.5363769531 0.0166015625 0.0073242188
0 0.8957519531 0.5468750000 0.0170898438 0.0068359375
0 0.8952636719 0.5581054688 0.0161132812 0.0078125000
0 0.8959960938 0.5693359375 0.0166015625 0.0058593750
0 0.8959960938 0.5800781250 0.0166015625 0.0068359375
0 0.8962402344 0.5910644531 0.0161132812 0.0073242188
0 0.8959960938 0.6020507812 0.0166015625 0.0068359375
0 0.8955078125 0.6132812500 0.0166015625 0.0068359375
0 0.8962402344 0.6235351562 0.0170898438 0.0078125000
0 0.8955078125 0.6345214844 0.0156250000 0.0073242188
0 0.8959960938 0.6455078125 0.0166015625 0.0068359375
0 0.9116210938 0.6542968750 0.0068359375 0.0166015625
0 0.9221191406 0.6545410156 0.0073242188 0.0170898438
0 0.9326171875 0.6542968750 0.0068359375 0.0166015625
0 0.9440917969 0.6540527344 0.0073242188 0.0180664062
0 0.9548339844 0.6545410156 0.0092773438 0.0180664062
0 0.9970703125 0.6540527344 0.0058593750 0.0190429688
0 0.9877929688 0.6540527344 0.0078125000 0.0180664062
0 0.9765625000 0.6540527344 0.0078125000 0.0170898438
0 0.9655761719 0.6547851562 0.0073242188 0.0185546875
1 0.8837890625 0.6889648438 0.0556640625 0.0224609375
1 0.9887695312 0.5617675781 0.0224609375 0.0092773438
1 0.9748535156 0.5451660156 0.0063476562 0.0170898438
1 0.9836425781 0.5441894531 0.0063476562 0.0170898438
1 0.9755859375 0.5800781250 0.0068359375 0.0166015625
1 0.9846191406 0.5803222656 0.0063476562 0.0170898438
1 0.9931640625 0.5808105469 0.0068359375 0.0180664062
0 0.9362792969 0.6081542969 0.0053710938 0.0161132812
1 0.8552246094 0.5800781250 0.0268554688 0.0087890625
1 0.8554687500 0.5910644531 0.0263671875 0.0102539062
1 0.8552246094 0.6027832031 0.0258789062 0.0102539062
1 0.8557128906 0.6271972656 0.0258789062 0.0102539062
1 0.8522949219 0.6525878906 0.0170898438 0.0063476562
0 0.6093750000 0.4260253906 0.0068359375 0.0161132812
0 0.6188964844 0.4348144531 0.0073242188 0.0170898438
0 0.6401367188 0.4296875000 0.0156250000 0.0068359375
0 0.6403808594 0.4389648438 0.0151367188 0.0078125000
0 0.6406250000 0.4477539062 0.0156250000 0.0078125000
0 0.6545410156 0.4526367188 0.0073242188 0.0175781250
0 0.5510253906 0.4929199219 0.0161132812 0.0073242188
0 0.5332031250 0.5019531250 0.0156250000 0.0078125000
0 0.5517578125 0.5019531250 0.0146484375 0.0078125000
0 0.5329589844 0.5107421875 0.0161132812 0.0078125000
0 0.5244140625 0.5468750000 0.0175781250 0.0078125000
0 0.5251464844 0.5561523438 0.0170898438 0.0068359375
1 0.5146484375 0.4211425781 0.0166015625 0.0083007812
1 0.5332031250 0.4213867188 0.0166015625 0.0097656250
1 0.5332031250 0.4299316406 0.0166015625 0.0073242188
1 0.5512695312 0.4206542969 0.0166015625 0.0083007812
1 0.5515136719 0.4296875000 0.0161132812 0.0087890625
1 0.5957031250 0.4477539062 0.0166015625 0.0087890625
1 0.5144042969 0.4482421875 0.0180664062 0.0078125000
1 0.5241699219 0.4609375000 0.0151367188 0.0068359375
1 0.5512695312 0.4843750000 0.0166015625 0.0068359375
1 0.6049804688 0.4924316406 0.0166015625 0.0083007812
1 0.6276855469 0.4802246094 0.0063476562 0.0180664062
1 0.6362304688 0.4887695312 0.0058593750 0.0185546875
1 0.6186523438 0.4973144531 0.0068359375 0.0180664062
1 0.6276855469 0.5151367188 0.0073242188 0.0166015625
1 0.6142578125 0.5195312500 0.0156250000 0.0087890625
1 0.5781250000 0.5104980469 0.0166015625 0.0092773438
1 0.5783691406 0.5290527344 0.0170898438 0.0073242188
1 0.5781250000 0.5373535156 0.0166015625 0.0073242188
1 0.6142578125 0.5378417969 0.0185546875 0.0092773438
1 0.5515136719 0.5288085938 0.0170898438 0.0087890625
0 0.7080078125 0.4963378906 0.0058593750 0.0161132812
1 0.4997558594 0.5446777344 0.0073242188 0.0161132812
1 0.6149902344 0.5598144531 0.0258789062 0.0102539062
1 0.6206054688 0.3737792969 0.0078125000 0.0180664062
1 0.6069335938 0.3737792969 0.0097656250 0.0268554688
1 0.5944824219 0.3728027344 0.0092773438 0.0268554688
0 0.5808105469 0.3769531250 0.0141601562 0.0312500000
0 0.5644531250 0.3764648438 0.0146484375 0.0312500000
1 0.5517578125 0.3767089844 0.0087890625 0.0268554688
1 0.4965820312 0.3354492188 0.0537109375 0.0214843750
1 0.4951171875 0.3557128906 0.0283203125 0.0122070312
1 0.4970703125 0.3742675781 0.0556640625 0.0229492188
1 0.4687500000 0.3925781250 0.0273437500 0.0087890625
1 0.4711914062 0.4067382812 0.0283203125 0.0097656250
1 0.4716796875 0.4208984375 0.0273437500 0.0097656250
0 0.4707031250 0.4387207031 0.0292968750 0.0141601562
0 0.4753417969 0.4711914062 0.0297851562 0.0146484375
1 0.4721679688 0.4543457031 0.0253906250 0.0092773438
1 0.4729003906 0.4843750000 0.0249023438 0.0107421875
1 0.4130859375 0.3168945312 0.0546875000 0.0234375000
1 0.4133300781 0.3476562500 0.0551757812 0.0234375000
1 0.4101562500 0.3701171875 0.0263671875 0.0136718750
1 0.4133300781 0.3891601562 0.0541992188 0.0234375000
1 0.4135742188 0.4167480469 0.0556640625 0.0239257812
1 0.4230957031 0.4331054688 0.0161132812 0.0078125000
0 0.4267578125 0.4423828125 0.0166015625 0.0078125000
1 0.3132324219 0.4340820312 0.0258789062 0.0107421875
1 0.3146972656 0.4060058594 0.0561523438 0.0239257812
1 0.3195800781 0.3662109375 0.1000976562 0.0419921875
1 0.2431640625 0.4018554688 0.0273437500 0.0136718750
1 0.1604003906 0.3666992188 0.0991210938 0.0429687500
1 0.1582031250 0.4208984375 0.0996093750 0.0449218750
1 0.1323242188 0.5000000000 0.0556640625 0.0234375000
0 0.2077636719 0.4775390625 0.0073242188 0.0156250000
0 0.2185058594 0.4770507812 0.0063476562 0.0156250000
0 0.2297363281 0.4770507812 0.0073242188 0.0166015625
0 0.2404785156 0.4772949219 0.0063476562 0.0161132812
0 0.2514648438 0.4775390625 0.0068359375 0.0156250000
0 0.2626953125 0.4770507812 0.0078125000 0.0166015625
0 0.2734375000 0.4770507812 0.0058593750 0.0166015625
0 0.2841796875 0.4770507812 0.0068359375 0.0166015625
0 0.2954101562 0.4768066406 0.0068359375 0.0170898438
0 0.3061523438 0.4765625000 0.0068359375 0.0166015625
0 0.3176269531 0.4768066406 0.0073242188 0.0161132812
0 0.3281250000 0.4765625000 0.0068359375 0.0156250000
0 0.3393554688 0.4770507812 0.0068359375 0.0166015625
0 0.3500976562 0.4765625000 0.0068359375 0.0166015625
0 0.3608398438 0.4763183594 0.0068359375 0.0170898438
0 0.3720703125 0.4763183594 0.0078125000 0.0170898438
0 0.3830566406 0.4760742188 0.0073242188 0.0166015625
0 0.3940429688 0.4763183594 0.0078125000 0.0170898438
0 0.4106445312 0.4848632812 0.0156250000 0.0087890625
0 0.4106445312 0.4956054688 0.0156250000 0.0078125000
0 0.4104003906 0.5065917969 0.0151367188 0.0073242188
0 0.4101562500 0.5173339844 0.0136718750 0.0073242188
0 0.4106445312 0.5285644531 0.0146484375 0.0073242188
0 0.4113769531 0.5393066406 0.0161132812 0.0073242188
0 0.4106445312 0.5500488281 0.0166015625 0.0073242188
0 0.4106445312 0.5610351562 0.0166015625 0.0078125000
0 0.4106445312 0.5720214844 0.0166015625 0.0083007812
0 0.4111328125 0.5830078125 0.0166015625 0.0078125000
0 0.4108886719 0.5939941406 0.0170898438 0.0073242188
0 0.4113769531 0.6049804688 0.0170898438 0.0078125000
0 0.4111328125 0.6164550781 0.0175781250 0.0073242188
0 0.4111328125 0.6269531250 0.0166015625 0.0068359375
0 0.4111328125 0.6384277344 0.0175781250 0.0073242188
1 0.1206054688 0.6501464844 0.0996093750 0.0424804688
1 0.1206054688 0.7207031250 0.0996093750 0.0429687500
0 0.1926269531 0.4965820312 0.0170898438 0.0078125000
0 0.1926269531 0.5073242188 0.0170898438 0.0068359375
0 0.1921386719 0.5183105469 0.0170898438 0.0073242188
0 0.1923828125 0.5290527344 0.0166015625 0.0073242188
0 0.1926269531 0.5402832031 0.0161132812 0.0073242188
0 0.1921386719 0.5515136719 0.0170898438 0.0073242188
0 0.1923828125 0.5620117188 0.0166015625 0.0068359375
0 0.1923828125 0.5727539062 0.0156250000 0.0078125000
0 0.1921386719 0.5839843750 0.0170898438 0.0068359375
0 0.1928710938 0.5949707031 0.0175781250 0.0073242188
0 0.1928710938 0.6062011719 0.0166015625 0.0063476562
0 0.1928710938 0.6171875000 0.0166015625 0.0068359375
0 0.1931152344 0.6276855469 0.0180664062 0.0073242188
0 0.2084960938 0.6555175781 0.0078125000 0.0180664062
0 0.2192382812 0.6550292969 0.0068359375 0.0170898438
0 0.2304687500 0.6552734375 0.0068359375 0.0166015625
0 0.2414550781 0.6555175781 0.0073242188 0.0170898438
0 0.2521972656 0.6550292969 0.0073242188 0.0170898438
0 0.2631835938 0.6550292969 0.0068359375 0.0170898438
0 0.2744140625 0.6550292969 0.0068359375 0.0170898438
0 0.2851562500 0.6552734375 0.0068359375 0.0185546875
0 0.2961425781 0.6550292969 0.0073242188 0.0170898438
0 0.3071289062 0.6547851562 0.0078125000 0.0175781250
0 0.3181152344 0.6547851562 0.0073242188 0.0175781250
0 0.3291015625 0.6547851562 0.0068359375 0.0166015625
0 0.3398437500 0.6547851562 0.0068359375 0.0166015625
0 0.3515625000 0.6547851562 0.0068359375 0.0166015625
0 0.3620605469 0.6545410156 0.0073242188 0.0170898438
0 0.3730468750 0.6547851562 0.0068359375 0.0175781250
0 0.3842773438 0.6547851562 0.0068359375 0.0175781250
0 0.3952636719 0.6547851562 0.0063476562 0.0175781250
0 0.3771972656 0.5144042969 0.0073242188 0.0161132812
1 0.2868652344 0.5698242188 0.0258789062 0.0107421875
1 0.3217773438 0.5703125000 0.0253906250 0.0097656250
1 0.3041992188 0.5510253906 0.0087890625 0.0268554688
1 0.3034667969 0.5891113281 0.0092773438 0.0268554688
1 0.2639160156 0.5512695312 0.0063476562 0.0175781250
1 0.2731933594 0.5512695312 0.0063476562 0.0166015625
1 0.2817382812 0.5507812500 0.0068359375 0.0166015625
1 0.2907714844 0.5507812500 0.0073242188 0.0185546875
1 0.2902832031 0.5151367188 0.0073242188 0.0185546875
1 0.3000488281 0.5148925781 0.0063476562 0.0170898438
1 0.3361816406 0.5422363281 0.0073242188 0.0180664062
1 0.3264160156 0.5502929688 0.0073242188 0.0166015625
1 0.3181152344 0.5510253906 0.0063476562 0.0170898438
1 0.2644042969 0.5874023438 0.0063476562 0.0175781250
1 0.2731933594 0.5878906250 0.0063476562 0.0175781250
1 0.2910156250 0.6145019531 0.0068359375 0.0170898438
1 0.3005371094 0.6137695312 0.0063476562 0.0175781250
1 0.3269042969 0.5874023438 0.0063476562 0.0166015625
1 0.3361816406 0.5869140625 0.0063476562 0.0175781250
1 0.4538574219 0.5146484375 0.0268554688 0.0087890625
1 0.4626464844 0.5522460938 0.0551757812 0.0234375000
1 0.5109863281 0.5693359375 0.0073242188 0.0166015625
1 0.4548339844 0.5803222656 0.0268554688 0.0102539062
1 0.4553222656 0.5947265625 0.0268554688 0.0107421875
1 0.4545898438 0.6118164062 0.0263671875 0.0097656250
1 0.4553222656 0.6437988281 0.0258789062 0.0102539062
1 0.4477539062 0.6738281250 0.0166015625 0.0078125000
1 0.4489746094 0.6845703125 0.0258789062 0.0097656250
1 0.4497070312 0.7111816406 0.0546875000 0.0229492188
1 0.4970703125 0.7180175781 0.0253906250 0.0102539062
1 0.4489746094 0.7390136719 0.0551757812 0.0249023438
1 0.4514160156 0.7600097656 0.0288085938 0.0141601562
1 0.4509277344 0.7749023438 0.0258789062 0.0107421875
1 0.5090332031 0.7526855469 0.0092773438 0.0278320312
1 0.4511718750 0.8085937500 0.0556640625 0.0234375000
1 0.4501953125 0.8491210938 0.0556640625 0.0234375000
1 0.3049316406 0.6933593750 0.0258789062 0.0087890625
1 0.3044433594 0.7055664062 0.0258789062 0.0097656250
1 0.2397460938 0.7094726562 0.0556640625 0.0234375000
1 0.1621093750 0.7578125000 0.0556640625 0.0234375000
1 0.1625976562 0.7849121094 0.0556640625 0.0239257812
1 0.1950683594 0.8200683594 0.0258789062 0.0102539062
1 0.1950683594 0.8308105469 0.0170898438 0.0073242188
1 0.3208007812 0.7331542969 0.0996093750 0.0424804688
1 0.3203125000 0.7819824219 0.0996093750 0.0424804688
1 0.3166503906 0.8278808594 0.0561523438 0.0239257812
1 0.1674804688 0.9531250000 0.0556640625 0.0244140625
1 0.2143554688 0.9462890625 0.0166015625 0.0068359375
1 0.2133789062 0.9611816406 0.0166015625 0.0073242188
1 0.1652832031 0.9880371094 0.0991210938 0.0239257812
0 0.2539062500 0.9934082031 0.0078125000 0.0131835938
0 0.2768554688 0.9938964844 0.0087890625 0.0122070312
0 0.3010253906 0.9936523438 0.0073242188 0.0126953125
0 0.3215332031 0.9943847656 0.0063476562 0.0112304688
0 0.3457031250 0.9938964844 0.0078125000 0.0122070312
0 0.3662109375 0.9938964844 0.0068359375 0.0122070312
0 0.3901367188 0.9936523438 0.0078125000 0.0126953125
0 0.4143066406 0.9934082031 0.0083007812 0.0131835938
0 0.4382324219 0.9934082031 0.0073242188 0.0131835938
0 0.4587402344 0.9934082031 0.0063476562 0.0131835938
0 0.4824218750 0.9934082031 0.0078125000 0.0131835938
0 0.5068359375 0.9929199219 0.0078125000 0.0141601562
0 0.5275878906 0.9934082031 0.0073242188 0.0131835938
0 0.5512695312 0.9934082031 0.0078125000 0.0131835938
0 0.5751953125 0.9934082031 0.0078125000 0.0131835938
0 0.5993652344 0.9931640625 0.0083007812 0.0136718750
0 0.6203613281 0.9931640625 0.0073242188 0.0136718750
1 0.5556640625 0.8044433594 0.0996093750 0.0424804688
1 0.5583496094 0.8581542969 0.1000976562 0.0424804688
1 0.5388183594 0.5966796875 0.0063476562 0.0175781250
1 0.6147460938 0.5734863281 0.0156250000 0.0063476562
1 0.5793457031 0.5825195312 0.0161132812 0.0068359375
1 0.6147460938 0.5917968750 0.0156250000 0.0078125000
1 0.6604003906 0.6042480469 0.0092773438 0.0249023438
1 0.5517578125 0.6279296875 0.0166015625 0.0078125000
1 0.5524902344 0.6362304688 0.0161132812 0.0058593750
1 0.5249023438 0.6640625000 0.0166015625 0.0078125000
1 0.5249023438 0.6726074219 0.0166015625 0.0073242188
1 0.5251464844 0.6999511719 0.0161132812 0.0073242188
1 0.5920410156 0.6772460938 0.0063476562 0.0166015625
1 0.5783691406 0.6098632812 0.0170898438 0.0068359375
1 0.5971679688 0.6181640625 0.0166015625 0.0068359375
1 0.5969238281 0.6279296875 0.0161132812 0.0068359375
1 0.6196289062 0.6052246094 0.0068359375 0.0170898438
1 0.6286621094 0.6049804688 0.0073242188 0.0175781250
1 0.6372070312 0.6054687500 0.0068359375 0.0175781250
1 0.6462402344 0.6047363281 0.0063476562 0.0170898438
1 0.6147460938 0.6281738281 0.0166015625 0.0073242188
1 0.6281738281 0.6235351562 0.0073242188 0.0166015625
1 0.6369628906 0.6320800781 0.0073242188 0.0170898438
1 0.6240234375 0.6728515625 0.0166015625 0.0078125000
0 0.6425781250 0.6821289062 0.0146484375 0.0078125000
0 0.6420898438 0.6906738281 0.0156250000 0.0073242188
1 0.6420898438 0.6994628906 0.0166015625 0.0063476562
1 0.6730957031 0.6054687500 0.0063476562 0.0166015625
1 0.6818847656 0.6059570312 0.0073242188 0.0175781250
1 0.6911621094 0.6049804688 0.0063476562 0.0166015625
1 0.6999511719 0.6052246094 0.0063476562 0.0170898438
1 0.7038574219 0.5822753906 0.0170898438 0.0073242188
1 0.7041015625 0.5913085938 0.0166015625 0.0087890625
1 0.7397460938 0.5822753906 0.0175781250 0.0073242188
1 0.7399902344 0.5908203125 0.0161132812 0.0068359375
1 0.8076171875 0.5778808594 0.0068359375 0.0161132812
1 0.7805175781 0.6044921875 0.0063476562 0.0175781250
1 0.7673339844 0.6354980469 0.0170898438 0.0073242188
1 0.7221679688 0.6179199219 0.0146484375 0.0063476562
1 0.7224121094 0.6276855469 0.0161132812 0.0073242188
1 0.7094726562 0.6235351562 0.0068359375 0.0166015625
1 0.6904296875 0.6323242188 0.0068359375 0.0175781250
1 0.6997070312 0.6320800781 0.0078125000 0.0170898438
1 0.7946777344 0.6540527344 0.0161132812 0.0073242188
1 0.7946777344 0.6625976562 0.0161132812 0.0078125000
1 0.7949218750 0.6711425781 0.0166015625 0.0073242188
1 0.7956542969 0.6896972656 0.0170898438 0.0063476562
1 0.7856445312 0.6987304688 0.0166015625 0.0078125000
1 0.6960449219 0.6811523438 0.0161132812 0.0068359375
0 0.7363281250 0.6496582031 0.0068359375 0.0170898438
0 0.6867675781 0.6542968750 0.0151367188 0.0078125000
0 0.6860351562 0.6638183594 0.0146484375 0.0063476562
0 0.6784667969 0.6813964844 0.0170898438 0.0063476562
0 0.6782226562 0.6904296875 0.0156250000 0.0068359375
0 0.5297851562 0.7517089844 0.0156250000 0.0317382812
0 0.5466308594 0.7512207031 0.0141601562 0.0317382812
1 0.5610351562 0.7517089844 0.0087890625 0.0278320312
1 0.5986328125 0.7500000000 0.0087890625 0.0283203125
1 0.6083984375 0.7507324219 0.0078125000 0.0180664062
1 0.6281738281 0.7492675781 0.0102539062 0.0278320312
1 0.6777343750 0.8017578125 0.0986328125 0.0419921875
1 0.7971191406 0.8076171875 0.0991210938 0.0429687500
1 0.7224121094 0.7517089844 0.0063476562 0.0170898438
1 0.7382812500 0.7519531250 0.0097656250 0.0273437500
1 0.7551269531 0.7526855469 0.0102539062 0.0268554688
1 0.8037109375 0.7507324219 0.0097656250 0.0278320312
1 0.8183593750 0.7299804688 0.0097656250 0.0263671875
1 0.8393554688 0.7138671875 0.0087890625 0.0263671875
1 0.8432617188 0.7634277344 0.0546875000 0.0229492188
1 0.6582031250 0.8447265625 0.0556640625 0.0234375000
1 0.7980957031 0.8425292969 0.0551757812 0.0239257812
1 0.7966308594 0.8684082031 0.0561523438 0.0229492188
0 0.7707519531 0.7509765625 0.0151367188 0.0312500000
0 0.7880859375 0.7509765625 0.0146484375 0.0312500000
1 0.8513183594 0.6706542969 0.0161132812 0.0063476562
1 0.8969726562 0.7231445312 0.0986328125 0.0419921875
1 0.9023437500 0.7497558594 0.0263671875 0.0092773438
1 0.9018554688 0.7614746094 0.0263671875 0.0092773438
1 0.9055175781 0.7805175781 0.0551757812 0.0229492188
1 0.9008789062 0.8127441406 0.0273437500 0.0102539062
1 0.9050292969 0.8366699219 0.0551757812 0.0229492188
1 0.9042968750 0.8676757812 0.0546875000 0.0234375000
1 0.9763183594 0.9843750000 0.0473632812 0.0234375000
