2 0.1416015625 0.3955078125 0.2675781250 0.3027343750
0 0.0039062500 0.6293945312 0.0078125000 0.0361328125
0 0.0209960938 0.6279296875 0.0146484375 0.0351562500
0 0.0429687500 0.6293945312 0.0156250000 0.0341796875
0 0.0639648438 0.6289062500 0.0146484375 0.0351562500
0 0.0844726562 0.6284179688 0.0146484375 0.0341796875
0 0.1064453125 0.6279296875 0.0156250000 0.0332031250
0 0.1289062500 0.6289062500 0.0156250000 0.0351562500
0 0.1494140625 0.6284179688 0.0156250000 0.0341796875
0 0.1708984375 0.6293945312 0.0156250000 0.0361328125
0 0.1928710938 0.6293945312 0.0166015625 0.0361328125
0 0.2133789062 0.6293945312 0.0126953125 0.0361328125
0 0.2348632812 0.6293945312 0.0146484375 0.0361328125
0 0.2563476562 0.6298828125 0.0146484375 0.0351562500
0 0.2783203125 0.6303710938 0.0156250000 0.0361328125
0 0.2993164062 0.6293945312 0.0166015625 0.0361328125
0 0.0332031250 0.2065429688 0.0156250000 0.0322265625
0 0.0541992188 0.2075195312 0.0166015625 0.0361328125
0 0.0751953125 0.2065429688 0.0156250000 0.0341796875
0 0.0971679688 0.2065429688 0.0166015625 0.0341796875
0 0.1191406250 0.2055664062 0.0156250000 0.0322265625
0 0.1406250000 0.2075195312 0.0156250000 0.0341796875
0 0.1616210938 0.2070312500 0.0166015625 0.0332031250
0 0.1831054688 0.2070312500 0.0146484375 0.0371093750
0 0.2045898438 0.2070312500 0.0166015625 0.0371093750
0 0.2255859375 0.2070312500 0.0156250000 0.0351562500
0 0.2470703125 0.2080078125 0.0156250000 0.0371093750
0 0.2685546875 0.2070312500 0.0136718750 0.0351562500
0 0.2895507812 0.2055664062 0.0166015625 0.0361328125
0 0.3256835938 0.2167968750 0.0322265625 0.0156250000
0 0.3256835938 0.2373046875 0.0322265625 0.0156250000
0 0.3276367188 0.2592773438 0.0341796875 0.0146484375
0 0.3266601562 0.2802734375 0.0322265625 0.0175781250
0 0.3276367188 0.3022460938 0.0322265625 0.0166015625
0 0.3261718750 0.3237304688 0.0351562500 0.0166015625
0 0.3261718750 0.3452148438 0.0312500000 0.0166015625
0 0.3271484375 0.3662109375 0.0332031250 0.0175781250
0 0.3261718750 0.3876953125 0.0332031250 0.0175781250
0 0.3261718750 0.4096679688 0.0332031250 0.0166015625
0 0.3256835938 0.4306640625 0.0322265625 0.0156250000
0 0.3266601562 0.4521484375 0.0322265625 0.0156250000
0 0.3261718750 0.4731445312 0.0332031250 0.0146484375
0 0.3261718750 0.4951171875 0.0332031250 0.0175781250
0 0.3266601562 0.5161132812 0.0341796875 0.0166015625
0 0.3256835938 0.5366210938 0.0322265625 0.0166015625
0 0.3256835938 0.5585937500 0.0341796875 0.0156250000
0 0.3251953125 0.5810546875 0.0332031250 0.0175781250
3 0.5024414062 0.4052734375 0.1396484375 0.0585937500
0 0.4575195312 0.3666992188 0.0341796875 0.0146484375
0 0.5581054688 0.3671875000 0.0341796875 0.0156250000
0 0.4570312500 0.4604492188 0.0312500000 0.0146484375
1 0.5112304688 0.4609375000 0.0498046875 0.0195312500
0 0.5649414062 0.4624023438 0.0302734375 0.0185546875
3 0.5004882812 0.5000000000 0.1396484375 0.0507812500
3 0.7280273438 0.5688476562 0.0556640625 0.0595703125
0 0.6416015625 0.9682617188 0.0351562500 0.0146484375
0 0.6420898438 0.9892578125 0.0341796875 0.0156250000
0 0.6791992188 0.9462890625 0.0146484375 0.0351562500
0 0.7006835938 0.9467773438 0.0166015625 0.0341796875
0 0.7221679688 0.9467773438 0.0166015625 0.0361328125
0 0.7436523438 0.9462890625 0.0146484375 0.0351562500
0 0.7646484375 0.9462890625 0.0136718750 0.0351562500
0 0.7871093750 0.9467773438 0.0136718750 0.0341796875
0 0.8076171875 0.9458007812 0.0136718750 0.0322265625
0 0.8295898438 0.9462890625 0.0146484375 0.0332031250
0 0.8515625000 0.9453125000 0.0156250000 0.0312500000
0 0.8725585938 0.9462890625 0.0146484375 0.0292968750
0 0.8930664062 0.9458007812 0.0166015625 0.0302734375
0 0.9155273438 0.9458007812 0.0146484375 0.0322265625
0 0.9365234375 0.9467773438 0.0156250000 0.0341796875
0 0.9575195312 0.9467773438 0.0146484375 0.0322265625
0 0.9794921875 0.9467773438 0.0136718750 0.0341796875
3 0.7148437500 0.8559570312 0.0566406250 0.0595703125
