1 0.1821289062 0.1997070312 0.1962890625 0.0849609375
1 0.1943359375 0.6059570312 0.1972656250 0.0888671875
1 0.0415039062 0.5751953125 0.0830078125 0.0488281250
1 0.2031250000 0.2783203125 0.1093750000 0.0488281250
1 0.2001953125 0.3188476562 0.0527343750 0.0205078125
1 0.2006835938 0.3442382812 0.0556640625 0.0205078125
1 0.1889648438 0.5405273438 0.0537109375 0.0224609375
0 0.3305664062 0.2226562500 0.0322265625 0.0175781250
0 0.3310546875 0.2460937500 0.0332031250 0.0156250000
0 0.3315429688 0.2670898438 0.0322265625 0.0166015625
0 0.3315429688 0.2900390625 0.0341796875 0.0156250000
0 0.3310546875 0.3110351562 0.0332031250 0.0166015625
0 0.3310546875 0.3334960938 0.0332031250 0.0166015625
0 0.3310546875 0.3549804688 0.0351562500 0.0146484375
0 0.3310546875 0.3759765625 0.0332031250 0.0156250000
0 0.3320312500 0.3984375000 0.0332031250 0.0156250000
0 0.3320312500 0.4199218750 0.0312500000 0.0156250000
0 0.3320312500 0.4418945312 0.0332031250 0.0166015625
0 0.3315429688 0.4648437500 0.0322265625 0.0175781250
0 0.3334960938 0.4863281250 0.0322265625 0.0156250000
0 0.3334960938 0.5078125000 0.0341796875 0.0156250000
0 0.3330078125 0.5292968750 0.0332031250 0.0156250000
0 0.3330078125 0.5512695312 0.0332031250 0.0166015625
0 0.3339843750 0.5732421875 0.0312500000 0.0156250000
0 0.3334960938 0.5947265625 0.0341796875 0.0156250000
0 0.3833007812 0.1967773438 0.0166015625 0.0341796875
0 0.4052734375 0.1967773438 0.0156250000 0.0322265625
0 0.4267578125 0.1977539062 0.0156250000 0.0341796875
0 0.4492187500 0.1987304688 0.0175781250 0.0361328125
0 0.4707031250 0.1982421875 0.0156250000 0.0371093750
0 0.4916992188 0.1977539062 0.0166015625 0.0361328125
0 0.5146484375 0.1982421875 0.0136718750 0.0371093750
0 0.5361328125 0.1997070312 0.0156250000 0.0361328125
0 0.5571289062 0.1977539062 0.0146484375 0.0361328125
0 0.5800781250 0.1982421875 0.0136718750 0.0351562500
0 0.6010742188 0.1977539062 0.0146484375 0.0361328125
0 0.6240234375 0.1982421875 0.0156250000 0.0351562500
0 0.6455078125 0.1992187500 0.0156250000 0.0371093750
0 0.6938476562 0.2236328125 0.0341796875 0.0156250000
0 0.6938476562 0.2451171875 0.0341796875 0.0175781250
0 0.6938476562 0.2666015625 0.0341796875 0.0156250000
0 0.6923828125 0.2880859375 0.0312500000 0.0175781250
0 0.6933593750 0.3105468750 0.0332031250 0.0156250000
0 0.6938476562 0.3320312500 0.0341796875 0.0175781250
0 0.6948242188 0.3540039062 0.0322265625 0.0166015625
0 0.6943359375 0.3764648438 0.0351562500 0.0166015625
0 0.6948242188 0.3969726562 0.0341796875 0.0166015625
0 0.6938476562 0.4189453125 0.0322265625 0.0156250000
0 0.6948242188 0.4409179688 0.0322265625 0.0185546875
0 0.6953125000 0.4633789062 0.0351562500 0.0166015625
0 0.6943359375 0.4848632812 0.0312500000 0.0166015625
0 0.6948242188 0.5068359375 0.0322265625 0.0156250000
0 0.6953125000 0.5278320312 0.0312500000 0.0185546875
0 0.6953125000 0.5498046875 0.0332031250 0.0156250000
0 0.6953125000 0.5722656250 0.0312500000 0.0175781250
0 0.6967773438 0.5947265625 0.0341796875 0.0156250000
0 0.6201171875 0.5541992188 0.0312500000 0.0146484375
0 0.3759765625 0.6259765625 0.0156250000 0.0371093750
0 0.3974609375 0.6284179688 0.0136718750 0.0361328125
0 0.4194335938 0.6274414062 0.0166015625 0.0361328125
0 0.4409179688 0.6279296875 0.0146484375 0.0371093750
0 0.4624023438 0.6264648438 0.0146484375 0.0341796875
0 0.4843750000 0.6269531250 0.0156250000 0.0371093750
0 0.5068359375 0.6264648438 0.0156250000 0.0380859375
0 0.5288085938 0.6269531250 0.0166015625 0.0351562500
0 0.5502929688 0.6264648438 0.0146484375 0.0380859375
0 0.5727539062 0.6274414062 0.0146484375 0.0361328125
0 0.5942382812 0.6279296875 0.0146484375 0.0351562500
0 0.6157226562 0.6269531250 0.0146484375 0.0351562500
0 0.6376953125 0.6264648438 0.0156250000 0.0361328125
0 0.6591796875 0.6274414062 0.0136718750 0.0361328125
0 0.6816406250 0.6279296875 0.0117187500 0.0351562500
1 0.4843750000 0.4077148438 0.0488281250 0.0205078125
1 0.5195312500 0.3706054688 0.0195312500 0.0517578125
1 0.4824218750 0.3281250000 0.0332031250 0.0156250000
1 0.4829101562 0.3447265625 0.0322265625 0.0136718750
1 0.4291992188 0.3808593750 0.0341796875 0.0156250000
1 0.4296875000 0.4003906250 0.0351562500 0.0136718750
1 0.4843750000 0.4526367188 0.0332031250 0.0166015625
1 0.4848632812 0.4711914062 0.0361328125 0.0166015625
1 0.5180664062 0.4443359375 0.0205078125 0.0546875000
1 0.5561523438 0.3276367188 0.0322265625 0.0166015625
1 0.5551757812 0.3457031250 0.0341796875 0.0156250000
1 0.5546875000 0.3632812500 0.0292968750 0.0156250000
1 0.5551757812 0.3808593750 0.0341796875 0.0156250000
1 0.5527343750 0.4077148438 0.0507812500 0.0205078125
1 0.6254882812 0.3803710938 0.0302734375 0.0146484375
1 0.6269531250 0.3979492188 0.0312500000 0.0146484375
1 0.5551757812 0.4335937500 0.0302734375 0.0156250000
1 0.5561523438 0.4526367188 0.0302734375 0.0146484375
1 0.5556640625 0.4702148438 0.0351562500 0.0146484375
1 0.8530273438 0.1782226562 0.1962890625 0.0869140625
1 0.7656250000 0.2436523438 0.0527343750 0.0205078125
1 0.8823242188 0.2641601562 0.1103515625 0.0478515625
1 0.8764648438 0.3515625000 0.1982421875 0.0878906250
1 0.8676757812 0.4018554688 0.0517578125 0.0224609375
1 0.8720703125 0.4418945312 0.1093750000 0.0458984375
1 0.8671875000 0.4780273438 0.0527343750 0.0205078125
1 0.8750000000 0.5380859375 0.1992187500 0.0859375000
1 0.8735351562 0.6376953125 0.1982421875 0.0878906250
1 0.9008789062 0.7114257812 0.1064453125 0.0458984375
1 0.9062500000 0.7661132812 0.1093750000 0.0458984375
1 0.9018554688 0.7978515625 0.0537109375 0.0195312500
1 0.9013671875 0.8188476562 0.0527343750 0.0205078125
1 0.9018554688 0.8398437500 0.0517578125 0.0195312500
1 0.9038085938 0.8583984375 0.0341796875 0.0156250000
0 0.9057617188 0.8793945312 0.0615234375 0.0283203125
0 0.9067382812 0.9135742188 0.0595703125 0.0283203125
1 0.9072265625 0.9448242188 0.0527343750 0.0224609375
1 0.9086914062 0.9707031250 0.0537109375 0.0195312500
1 0.7968750000 0.7333984375 0.0195312500 0.0566406250
1 0.7705078125 0.7299804688 0.0195312500 0.0517578125
0 0.7431640625 0.7333984375 0.0273437500 0.0605468750
0 0.7094726562 0.7338867188 0.0283203125 0.0615234375
1 0.6821289062 0.7333984375 0.0205078125 0.0527343750
1 0.6591796875 0.7353515625 0.0195312500 0.0546875000
1 0.6313476562 0.7368164062 0.0185546875 0.0537109375
1 0.5644531250 0.7333984375 0.1113281250 0.0488281250
1 0.5283203125 0.6821289062 0.0566406250 0.0185546875
1 0.4853515625 0.7460937500 0.0136718750 0.0332031250
1 0.7866210938 0.8417968750 0.0322265625 0.0156250000
1 0.7856445312 0.8569335938 0.0322265625 0.0166015625
1 0.8046875000 0.8959960938 0.0312500000 0.0166015625
1 0.7866210938 0.9121093750 0.0341796875 0.0156250000
1 0.7338867188 0.9677734375 0.0341796875 0.0156250000
1 0.7314453125 0.8583984375 0.0351562500 0.0156250000
1 0.6616210938 0.9130859375 0.0380859375 0.0156250000
1 0.6616210938 0.9848632812 0.0341796875 0.0185546875
1 0.5883789062 0.8774414062 0.0341796875 0.0185546875
1 0.5351562500 0.8588867188 0.0312500000 0.0166015625
1 0.5546875000 0.9497070312 0.0312500000 0.0146484375
1 0.5898437500 0.9672851562 0.0351562500 0.0166015625
1 0.5996093750 0.9877929688 0.0136718750 0.0244140625
0 0.9873046875 0.9848632812 0.0253906250 0.0126953125
0 0.4189453125 0.8520507812 0.0136718750 0.0322265625
0 0.4379882812 0.8696289062 0.0146484375 0.0341796875
0 0.4804687500 0.8593750000 0.0312500000 0.0136718750
0 0.4809570312 0.8779296875 0.0302734375 0.0156250000
0 0.4814453125 0.8955078125 0.0312500000 0.0156250000
0 0.5092773438 0.9052734375 0.0146484375 0.0351562500
0 0.3022460938 0.9858398438 0.0322265625 0.0146484375
1 0.2294921875 0.8422851562 0.0332031250 0.0166015625
1 0.2666015625 0.8427734375 0.0332031250 0.0195312500
1 0.2666015625 0.8598632812 0.0332031250 0.0146484375
1 0.3027343750 0.8413085938 0.0332031250 0.0166015625
1 0.3032226562 0.8593750000 0.0322265625 0.0175781250
1 0.3916015625 0.8955078125 0.0332031250 0.0175781250
1 0.2290039062 0.8964843750 0.0361328125 0.0156250000
1 0.2485351562 0.9218750000 0.0302734375 0.0136718750
1 0.3027343750 0.9687500000 0.0332031250 0.0136718750
1 0.4101562500 0.9848632812 0.0332031250 0.0166015625
1 0.4555664062 0.9604492188 0.0126953125 0.0361328125
1 0.4726562500 0.9775390625 0.0117187500 0.0371093750
1 0.4375000000 0.9882812500 0.0136718750 0.0234375000
0 0.6162109375 0.9882812500 0.0117187500 0.0234375000
1 0.4414062500 0.7475585938 0.0156250000 0.0361328125
1 0.4140625000 0.7475585938 0.0195312500 0.0537109375
1 0.3891601562 0.7456054688 0.0185546875 0.0537109375
0 0.3618164062 0.7539062500 0.0283203125 0.0625000000
0 0.3291015625 0.7529296875 0.0292968750 0.0625000000
1 0.3037109375 0.7534179688 0.0175781250 0.0537109375
1 0.1933593750 0.6708984375 0.1074218750 0.0429687500
1 0.1904296875 0.7114257812 0.0566406250 0.0244140625
1 0.1943359375 0.7485351562 0.1113281250 0.0458984375
1 0.1376953125 0.7851562500 0.0546875000 0.0175781250
1 0.1425781250 0.8134765625 0.0566406250 0.0195312500
1 0.1435546875 0.8417968750 0.0546875000 0.0195312500
0 0.1416015625 0.8774414062 0.0585937500 0.0283203125
0 0.1508789062 0.9423828125 0.0595703125 0.0292968750
1 0.1445312500 0.9086914062 0.0507812500 0.0185546875
1 0.1459960938 0.9687500000 0.0498046875 0.0214843750
1 0.0405273438 0.6337890625 0.0810546875 0.0468750000
1 0.0410156250 0.6953125000 0.0820312500 0.0468750000
1 0.0234375000 0.7402343750 0.0468750000 0.0273437500
1 0.0405273438 0.7783203125 0.0810546875 0.0468750000
1 0.0415039062 0.8334960938 0.0830078125 0.0478515625
1 0.0463867188 0.8662109375 0.0322265625 0.0156250000
0 0.0537109375 0.8847656250 0.0332031250 0.0156250000
0 0.0214843750 0.9697265625 0.0312500000 0.0175781250
0 0.0214843750 0.9912109375 0.0312500000 0.0156250000
