1 0.0292968750 0.2744140625 0.0410156250 0.0917968750
1 0.0625000000 0.2734375000 0.0214843750 0.0527343750
1 0.2001953125 0.2661132812 0.0136718750 0.0341796875
0 0.1977539062 0.3515625000 0.0322265625 0.0136718750
1 0.2329101562 0.2700195312 0.0419921875 0.0927734375
1 0.2734375000 0.2700195312 0.0175781250 0.0537109375
0 0.4135742188 0.3466796875 0.0341796875 0.0156250000
3 0.5844726562 0.2807617188 0.0576171875 0.0498046875
3 0.1889648438 0.9819335938 0.0654296875 0.0361328125
1 0.5888671875 0.7597656250 0.1484375000 0.0683593750
3 0.6455078125 0.6328125000 0.0546875000 0.0546875000
3 0.5004882812 0.5004882812 0.5380859375 0.1005859375
3 0.9291992188 0.5024414062 0.1357421875 0.1005859375
