0 0.0849609375 0.0791015625 0.0332031250 0.0156250000
1 0.0766601562 0.1835937500 0.0498046875 0.0214843750
2 0.2099609375 0.1289062500 0.1445312500 0.1230468750
0 0.3310546875 0.0869140625 0.0332031250 0.0156250000
1 0.3315429688 0.1064453125 0.0517578125 0.0214843750
1 0.3305664062 0.1323242188 0.0517578125 0.0185546875
1 0.3315429688 0.1606445312 0.0517578125 0.0205078125
1 0.3310546875 0.1865234375 0.0507812500 0.0214843750
3 0.5708007812 0.3178710938 0.0576171875 0.0537109375
1 0.7353515625 0.3110351562 0.0136718750 0.0322265625
1 0.7675781250 0.3105468750 0.0410156250 0.0917968750
1 0.8007812500 0.3095703125 0.0214843750 0.0527343750
1 0.9384765625 0.3022460938 0.0136718750 0.0341796875
0 0.9360351562 0.3876953125 0.0322265625 0.0136718750
1 0.9711914062 0.3061523438 0.0419921875 0.0927734375
3 0.4565429688 0.6660156250 0.0537109375 0.0605468750
0 0.2958984375 0.5415039062 0.0312500000 0.0166015625
3 0.5000000000 0.5000000000 0.1640625000 0.1640625000
3 0.7260742188 0.5000000000 0.1669921875 0.1699218750
1 0.4296875000 0.7944335938 0.1992187500 0.0908203125
