3 0.6362304688 0.5415039062 0.0576171875 0.0537109375
0 0.9355468750 0.2832031250 0.0332031250 0.0136718750
0 0.9345703125 0.3046875000 0.0312500000 0.0136718750
0 0.9350585938 0.3251953125 0.0302734375 0.0136718750
0 0.9345703125 0.3466796875 0.0332031250 0.0136718750
0 0.9355468750 0.3676757812 0.0312500000 0.0146484375
0 0.9350585938 0.3896484375 0.0322265625 0.0136718750
0 0.9345703125 0.4106445312 0.0332031250 0.0146484375
0 0.9340820312 0.4321289062 0.0322265625 0.0146484375
0 0.9340820312 0.4541015625 0.0322265625 0.0156250000
0 0.9335937500 0.4755859375 0.0332031250 0.0136718750
0 0.9345703125 0.4960937500 0.0332031250 0.0136718750
0 0.9340820312 0.5170898438 0.0341796875 0.0166015625
0 0.9335937500 0.5385742188 0.0332031250 0.0146484375
0 0.9335937500 0.5605468750 0.0312500000 0.0136718750
0 0.9326171875 0.5810546875 0.0312500000 0.0136718750
0 0.9340820312 0.6035156250 0.0322265625 0.0156250000
0 0.9335937500 0.6245117188 0.0332031250 0.0146484375
0 0.9355468750 0.6455078125 0.0292968750 0.0156250000
0 0.9570312500 0.6958007812 0.0156250000 0.0361328125
0 0.9780273438 0.6943359375 0.0146484375 0.0351562500
0 0.9960937500 0.6958007812 0.0078125000 0.0341796875
0 0.9902343750 0.2729492188 0.0156250000 0.0322265625
0 0.2197265625 0.8247070312 0.0312500000 0.0146484375
0 0.2202148438 0.8383789062 0.0341796875 0.0146484375
3 0.1665039062 0.9399414062 0.0537109375 0.0537109375
0 0.4667968750 0.8247070312 0.0312500000 0.0146484375
0 0.4667968750 0.8383789062 0.0332031250 0.0146484375
