1 0.0300292969 0.1730957031 0.0161132812 0.0073242188
0 0.1477050781 0.1425781250 0.0161132812 0.0078125000
0 0.1467285156 0.1638183594 0.0151367188 0.0073242188
0 0.1479492188 0.2084960938 0.0166015625 0.0068359375
0 0.1479492188 0.2319335938 0.0166015625 0.0068359375
0 0.1457519531 0.2561035156 0.0170898438 0.0073242188
0 0.2163085938 0.1650390625 0.0166015625 0.0078125000
0 0.2158203125 0.1889648438 0.0166015625 0.0087890625
0 0.2824707031 0.2858886719 0.0161132812 0.0092773438
1 0.5202636719 0.1479492188 0.1010742188 0.0458984375
1 0.6496582031 0.1435546875 0.0991210938 0.0439453125
1 0.4887695312 0.2851562500 0.0429687500 0.0996093750
1 0.4992675781 0.1862792969 0.0551757812 0.0219726562
1 0.6511230469 0.1740722656 0.0083007812 0.0170898438
1 0.5302734375 0.2060546875 0.0166015625 0.0068359375
1 0.5302734375 0.2148437500 0.0175781250 0.0087890625
1 0.5129394531 0.2250976562 0.0180664062 0.0078125000
0 0.5278320312 0.2355957031 0.0166015625 0.0073242188
0 0.5283203125 0.2431640625 0.0156250000 0.0078125000
0 0.5314941406 0.2861328125 0.0180664062 0.0078125000
1 0.5317382812 0.2966308594 0.0175781250 0.0073242188
1 0.5126953125 0.3437500000 0.0253906250 0.0107421875
1 0.7338867188 0.1652832031 0.0097656250 0.0258789062
1 0.7871093750 0.1398925781 0.0546875000 0.0229492188
1 0.7902832031 0.1733398438 0.0561523438 0.0224609375
1 0.7915039062 0.2019042969 0.0546875000 0.0229492188
1 0.8010253906 0.2282714844 0.0249023438 0.0131835938
1 0.8137207031 0.2932128906 0.0424804688 0.0991210938
1 0.7749023438 0.2841796875 0.0166015625 0.0087890625
1 0.7741699219 0.2993164062 0.0170898438 0.0078125000
1 0.8032226562 0.3547363281 0.0273437500 0.0122070312
1 0.7739257812 0.3723144531 0.0175781250 0.0092773438
1 0.5109863281 0.3581542969 0.0268554688 0.0102539062
0 0.4641113281 0.3603515625 0.0170898438 0.0078125000
0 0.4645996094 0.3715820312 0.0161132812 0.0087890625
0 0.4873046875 0.3720703125 0.0146484375 0.0058593750
2 0.6538085938 0.2922363281 0.2119140625 0.2133789062
1 0.9553222656 0.3666992188 0.0893554688 0.0429687500
1 0.9541015625 0.4208984375 0.0917968750 0.0449218750
1 0.7954101562 0.4008789062 0.0556640625 0.0244140625
0 0.0212402344 0.4191894531 0.0170898438 0.0092773438
0 0.0534667969 0.4194335938 0.0161132812 0.0078125000
0 0.0229492188 0.4660644531 0.0166015625 0.0073242188
1 0.0656738281 0.5627441406 0.0278320312 0.0102539062
1 0.0690917969 0.5810546875 0.0561523438 0.0244140625
1 0.0676269531 0.6015625000 0.0268554688 0.0107421875
0 0.0683593750 0.6206054688 0.0156250000 0.0087890625
0 0.0678710938 0.6440429688 0.0156250000 0.0068359375
1 0.0939941406 0.6877441406 0.1010742188 0.0434570312
1 0.0974121094 0.7473144531 0.0991210938 0.0444335938
1 0.3774414062 0.6579589844 0.0576171875 0.0249023438
1 0.3635253906 0.6772460938 0.0190429688 0.0097656250
1 0.3295898438 0.7170410156 0.0195312500 0.0083007812
1 0.3364257812 0.7575683594 0.0175781250 0.0102539062
1 0.3796386719 0.7573242188 0.0170898438 0.0087890625
1 0.4218750000 0.7580566406 0.0195312500 0.0092773438
1 0.4216308594 0.7944335938 0.0180664062 0.0097656250
1 0.3354492188 0.7946777344 0.0175781250 0.0092773438
1 0.3820800781 0.7768554688 0.0541992188 0.0234375000
1 0.3811035156 0.7944335938 0.0161132812 0.0087890625
1 0.4765625000 0.7072753906 0.0566406250 0.0239257812
0 0.4982910156 0.6572265625 0.0161132812 0.0097656250
1 0.4755859375 0.7373046875 0.0273437500 0.0117187500
1 0.3359375000 0.8791503906 0.0175781250 0.0083007812
1 0.3811035156 0.8791503906 0.0278320312 0.0112304688
1 0.4211425781 0.8791503906 0.0170898438 0.0092773438
1 0.3845214844 0.9104003906 0.0561523438 0.0229492188
0 0.4243164062 0.4321289062 0.0156250000 0.0087890625
1 0.5351562500 0.4033203125 0.0273437500 0.0117187500
1 0.5363769531 0.4362792969 0.0219726562 0.0473632812
1 0.5742187500 0.4155273438 0.0068359375 0.0166015625
1 0.5827636719 0.4509277344 0.0258789062 0.0102539062
1 0.5847167969 0.4653320312 0.0278320312 0.0117187500
1 0.5607910156 0.4853515625 0.0561523438 0.0244140625
1 0.6201171875 0.4235839844 0.0253906250 0.0112304688
1 0.6606445312 0.4147949219 0.0068359375 0.0161132812
0 0.6845703125 0.4118652344 0.0068359375 0.0170898438
1 0.7375488281 0.4252929688 0.0258789062 0.0117187500
1 0.6623535156 0.4582519531 0.0991210938 0.0434570312
1 0.6601562500 0.5075683594 0.0996093750 0.0415039062
0 0.6088867188 0.5393066406 0.0068359375 0.0170898438
0 0.6198730469 0.5385742188 0.0063476562 0.0175781250
1 0.6462402344 0.5388183594 0.0073242188 0.0180664062
1 0.6540527344 0.5388183594 0.0063476562 0.0170898438
0 0.6667480469 0.5388183594 0.0073242188 0.0161132812
0 0.6872558594 0.5390625000 0.0063476562 0.0166015625
0 0.6477050781 0.6296386719 0.0073242188 0.0180664062
0 0.6716308594 0.6289062500 0.0073242188 0.0175781250
0 0.6936035156 0.6291503906 0.0073242188 0.0180664062
0 0.7172851562 0.6286621094 0.0078125000 0.0190429688
1 0.9321289062 0.5000000000 0.0556640625 0.0234375000
1 0.9204101562 0.6501464844 0.0996093750 0.0424804688
1 0.9204101562 0.7207031250 0.0996093750 0.0429687500
0 0.9919433594 0.4965820312 0.0161132812 0.0078125000
0 0.9919433594 0.5073242188 0.0161132812 0.0068359375
0 0.9916992188 0.5183105469 0.0166015625 0.0073242188
0 0.9919433594 0.5290527344 0.0161132812 0.0073242188
0 0.9921875000 0.5402832031 0.0156250000 0.0073242188
0 0.9916992188 0.5515136719 0.0166015625 0.0073242188
0 0.9919433594 0.5620117188 0.0161132812 0.0068359375
0 0.9921875000 0.5727539062 0.0156250000 0.0078125000
0 0.9916992188 0.5839843750 0.0166015625 0.0068359375
0 0.9919433594 0.5949707031 0.0161132812 0.0073242188
0 0.9921875000 0.6062011719 0.0156250000 0.0063476562
0 0.9921875000 0.6171875000 0.0156250000 0.0068359375
0 0.9919433594 0.6276855469 0.0161132812 0.0073242188
1 0.9619140625 0.7578125000 0.0556640625 0.0234375000
1 0.9624023438 0.7849121094 0.0556640625 0.0239257812
1 0.9909667969 0.8200683594 0.0180664062 0.0102539062
1 0.9931640625 0.8308105469 0.0136718750 0.0073242188
1 0.9672851562 0.9531250000 0.0556640625 0.0244140625
