1 0.2329101562 0.2119140625 0.2021484375 0.0917968750
1 0.4916992188 0.2031250000 0.1982421875 0.0878906250
1 0.1699218750 0.4863281250 0.0859375000 0.1992187500
1 0.1909179688 0.2885742188 0.1103515625 0.0439453125
1 0.4946289062 0.2641601562 0.0166015625 0.0341796875
1 0.2529296875 0.3281250000 0.0332031250 0.0136718750
1 0.2529296875 0.3457031250 0.0351562500 0.0175781250
1 0.2182617188 0.3662109375 0.0361328125 0.0156250000
0 0.2480468750 0.3872070312 0.0332031250 0.0146484375
0 0.2490234375 0.4023437500 0.0312500000 0.0156250000
0 0.2553710938 0.4882812500 0.0361328125 0.0156250000
1 0.2558593750 0.5092773438 0.0351562500 0.0146484375
1 0.2177734375 0.6035156250 0.0507812500 0.0214843750
1 0.6601562500 0.2465820312 0.0195312500 0.0517578125
1 0.7666015625 0.1958007812 0.1093750000 0.0458984375
1 0.7729492188 0.2626953125 0.1123046875 0.0449218750
1 0.7753906250 0.3198242188 0.1093750000 0.0458984375
1 0.7944335938 0.3725585938 0.0498046875 0.0263671875
1 0.8198242188 0.5024414062 0.0849609375 0.1982421875
1 0.7421875000 0.4843750000 0.0332031250 0.0175781250
1 0.7407226562 0.5146484375 0.0341796875 0.0156250000
1 0.7988281250 0.6254882812 0.0546875000 0.0244140625
1 0.7402343750 0.6606445312 0.0351562500 0.0185546875
1 0.2143554688 0.6323242188 0.0537109375 0.0205078125
0 0.1206054688 0.6367187500 0.0341796875 0.0156250000
0 0.1215820312 0.6591796875 0.0322265625 0.0175781250
0 0.1669921875 0.6601562500 0.0292968750 0.0117187500
2 0.5000000000 0.5004882812 0.4238281250 0.4267578125
1 0.7832031250 0.7177734375 0.1113281250 0.0488281250
0 0.0410156250 0.7802734375 0.0312500000 0.0175781250
1 0.2626953125 0.7226562500 0.0546875000 0.0234375000
1 0.2651367188 0.7885742188 0.0439453125 0.0947265625
1 0.3408203125 0.7470703125 0.0136718750 0.0332031250
1 0.3579101562 0.8178710938 0.0517578125 0.0205078125
1 0.3618164062 0.8466796875 0.0556640625 0.0234375000
1 0.3139648438 0.8867187500 0.1123046875 0.0488281250
1 0.4326171875 0.7631835938 0.0507812500 0.0224609375
1 0.5136718750 0.7456054688 0.0136718750 0.0322265625
0 0.5615234375 0.7397460938 0.0136718750 0.0341796875
1 0.6674804688 0.7666015625 0.0517578125 0.0234375000
1 0.5170898438 0.8325195312 0.1982421875 0.0869140625
1 0.5126953125 0.9311523438 0.1992187500 0.0830078125
0 0.4101562500 0.9887695312 0.0136718750 0.0224609375
0 0.4321289062 0.9877929688 0.0126953125 0.0244140625
1 0.4848632812 0.9877929688 0.0146484375 0.0244140625
1 0.5004882812 0.9882812500 0.0126953125 0.0234375000
0 0.5258789062 0.9887695312 0.0146484375 0.0224609375
0 0.5668945312 0.9887695312 0.0126953125 0.0224609375
