0 0.0156250000 0.4291992188 0.0156250000 0.0361328125
0 0.0375976562 0.4277343750 0.0166015625 0.0332031250
0 0.0590820312 0.4282226562 0.0146484375 0.0341796875
0 0.0805664062 0.4296875000 0.0146484375 0.0351562500
0 0.1020507812 0.4291992188 0.0146484375 0.0341796875
0 0.1235351562 0.4296875000 0.0166015625 0.0351562500
0 0.1440429688 0.4287109375 0.0146484375 0.0332031250
0 0.1665039062 0.4282226562 0.0146484375 0.0341796875
0 0.1875000000 0.4291992188 0.0156250000 0.0322265625
0 0.2094726562 0.4287109375 0.0146484375 0.0332031250
0 0.2304687500 0.4277343750 0.0136718750 0.0332031250
0 0.2519531250 0.4291992188 0.0156250000 0.0361328125
0 0.2729492188 0.4291992188 0.0146484375 0.0341796875
0 0.2954101562 0.4287109375 0.0166015625 0.0351562500
0 0.0166015625 0.0888671875 0.0136718750 0.0351562500
0 0.0390625000 0.0893554688 0.0136718750 0.0341796875
0 0.0595703125 0.0883789062 0.0136718750 0.0322265625
0 0.0815429688 0.0888671875 0.0146484375 0.0332031250
0 0.1035156250 0.0878906250 0.0156250000 0.0312500000
0 0.1245117188 0.0888671875 0.0146484375 0.0292968750
0 0.1450195312 0.0883789062 0.0166015625 0.0302734375
0 0.1674804688 0.0883789062 0.0146484375 0.0322265625
0 0.1884765625 0.0893554688 0.0156250000 0.0341796875
0 0.2094726562 0.0893554688 0.0146484375 0.0322265625
0 0.2314453125 0.0893554688 0.0136718750 0.0341796875
0 0.2534179688 0.0898437500 0.0146484375 0.0332031250
0 0.2749023438 0.0903320312 0.0146484375 0.0341796875
0 0.2963867188 0.0903320312 0.0146484375 0.0322265625
0 0.3105468750 0.1337890625 0.0312500000 0.0156250000
0 0.3120117188 0.1547851562 0.0322265625 0.0146484375
0 0.3095703125 0.1767578125 0.0312500000 0.0156250000
0 0.3100585938 0.1977539062 0.0322265625 0.0146484375
0 0.3115234375 0.2192382812 0.0312500000 0.0146484375
0 0.3100585938 0.2412109375 0.0302734375 0.0136718750
0 0.3110351562 0.2626953125 0.0302734375 0.0156250000
0 0.3110351562 0.2836914062 0.0302734375 0.0146484375
0 0.3105468750 0.3056640625 0.0312500000 0.0156250000
0 0.3110351562 0.3266601562 0.0302734375 0.0146484375
0 0.3105468750 0.3471679688 0.0332031250 0.0146484375
0 0.3105468750 0.3696289062 0.0332031250 0.0146484375
0 0.3100585938 0.3901367188 0.0322265625 0.0146484375
2 0.1279296875 0.2558593750 0.2558593750 0.2695312500
0 0.3999023438 0.2177734375 0.0302734375 0.0156250000
3 0.4975585938 0.2543945312 0.0458984375 0.0478515625
1 0.4594726562 0.3007812500 0.0478515625 0.0195312500
0 0.5083007812 0.3027343750 0.0322265625 0.0136718750
3 0.4038085938 0.3398437500 0.0439453125 0.0507812500
3 0.6850585938 0.3369140625 0.0517578125 0.0546875000
3 0.2597656250 0.9399414062 0.0546875000 0.0595703125
3 0.5004882812 0.5000000000 0.0556640625 0.0605468750
0 0.6406250000 0.5146484375 0.1113281250 0.0468750000
0 0.9252929688 0.5146484375 0.1025390625 0.0468750000
1 0.5776367188 0.6938476562 0.1962890625 0.0830078125
0 0.9526367188 0.6401367188 0.0322265625 0.0146484375
1 0.8974609375 0.7006835938 0.1933593750 0.0849609375
1 0.7753906250 0.7397460938 0.0332031250 0.0146484375
1 0.7915039062 0.7773437500 0.0458984375 0.0195312500
1 0.7900390625 0.8178710938 0.0468750000 0.0185546875
1 0.7890625000 0.8574218750 0.0527343750 0.0195312500
2 0.8891601562 0.8891601562 0.1376953125 0.1787109375
0 0.7294921875 0.7377929688 0.0507812500 0.0205078125
0 0.7758789062 0.7568359375 0.0341796875 0.0156250000
0 0.7758789062 0.7973632812 0.0302734375 0.0166015625
0 0.7768554688 0.8383789062 0.0322265625 0.0166015625
