0 0.4174804688 0.0312500000 0.0341796875 0.0156250000
0 0.4169921875 0.0458984375 0.0351562500 0.0156250000
0 0.0185546875 0.6752929688 0.0156250000 0.0361328125
0 0.0405273438 0.6738281250 0.0166015625 0.0332031250
0 0.0620117188 0.6743164062 0.0146484375 0.0341796875
0 0.0834960938 0.6757812500 0.0146484375 0.0351562500
0 0.1049804688 0.6752929688 0.0146484375 0.0341796875
0 0.1264648438 0.6757812500 0.0166015625 0.0351562500
0 0.1469726562 0.6748046875 0.0146484375 0.0332031250
0 0.1694335938 0.6743164062 0.0146484375 0.0341796875
0 0.1904296875 0.6752929688 0.0156250000 0.0322265625
0 0.2124023438 0.6748046875 0.0146484375 0.0332031250
0 0.2333984375 0.6738281250 0.0136718750 0.0332031250
0 0.2548828125 0.6752929688 0.0156250000 0.0361328125
0 0.2758789062 0.6752929688 0.0146484375 0.0341796875
0 0.2983398438 0.6748046875 0.0166015625 0.0351562500
0 0.0195312500 0.3349609375 0.0136718750 0.0351562500
0 0.0419921875 0.3354492188 0.0136718750 0.0341796875
0 0.0625000000 0.3344726562 0.0136718750 0.0322265625
0 0.0844726562 0.3349609375 0.0146484375 0.0332031250
0 0.1064453125 0.3339843750 0.0156250000 0.0312500000
0 0.1274414062 0.3349609375 0.0146484375 0.0292968750
0 0.1479492188 0.3344726562 0.0166015625 0.0302734375
0 0.1704101562 0.3344726562 0.0146484375 0.0322265625
0 0.1914062500 0.3354492188 0.0156250000 0.0341796875
0 0.2124023438 0.3354492188 0.0146484375 0.0322265625
0 0.2343750000 0.3354492188 0.0136718750 0.0341796875
0 0.2563476562 0.3359375000 0.0146484375 0.0332031250
0 0.2778320312 0.3364257812 0.0146484375 0.0341796875
0 0.2993164062 0.3364257812 0.0146484375 0.0322265625
0 0.3134765625 0.3798828125 0.0312500000 0.0156250000
0 0.3149414062 0.4008789062 0.0322265625 0.0146484375
0 0.3125000000 0.4228515625 0.0312500000 0.0156250000
0 0.3129882812 0.4438476562 0.0322265625 0.0146484375
0 0.3144531250 0.4653320312 0.0312500000 0.0146484375
0 0.3129882812 0.4873046875 0.0302734375 0.0136718750
0 0.3139648438 0.5087890625 0.0302734375 0.0156250000
0 0.3139648438 0.5297851562 0.0302734375 0.0146484375
0 0.3134765625 0.5517578125 0.0312500000 0.0156250000
0 0.3139648438 0.5727539062 0.0302734375 0.0146484375
0 0.3134765625 0.5932617188 0.0332031250 0.0146484375
0 0.3134765625 0.6157226562 0.0332031250 0.0146484375
0 0.3129882812 0.6362304688 0.0322265625 0.0146484375
2 0.1293945312 0.5019531250 0.2587890625 0.2695312500
0 0.4028320312 0.4638671875 0.0302734375 0.0156250000
3 0.5004882812 0.5004882812 0.0458984375 0.0478515625
1 0.4624023438 0.5468750000 0.0478515625 0.0195312500
0 0.5112304688 0.5488281250 0.0322265625 0.0136718750
3 0.4067382812 0.5859375000 0.0439453125 0.0507812500
3 0.6879882812 0.5830078125 0.0517578125 0.0546875000
3 0.5034179688 0.7460937500 0.0556640625 0.0605468750
0 0.6435546875 0.7607421875 0.1113281250 0.0468750000
0 0.9282226562 0.7607421875 0.1025390625 0.0468750000
1 0.5805664062 0.9399414062 0.1962890625 0.0830078125
0 0.9555664062 0.8862304688 0.0322265625 0.0146484375
1 0.9003906250 0.9467773438 0.1933593750 0.0849609375
1 0.7783203125 0.9858398438 0.0332031250 0.0146484375
0 0.7324218750 0.9838867188 0.0507812500 0.0205078125
