2 0.5117187500 0.0371093750 0.1386718750 0.0742187500
2 0.5122070312 0.2480468750 0.1376953125 0.1230468750
3 0.2993164062 0.3295898438 0.0966796875 0.4111328125
3 0.5004882812 0.5004882812 0.0537109375 0.0576171875
3 0.3276367188 0.8164062500 0.0517578125 0.3671875000
1 0.0795898438 0.1821289062 0.0595703125 0.0302734375
1 0.0292968750 0.2363281250 0.0585937500 0.0292968750
1 0.0283203125 0.2807617188 0.0527343750 0.0205078125
1 0.1030273438 0.3183593750 0.0283203125 0.0605468750
1 0.1040039062 0.4038085938 0.0302734375 0.0615234375
1 0.0346679688 0.3940429688 0.0693359375 0.1923828125
