3 0.9257812500 0.0839843750 0.1425781250 0.0507812500
3 0.9057617188 0.4731445312 0.0966796875 0.4111328125
3 0.9340820312 0.8881835938 0.0517578125 0.2236328125
3 0.1118164062 0.1113281250 0.0556640625 0.0605468750
0 0.2519531250 0.1259765625 0.1113281250 0.0468750000
0 0.5366210938 0.1259765625 0.1025390625 0.0468750000
1 0.1889648438 0.3051757812 0.1962890625 0.0830078125
0 0.5639648438 0.2514648438 0.0322265625 0.0146484375
1 0.5087890625 0.3120117188 0.1933593750 0.0849609375
1 0.6860351562 0.3256835938 0.0595703125 0.0302734375
1 0.6352539062 0.3798828125 0.0595703125 0.0292968750
1 0.6347656250 0.4243164062 0.0527343750 0.0205078125
1 0.3867187500 0.3510742188 0.0332031250 0.0146484375
1 0.4028320312 0.3886718750 0.0458984375 0.0195312500
1 0.4013671875 0.4291992188 0.0468750000 0.0185546875
1 0.4003906250 0.4687500000 0.0527343750 0.0195312500
1 0.7094726562 0.4619140625 0.0283203125 0.0605468750
1 0.7104492188 0.5473632812 0.0302734375 0.0615234375
1 0.6337890625 0.5375976562 0.0839843750 0.1923828125
2 0.5004882812 0.5004882812 0.1376953125 0.1787109375
0 0.3408203125 0.3491210938 0.0507812500 0.0205078125
0 0.3872070312 0.3681640625 0.0341796875 0.0156250000
0 0.3872070312 0.4086914062 0.0302734375 0.0166015625
0 0.3881835938 0.4497070312 0.0322265625 0.0166015625
0 0.2158203125 0.7617187500 0.1113281250 0.0468750000
1 0.2211914062 0.8017578125 0.0517578125 0.0234375000
1 0.2138671875 0.8608398438 0.1933593750 0.0869140625
1 0.2197265625 0.9218750000 0.0507812500 0.0234375000
1 0.3872070312 0.6752929688 0.0517578125 0.0224609375
1 0.3750000000 0.9135742188 0.0507812500 0.0224609375
3 0.4736328125 0.8603515625 0.0527343750 0.0585937500
3 0.3828125000 0.7412109375 0.1328125000 0.0878906250
