3 0.5004882812 0.5004882812 0.0576171875 0.0537109375
2 0.9145507812 0.4208984375 0.1708984375 0.3027343750
0 0.7998046875 0.2421875000 0.0332031250 0.0136718750
0 0.7988281250 0.2636718750 0.0312500000 0.0136718750
0 0.7993164062 0.2841796875 0.0302734375 0.0136718750
0 0.7988281250 0.3056640625 0.0332031250 0.0136718750
0 0.7998046875 0.3266601562 0.0312500000 0.0146484375
0 0.7993164062 0.3486328125 0.0322265625 0.0136718750
0 0.7988281250 0.3696289062 0.0332031250 0.0146484375
0 0.7983398438 0.3911132812 0.0322265625 0.0146484375
0 0.7983398438 0.4130859375 0.0322265625 0.0156250000
0 0.7978515625 0.4345703125 0.0332031250 0.0136718750
0 0.7988281250 0.4550781250 0.0332031250 0.0136718750
0 0.7983398438 0.4760742188 0.0341796875 0.0166015625
0 0.7978515625 0.4975585938 0.0332031250 0.0146484375
0 0.7978515625 0.5195312500 0.0312500000 0.0136718750
0 0.7968750000 0.5400390625 0.0312500000 0.0136718750
0 0.7983398438 0.5625000000 0.0322265625 0.0156250000
0 0.7978515625 0.5834960938 0.0332031250 0.0146484375
0 0.7998046875 0.6044921875 0.0292968750 0.0156250000
0 0.8212890625 0.6547851562 0.0156250000 0.0361328125
0 0.8422851562 0.6533203125 0.0146484375 0.0351562500
0 0.8642578125 0.6547851562 0.0156250000 0.0341796875
0 0.8852539062 0.6542968750 0.0146484375 0.0351562500
0 0.9057617188 0.6538085938 0.0146484375 0.0341796875
0 0.9277343750 0.6533203125 0.0156250000 0.0332031250
0 0.9501953125 0.6542968750 0.0156250000 0.0351562500
0 0.9707031250 0.6538085938 0.0156250000 0.0341796875
0 0.9921875000 0.6547851562 0.0156250000 0.0361328125
0 0.8544921875 0.2319335938 0.0156250000 0.0322265625
0 0.8754882812 0.2329101562 0.0166015625 0.0361328125
0 0.8964843750 0.2319335938 0.0156250000 0.0341796875
0 0.9184570312 0.2319335938 0.0166015625 0.0341796875
0 0.9404296875 0.2309570312 0.0156250000 0.0322265625
0 0.9619140625 0.2329101562 0.0156250000 0.0341796875
0 0.9829101562 0.2324218750 0.0166015625 0.0332031250
0 0.0839843750 0.7836914062 0.0312500000 0.0146484375
0 0.0844726562 0.7973632812 0.0341796875 0.0146484375
3 0.0307617188 0.8989257812 0.0537109375 0.0537109375
0 0.3310546875 0.7836914062 0.0312500000 0.0146484375
0 0.3310546875 0.7973632812 0.0332031250 0.0146484375
0 0.1040039062 0.9731445312 0.0146484375 0.0322265625
0 0.1250000000 0.9726562500 0.0156250000 0.0312500000
0 0.1459960938 0.9746093750 0.0146484375 0.0332031250
0 0.1674804688 0.9736328125 0.0146484375 0.0332031250
0 0.1884765625 0.9741210938 0.0136718750 0.0322265625
0 0.2109375000 0.9741210938 0.0156250000 0.0341796875
0 0.2324218750 0.9741210938 0.0136718750 0.0322265625
0 0.2529296875 0.9736328125 0.0156250000 0.0332031250
0 0.2744140625 0.9741210938 0.0156250000 0.0322265625
0 0.2968750000 0.9741210938 0.0156250000 0.0341796875
0 0.3173828125 0.9741210938 0.0156250000 0.0341796875
0 0.3388671875 0.9746093750 0.0136718750 0.0332031250
0 0.3608398438 0.9746093750 0.0166015625 0.0332031250
0 0.3818359375 0.9741210938 0.0156250000 0.0361328125
0 0.4033203125 0.9746093750 0.0156250000 0.0371093750
0 0.4238281250 0.9750976562 0.0136718750 0.0361328125
0 0.4453125000 0.9760742188 0.0156250000 0.0341796875
0 0.4672851562 0.9750976562 0.0146484375 0.0361328125
0 0.5029296875 0.9892578125 0.0351562500 0.0136718750
