1 0.1782226562 0.0292968750 0.1982421875 0.0585937500
1 0.1801757812 0.0854492188 0.1103515625 0.0478515625
1 0.1772460938 0.1372070312 0.1123046875 0.0458984375
0 0.1630859375 0.4174804688 0.0332031250 0.0146484375
0 0.2714843750 0.4184570312 0.0312500000 0.0146484375
1 0.3857421875 0.0258789062 0.0546875000 0.0205078125
1 0.3940429688 0.0737304688 0.1103515625 0.0458984375
1 0.3925781250 0.1357421875 0.1093750000 0.0468750000
1 0.6113281250 0.1962890625 0.2011718750 0.0859375000
1 0.6284179688 0.2822265625 0.1103515625 0.0468750000
1 0.5449218750 0.3691406250 0.1113281250 0.0468750000
1 0.6425781250 0.3588867188 0.0332031250 0.0146484375
1 0.6425781250 0.3842773438 0.0351562500 0.0146484375
1 0.5820312500 0.5190429688 0.1972656250 0.0849609375
1 0.5781250000 0.6220703125 0.1972656250 0.0839843750
3 0.3891601562 0.8935546875 0.2294921875 0.1171875000
