3 0.8442382812 0.0600585938 0.0312500000 0.0292968750
3 0.6665039062 0.0622558594 0.0263671875 0.0258789062
0 0.0039062500 0.0600585938 0.0078125000 0.0078125000
0 0.0043945312 0.0705566406 0.0087890625 0.0073242188
0 0.0041503906 0.1027832031 0.0083007812 0.0073242188
0 0.0039062500 0.1245117188 0.0078125000 0.0078125000
0 0.0039062500 0.1350097656 0.0078125000 0.0073242188
0 0.0039062500 0.1459960938 0.0078125000 0.0078125000
0 0.0039062500 0.1564941406 0.0078125000 0.0073242188
0 0.0041503906 0.1667480469 0.0083007812 0.0073242188
0 0.0041503906 0.1779785156 0.0083007812 0.0073242188
0 0.0446777344 0.1020507812 0.0151367188 0.0078125000
3 0.0935058594 0.1203613281 0.0229492188 0.0239257812
1 0.0744628906 0.1435546875 0.0239257812 0.0097656250
0 0.0988769531 0.1445312500 0.0161132812 0.0068359375
3 0.0466308594 0.1630859375 0.0219726562 0.0253906250
3 0.1872558594 0.1616210938 0.0258789062 0.0273437500
3 0.3747558594 0.1518554688 0.0395507812 0.0478515625
3 0.5019531250 0.2294921875 0.0712890625 0.0253906250
2 0.5981445312 0.2663574219 0.0693359375 0.0600585938
2 0.5983886719 0.3833007812 0.0688476562 0.0615234375
3 0.4919433594 0.4240722656 0.0483398438 0.2055664062
3 0.5925292969 0.5095214844 0.0268554688 0.0288085938
3 0.5061035156 0.6787109375 0.0258789062 0.2060546875
3 0.4328613281 0.7832031250 0.0307617188 0.0273437500
3 0.0949707031 0.2431640625 0.0278320312 0.0302734375
0 0.1650390625 0.2504882812 0.0556640625 0.0234375000
0 0.3073730469 0.2504882812 0.0512695312 0.0234375000
1 0.1335449219 0.3400878906 0.0981445312 0.0415039062
0 0.3210449219 0.3132324219 0.0161132812 0.0073242188
1 0.2934570312 0.3435058594 0.0966796875 0.0424804688
1 0.3820800781 0.3503417969 0.0297851562 0.0151367188
1 0.3566894531 0.3774414062 0.0297851562 0.0146484375
1 0.3564453125 0.3996582031 0.0263671875 0.0102539062
1 0.2324218750 0.3630371094 0.0166015625 0.0073242188
1 0.2404785156 0.3818359375 0.0229492188 0.0097656250
1 0.2397460938 0.4020996094 0.0234375000 0.0092773438
1 0.2392578125 0.4218750000 0.0263671875 0.0097656250
1 0.3937988281 0.4184570312 0.0141601562 0.0302734375
1 0.3942871094 0.4611816406 0.0151367188 0.0307617188
1 0.3559570312 0.4562988281 0.0419921875 0.0961914062
2 0.2893066406 0.4377441406 0.0688476562 0.0893554688
0 0.2094726562 0.3620605469 0.0253906250 0.0102539062
0 0.2326660156 0.3715820312 0.0170898438 0.0078125000
0 0.2326660156 0.3918457031 0.0151367188 0.0083007812
0 0.2331542969 0.4123535156 0.0161132812 0.0083007812
0 0.1469726562 0.5683593750 0.0556640625 0.0234375000
1 0.1496582031 0.5883789062 0.0258789062 0.0117187500
1 0.1459960938 0.6179199219 0.0966796875 0.0434570312
1 0.1489257812 0.6484375000 0.0253906250 0.0117187500
1 0.2326660156 0.5251464844 0.0258789062 0.0112304688
1 0.2265625000 0.6442871094 0.0253906250 0.0112304688
3 0.2758789062 0.6176757812 0.0263671875 0.0292968750
3 0.0068359375 0.8190917969 0.0136718750 0.0258789062
1 0.2006835938 0.7021484375 0.0751953125 0.0341796875
1 0.1923828125 0.8613281250 0.0302734375 0.0156250000
1 0.1948242188 0.8984375000 0.0966796875 0.0439453125
0 0.3464355469 0.8974609375 0.0161132812 0.0078125000
0 0.3464355469 0.9050292969 0.0161132812 0.0073242188
3 0.2304687500 0.5581054688 0.0664062500 0.0439453125
