1 0.1162109375 0.4858398438 0.0136718750 0.0341796875
0 0.1137695312 0.5712890625 0.0322265625 0.0136718750
1 0.1489257812 0.4897460938 0.0419921875 0.0927734375
1 0.1894531250 0.4897460938 0.0175781250 0.0537109375
0 0.3295898438 0.5664062500 0.0341796875 0.0156250000
3 0.5004882812 0.5004882812 0.0576171875 0.0498046875
3 0.6191406250 0.1293945312 0.0566406250 0.0556640625
3 0.9521484375 0.4965820312 0.0546875000 0.0595703125
1 0.5048828125 0.9726562500 0.1484375000 0.0546875000
3 0.5615234375 0.8525390625 0.0546875000 0.0546875000
3 0.4165039062 0.7202148438 0.5380859375 0.1005859375
3 0.8452148438 0.7221679688 0.1357421875 0.1005859375
