1 0.9602050781 0.0151367188 0.0561523438 0.0234375000
1 0.6455078125 0.0046386719 0.0263671875 0.0092773438
1 0.6462402344 0.0166015625 0.0268554688 0.0097656250
1 0.5588378906 0.0151367188 0.0170898438 0.0078125000
1 0.5227050781 0.0236816406 0.0170898438 0.0092773438
1 0.5314941406 0.0412597656 0.0170898438 0.0073242188
1 0.4692382812 0.0061035156 0.0156250000 0.0073242188
1 0.4868164062 0.0148925781 0.0175781250 0.0083007812
1 0.4916992188 0.0275878906 0.0068359375 0.0170898438
1 0.5319824219 0.0600585938 0.0180664062 0.0078125000
1 0.5314941406 0.0683593750 0.0180664062 0.0078125000
1 0.4736328125 0.0463867188 0.0068359375 0.0166015625
1 0.4821777344 0.0466308594 0.0073242188 0.0170898438
1 0.4965820312 0.0590820312 0.0166015625 0.0078125000
1 0.4968261719 0.0776367188 0.0170898438 0.0078125000
1 0.4511718750 0.0473632812 0.0097656250 0.0263671875
1 0.4377441406 0.0461425781 0.0083007812 0.0170898438
0 0.6032714844 0.0327148438 0.0151367188 0.0068359375
0 0.5852050781 0.0412597656 0.0170898438 0.0073242188
0 0.5854492188 0.0686035156 0.0175781250 0.0083007812
0 0.6035156250 0.0686035156 0.0185546875 0.0083007812
0 0.6137695312 0.0400390625 0.0156250000 0.0078125000
0 0.6142578125 0.0476074219 0.0156250000 0.0073242188
1 0.6037597656 0.0778808594 0.0161132812 0.0073242188
0 0.8872070312 0.0087890625 0.0078125000 0.0175781250
0 0.8759765625 0.0090332031 0.0078125000 0.0180664062
0 0.8654785156 0.0090332031 0.0073242188 0.0180664062
0 0.8544921875 0.0095214844 0.0078125000 0.0190429688
0 0.8432617188 0.0092773438 0.0078125000 0.0185546875
0 0.8325195312 0.0090332031 0.0078125000 0.0180664062
0 0.8222656250 0.0095214844 0.0068359375 0.0190429688
0 0.8107910156 0.0090332031 0.0073242188 0.0180664062
0 0.8005371094 0.0092773438 0.0073242188 0.0185546875
0 0.7893066406 0.0092773438 0.0073242188 0.0185546875
0 0.7788085938 0.0095214844 0.0068359375 0.0180664062
0 0.7675781250 0.0097656250 0.0078125000 0.0195312500
0 0.7016601562 0.0087890625 0.0068359375 0.0175781250
0 0.7133789062 0.0102539062 0.0068359375 0.0185546875
0 0.7243652344 0.0097656250 0.0073242188 0.0195312500
0 0.7343750000 0.0090332031 0.0078125000 0.0180664062
0 0.7456054688 0.0092773438 0.0078125000 0.0185546875
0 0.7565917969 0.0090332031 0.0073242188 0.0180664062
1 0.9521484375 0.0466308594 0.0263671875 0.0112304688
0 0.9030761719 0.0341796875 0.0161132812 0.0078125000
0 0.9030761719 0.0451660156 0.0161132812 0.0083007812
0 0.9030761719 0.0556640625 0.0151367188 0.0078125000
0 0.9035644531 0.0666503906 0.0161132812 0.0073242188
0 0.9035644531 0.0778808594 0.0161132812 0.0073242188
0 0.9038085938 0.0883789062 0.0166015625 0.0068359375
0 0.9035644531 0.0998535156 0.0161132812 0.0063476562
0 0.9038085938 0.1103515625 0.0156250000 0.0078125000
0 0.9040527344 0.1215820312 0.0161132812 0.0078125000
0 0.9038085938 0.1320800781 0.0166015625 0.0073242188
0 0.9040527344 0.1430664062 0.0161132812 0.0068359375
0 0.9033203125 0.1540527344 0.0156250000 0.0073242188
0 0.9035644531 0.1647949219 0.0170898438 0.0073242188
0 0.6872558594 0.0236816406 0.0161132812 0.0063476562
0 0.6870117188 0.0344238281 0.0156250000 0.0073242188
0 0.6872558594 0.0454101562 0.0170898438 0.0078125000
0 0.6870117188 0.0566406250 0.0175781250 0.0078125000
0 0.6875000000 0.0676269531 0.0166015625 0.0073242188
0 0.6877441406 0.0781250000 0.0170898438 0.0068359375
0 0.6872558594 0.0893554688 0.0161132812 0.0078125000
0 0.6879882812 0.1005859375 0.0166015625 0.0058593750
0 0.6879882812 0.1113281250 0.0166015625 0.0068359375
0 0.6882324219 0.1223144531 0.0161132812 0.0073242188
0 0.6879882812 0.1333007812 0.0166015625 0.0068359375
0 0.6875000000 0.1445312500 0.0166015625 0.0068359375
0 0.6882324219 0.1547851562 0.0170898438 0.0078125000
0 0.6875000000 0.1657714844 0.0156250000 0.0073242188
0 0.6879882812 0.1767578125 0.0166015625 0.0068359375
0 0.7036132812 0.1855468750 0.0068359375 0.0166015625
0 0.7141113281 0.1857910156 0.0073242188 0.0170898438
0 0.7246093750 0.1855468750 0.0068359375 0.0166015625
0 0.7360839844 0.1853027344 0.0073242188 0.0180664062
0 0.7468261719 0.1857910156 0.0092773438 0.0180664062
0 0.8881835938 0.1857910156 0.0068359375 0.0180664062
0 0.8774414062 0.1848144531 0.0068359375 0.0170898438
0 0.8662109375 0.1848144531 0.0078125000 0.0180664062
0 0.8557128906 0.1855468750 0.0083007812 0.0175781250
0 0.8447265625 0.1853027344 0.0078125000 0.0180664062
0 0.8339843750 0.1853027344 0.0068359375 0.0180664062
0 0.8232421875 0.1855468750 0.0068359375 0.0175781250
0 0.8117675781 0.1853027344 0.0073242188 0.0170898438
0 0.8012695312 0.1857910156 0.0068359375 0.0170898438
0 0.7897949219 0.1853027344 0.0073242188 0.0190429688
0 0.7961425781 0.2109375000 0.0268554688 0.0078125000
0 0.7797851562 0.1853027344 0.0078125000 0.0180664062
0 0.7685546875 0.1853027344 0.0078125000 0.0170898438
0 0.7575683594 0.1860351562 0.0073242188 0.0185546875
1 0.6757812500 0.2202148438 0.0556640625 0.0224609375
1 0.8027343750 0.0493164062 0.0068359375 0.0156250000
1 0.8115234375 0.0488281250 0.0068359375 0.0166015625
1 0.8295898438 0.0759277344 0.0068359375 0.0170898438
1 0.8386230469 0.0761718750 0.0063476562 0.0175781250
1 0.8178710938 0.0930175781 0.0253906250 0.0102539062
1 0.7978515625 0.0756835938 0.0107421875 0.0263671875
1 0.7822265625 0.0930175781 0.0253906250 0.0092773438
1 0.7980957031 0.1123046875 0.0112304688 0.0253906250
1 0.8122558594 0.1115722656 0.0073242188 0.0170898438
1 0.8210449219 0.1115722656 0.0073242188 0.0180664062
1 0.8303222656 0.1118164062 0.0063476562 0.0175781250
1 0.8391113281 0.1115722656 0.0073242188 0.0170898438
1 0.7668457031 0.0764160156 0.0063476562 0.0170898438
1 0.7756347656 0.0754394531 0.0063476562 0.0170898438
1 0.7675781250 0.1113281250 0.0068359375 0.0166015625
1 0.7766113281 0.1115722656 0.0063476562 0.0170898438
1 0.7851562500 0.1120605469 0.0068359375 0.0180664062
0 0.7282714844 0.1394042969 0.0053710938 0.0161132812
1 0.8022460938 0.1479492188 0.0068359375 0.0175781250
1 0.8122558594 0.1484375000 0.0063476562 0.0185546875
1 0.9516601562 0.1726074219 0.0263671875 0.0102539062
1 0.9514160156 0.1887207031 0.0268554688 0.0102539062
1 0.6472167969 0.1113281250 0.0268554688 0.0087890625
1 0.6474609375 0.1223144531 0.0263671875 0.0102539062
1 0.6472167969 0.1340332031 0.0258789062 0.0102539062
1 0.6477050781 0.1584472656 0.0258789062 0.0102539062
1 0.6442871094 0.1838378906 0.0170898438 0.0063476562
0 0.3430175781 0.0241699219 0.0161132812 0.0073242188
0 0.3251953125 0.0332031250 0.0156250000 0.0078125000
0 0.3437500000 0.0332031250 0.0146484375 0.0078125000
0 0.3249511719 0.0419921875 0.0161132812 0.0078125000
0 0.3164062500 0.0781250000 0.0175781250 0.0078125000
0 0.3171386719 0.0874023438 0.0170898438 0.0068359375
1 0.3432617188 0.0156250000 0.0166015625 0.0068359375
1 0.3969726562 0.0236816406 0.0166015625 0.0083007812
1 0.4196777344 0.0114746094 0.0063476562 0.0180664062
1 0.4282226562 0.0200195312 0.0058593750 0.0185546875
1 0.4106445312 0.0285644531 0.0068359375 0.0180664062
1 0.4196777344 0.0463867188 0.0073242188 0.0166015625
1 0.4062500000 0.0507812500 0.0156250000 0.0087890625
1 0.3701171875 0.0417480469 0.0166015625 0.0092773438
1 0.3703613281 0.0603027344 0.0170898438 0.0073242188
1 0.3701171875 0.0686035156 0.0166015625 0.0073242188
1 0.4062500000 0.0690917969 0.0185546875 0.0092773438
1 0.3435058594 0.0600585938 0.0170898438 0.0087890625
0 0.5000000000 0.0275878906 0.0058593750 0.0161132812
1 0.2917480469 0.0759277344 0.0073242188 0.0161132812
1 0.4069824219 0.0910644531 0.0258789062 0.0102539062
0 0.2673339844 0.0048828125 0.0297851562 0.0097656250
1 0.2648925781 0.0156250000 0.0249023438 0.0107421875
0 0.0104980469 0.0083007812 0.0063476562 0.0156250000
0 0.0217285156 0.0083007812 0.0073242188 0.0166015625
0 0.0324707031 0.0085449219 0.0063476562 0.0161132812
0 0.0434570312 0.0087890625 0.0068359375 0.0156250000
0 0.0546875000 0.0083007812 0.0078125000 0.0166015625
0 0.0654296875 0.0083007812 0.0058593750 0.0166015625
0 0.0761718750 0.0083007812 0.0068359375 0.0166015625
0 0.0874023438 0.0083007812 0.0068359375 0.0166015625
0 0.0981445312 0.0080566406 0.0068359375 0.0161132812
0 0.1096191406 0.0080566406 0.0073242188 0.0161132812
0 0.1201171875 0.0078125000 0.0068359375 0.0156250000
0 0.1313476562 0.0083007812 0.0068359375 0.0166015625
0 0.1420898438 0.0080566406 0.0068359375 0.0161132812
0 0.1528320312 0.0080566406 0.0068359375 0.0161132812
0 0.1640625000 0.0080566406 0.0078125000 0.0161132812
0 0.1750488281 0.0078125000 0.0073242188 0.0156250000
0 0.1860351562 0.0080566406 0.0078125000 0.0161132812
0 0.2026367188 0.0161132812 0.0156250000 0.0087890625
0 0.2026367188 0.0268554688 0.0156250000 0.0078125000
0 0.2023925781 0.0378417969 0.0151367188 0.0073242188
0 0.2021484375 0.0485839844 0.0136718750 0.0073242188
0 0.2026367188 0.0598144531 0.0146484375 0.0073242188
0 0.2033691406 0.0705566406 0.0161132812 0.0073242188
0 0.2026367188 0.0812988281 0.0166015625 0.0073242188
0 0.2026367188 0.0922851562 0.0166015625 0.0078125000
0 0.2026367188 0.1032714844 0.0166015625 0.0083007812
0 0.2031250000 0.1142578125 0.0166015625 0.0078125000
0 0.2028808594 0.1252441406 0.0170898438 0.0073242188
0 0.2033691406 0.1362304688 0.0170898438 0.0078125000
0 0.2031250000 0.1477050781 0.0175781250 0.0073242188
0 0.2031250000 0.1582031250 0.0166015625 0.0068359375
0 0.2031250000 0.1696777344 0.0175781250 0.0073242188
0 0.0021972656 0.1867675781 0.0043945312 0.0180664062
0 0.0112304688 0.1862792969 0.0068359375 0.0170898438
0 0.0224609375 0.1865234375 0.0068359375 0.0166015625
0 0.0334472656 0.1867675781 0.0073242188 0.0170898438
0 0.0441894531 0.1862792969 0.0073242188 0.0170898438
0 0.0551757812 0.1862792969 0.0068359375 0.0170898438
0 0.0664062500 0.1862792969 0.0068359375 0.0170898438
0 0.0771484375 0.1865234375 0.0068359375 0.0185546875
0 0.0881347656 0.1862792969 0.0073242188 0.0170898438
0 0.0991210938 0.1860351562 0.0078125000 0.0175781250
0 0.1101074219 0.1860351562 0.0073242188 0.0175781250
0 0.1210937500 0.1860351562 0.0068359375 0.0166015625
0 0.1318359375 0.1860351562 0.0068359375 0.0166015625
0 0.1435546875 0.1860351562 0.0068359375 0.0166015625
0 0.1540527344 0.1857910156 0.0073242188 0.0170898438
0 0.1650390625 0.1860351562 0.0068359375 0.0175781250
0 0.1762695312 0.1860351562 0.0068359375 0.0175781250
0 0.1872558594 0.1860351562 0.0063476562 0.0175781250
0 0.1691894531 0.0456542969 0.0073242188 0.0161132812
1 0.0788574219 0.1010742188 0.0258789062 0.0107421875
1 0.1137695312 0.1015625000 0.0253906250 0.0097656250
1 0.0961914062 0.0822753906 0.0087890625 0.0268554688
1 0.0954589844 0.1203613281 0.0092773438 0.0268554688
1 0.0559082031 0.0825195312 0.0063476562 0.0175781250
1 0.0651855469 0.0825195312 0.0063476562 0.0166015625
1 0.0737304688 0.0820312500 0.0068359375 0.0166015625
1 0.0827636719 0.0820312500 0.0073242188 0.0185546875
1 0.0822753906 0.0463867188 0.0073242188 0.0185546875
1 0.0920410156 0.0461425781 0.0063476562 0.0170898438
1 0.1281738281 0.0734863281 0.0073242188 0.0180664062
1 0.1184082031 0.0815429688 0.0073242188 0.0166015625
1 0.1101074219 0.0822753906 0.0063476562 0.0170898438
1 0.0563964844 0.1186523438 0.0063476562 0.0175781250
1 0.0651855469 0.1191406250 0.0063476562 0.0175781250
1 0.0830078125 0.1457519531 0.0068359375 0.0170898438
1 0.0925292969 0.1450195312 0.0063476562 0.0175781250
1 0.1188964844 0.1186523438 0.0063476562 0.0166015625
1 0.1281738281 0.1181640625 0.0063476562 0.0175781250
1 0.2458496094 0.0458984375 0.0268554688 0.0087890625
1 0.2546386719 0.0834960938 0.0551757812 0.0234375000
1 0.3029785156 0.1005859375 0.0073242188 0.0166015625
1 0.2468261719 0.1115722656 0.0268554688 0.0102539062
1 0.2473144531 0.1259765625 0.0268554688 0.0107421875
1 0.2465820312 0.1430664062 0.0263671875 0.0097656250
1 0.2473144531 0.1750488281 0.0258789062 0.0102539062
1 0.2397460938 0.2050781250 0.0166015625 0.0078125000
1 0.2409667969 0.2158203125 0.0258789062 0.0097656250
1 0.2416992188 0.2424316406 0.0546875000 0.0229492188
1 0.2890625000 0.2492675781 0.0253906250 0.0102539062
1 0.2409667969 0.2702636719 0.0551757812 0.0249023438
1 0.2434082031 0.2912597656 0.0288085938 0.0141601562
1 0.2429199219 0.3061523438 0.0258789062 0.0107421875
1 0.3010253906 0.2839355469 0.0092773438 0.0278320312
1 0.2431640625 0.3398437500 0.0556640625 0.0234375000
1 0.2421875000 0.3803710938 0.0556640625 0.0234375000
1 0.0969238281 0.2246093750 0.0258789062 0.0087890625
1 0.0964355469 0.2368164062 0.0258789062 0.0097656250
1 0.0317382812 0.2407226562 0.0556640625 0.0234375000
1 0.1127929688 0.2644042969 0.0996093750 0.0424804688
1 0.1123046875 0.3132324219 0.0996093750 0.0424804688
1 0.1086425781 0.3591308594 0.0561523438 0.0239257812
1 0.0073242188 0.4775390625 0.0146484375 0.0068359375
1 0.0068359375 0.4924316406 0.0136718750 0.0073242188
0 0.0458984375 0.5268554688 0.0078125000 0.0175781250
0 0.0688476562 0.5278320312 0.0087890625 0.0175781250
0 0.0930175781 0.5275878906 0.0073242188 0.0180664062
0 0.1135253906 0.5283203125 0.0063476562 0.0166015625
0 0.1376953125 0.5278320312 0.0078125000 0.0175781250
0 0.1582031250 0.5275878906 0.0068359375 0.0170898438
0 0.1821289062 0.5270996094 0.0078125000 0.0170898438
0 0.2062988281 0.5268554688 0.0083007812 0.0175781250
0 0.2302246094 0.5268554688 0.0073242188 0.0175781250
0 0.2507324219 0.5268554688 0.0063476562 0.0175781250
0 0.2744140625 0.5266113281 0.0078125000 0.0170898438
0 0.2988281250 0.5261230469 0.0078125000 0.0180664062
0 0.3195800781 0.5266113281 0.0073242188 0.0170898438
0 0.3432617188 0.5268554688 0.0078125000 0.0175781250
0 0.3671875000 0.5268554688 0.0078125000 0.0175781250
0 0.3913574219 0.5263671875 0.0083007812 0.0175781250
0 0.4123535156 0.5263671875 0.0073242188 0.0175781250
1 0.3476562500 0.3356933594 0.0996093750 0.0424804688
1 0.3503417969 0.3894042969 0.1000976562 0.0424804688
1 0.3308105469 0.1279296875 0.0063476562 0.0175781250
1 0.4067382812 0.1047363281 0.0156250000 0.0063476562
1 0.3713378906 0.1137695312 0.0161132812 0.0068359375
1 0.4067382812 0.1230468750 0.0156250000 0.0078125000
1 0.4523925781 0.1354980469 0.0092773438 0.0249023438
1 0.3437500000 0.1591796875 0.0166015625 0.0078125000
1 0.3444824219 0.1674804688 0.0161132812 0.0058593750
1 0.3168945312 0.1953125000 0.0166015625 0.0078125000
1 0.3168945312 0.2038574219 0.0166015625 0.0073242188
1 0.3171386719 0.2312011719 0.0161132812 0.0073242188
1 0.3840332031 0.2084960938 0.0063476562 0.0166015625
1 0.3703613281 0.1411132812 0.0170898438 0.0068359375
1 0.3891601562 0.1494140625 0.0166015625 0.0068359375
1 0.3889160156 0.1591796875 0.0161132812 0.0068359375
1 0.4116210938 0.1364746094 0.0068359375 0.0170898438
1 0.4206542969 0.1362304688 0.0073242188 0.0175781250
1 0.4291992188 0.1367187500 0.0068359375 0.0175781250
1 0.4382324219 0.1359863281 0.0063476562 0.0170898438
1 0.4067382812 0.1594238281 0.0166015625 0.0073242188
1 0.4201660156 0.1547851562 0.0073242188 0.0166015625
1 0.4289550781 0.1633300781 0.0073242188 0.0170898438
1 0.4160156250 0.2041015625 0.0166015625 0.0078125000
0 0.4345703125 0.2133789062 0.0146484375 0.0078125000
0 0.4340820312 0.2219238281 0.0156250000 0.0073242188
1 0.4340820312 0.2307128906 0.0166015625 0.0063476562
1 0.4650878906 0.1367187500 0.0063476562 0.0166015625
1 0.4738769531 0.1372070312 0.0073242188 0.0175781250
1 0.4831542969 0.1362304688 0.0063476562 0.0166015625
1 0.4919433594 0.1364746094 0.0063476562 0.0170898438
1 0.4958496094 0.1135253906 0.0170898438 0.0073242188
1 0.4960937500 0.1225585938 0.0166015625 0.0087890625
1 0.5317382812 0.1135253906 0.0175781250 0.0073242188
1 0.5319824219 0.1220703125 0.0161132812 0.0068359375
1 0.5996093750 0.1091308594 0.0068359375 0.0161132812
1 0.5725097656 0.1357421875 0.0063476562 0.0175781250
1 0.5593261719 0.1667480469 0.0170898438 0.0073242188
1 0.5141601562 0.1491699219 0.0146484375 0.0063476562
1 0.5144042969 0.1589355469 0.0161132812 0.0073242188
1 0.5014648438 0.1547851562 0.0068359375 0.0166015625
1 0.4824218750 0.1635742188 0.0068359375 0.0175781250
1 0.4916992188 0.1633300781 0.0078125000 0.0170898438
1 0.5866699219 0.1853027344 0.0161132812 0.0073242188
1 0.5866699219 0.1938476562 0.0161132812 0.0078125000
1 0.5869140625 0.2023925781 0.0166015625 0.0073242188
1 0.5876464844 0.2209472656 0.0170898438 0.0063476562
1 0.5776367188 0.2299804688 0.0166015625 0.0078125000
1 0.4880371094 0.2124023438 0.0161132812 0.0068359375
0 0.5283203125 0.1809082031 0.0068359375 0.0170898438
0 0.4787597656 0.1855468750 0.0151367188 0.0078125000
0 0.4780273438 0.1950683594 0.0146484375 0.0063476562
0 0.4704589844 0.2126464844 0.0170898438 0.0063476562
0 0.4702148438 0.2216796875 0.0156250000 0.0068359375
0 0.3217773438 0.2829589844 0.0156250000 0.0317382812
0 0.3386230469 0.2824707031 0.0141601562 0.0317382812
1 0.3530273438 0.2829589844 0.0087890625 0.0278320312
1 0.3906250000 0.2812500000 0.0087890625 0.0283203125
1 0.4003906250 0.2819824219 0.0078125000 0.0180664062
1 0.4201660156 0.2805175781 0.0102539062 0.0278320312
1 0.4697265625 0.3330078125 0.0986328125 0.0419921875
1 0.5891113281 0.3388671875 0.0991210938 0.0429687500
1 0.5144042969 0.2829589844 0.0063476562 0.0170898438
1 0.5302734375 0.2832031250 0.0097656250 0.0273437500
1 0.5471191406 0.2839355469 0.0102539062 0.0268554688
1 0.5957031250 0.2819824219 0.0097656250 0.0278320312
1 0.6103515625 0.2612304688 0.0097656250 0.0263671875
1 0.6313476562 0.2451171875 0.0087890625 0.0263671875
1 0.6352539062 0.2946777344 0.0546875000 0.0229492188
1 0.4501953125 0.3759765625 0.0556640625 0.0234375000
1 0.5900878906 0.3737792969 0.0551757812 0.0239257812
1 0.5886230469 0.3996582031 0.0561523438 0.0229492188
0 0.5815429688 0.5397949219 0.0166015625 0.0073242188
0 0.6357421875 0.5402832031 0.0156250000 0.0073242188
0 0.5627441406 0.2822265625 0.0151367188 0.0312500000
0 0.5800781250 0.2822265625 0.0146484375 0.0312500000
1 0.6433105469 0.2019042969 0.0161132812 0.0063476562
1 0.6889648438 0.2543945312 0.0986328125 0.0419921875
1 0.7958984375 0.2380371094 0.0976562500 0.0415039062
1 0.7963867188 0.2834472656 0.0996093750 0.0434570312
1 0.7949218750 0.3103027344 0.0175781250 0.0063476562
1 0.8845214844 0.2385253906 0.0268554688 0.0102539062
1 0.8847656250 0.2648925781 0.0273437500 0.0102539062
1 0.8798828125 0.2912597656 0.0556640625 0.0239257812
1 0.6943359375 0.2810058594 0.0263671875 0.0092773438
1 0.6938476562 0.2927246094 0.0263671875 0.0092773438
1 0.6975097656 0.3117675781 0.0551757812 0.0229492188
1 0.6928710938 0.3439941406 0.0273437500 0.0102539062
1 0.6970214844 0.3679199219 0.0551757812 0.0229492188
1 0.6962890625 0.3989257812 0.0546875000 0.0234375000
1 0.8056640625 0.4291992188 0.1005859375 0.0429687500
1 0.8142089844 0.4721679688 0.0551757812 0.0234375000
1 0.7724609375 0.5156250000 0.0556640625 0.0234375000
1 0.8212890625 0.5104980469 0.0166015625 0.0073242188
1 0.8212890625 0.5231933594 0.0175781250 0.0073242188
1 0.7910156250 0.5905761719 0.0986328125 0.0424804688
1 0.7890625000 0.6420898438 0.0986328125 0.0419921875
3 0.6945800781 0.7778320312 0.1147460938 0.0585937500
3 0.2443847656 0.7792968750 0.1196289062 0.0595703125
