3 0.3652343750 0.2641601562 0.0546875000 0.0595703125
1 0.6831054688 0.0297851562 0.1962890625 0.0595703125
1 0.8808593750 0.0639648438 0.0332031250 0.0146484375
1 0.8969726562 0.1015625000 0.0458984375 0.0195312500
1 0.8955078125 0.1420898438 0.0468750000 0.0185546875
1 0.8945312500 0.1816406250 0.0527343750 0.0195312500
2 0.9628906250 0.2133789062 0.0742187500 0.1787109375
0 0.8349609375 0.0620117188 0.0507812500 0.0205078125
0 0.8813476562 0.0810546875 0.0341796875 0.0156250000
0 0.8813476562 0.1215820312 0.0302734375 0.0166015625
0 0.8823242188 0.1625976562 0.0322265625 0.0166015625
0 0.7099609375 0.4746093750 0.1113281250 0.0468750000
1 0.7153320312 0.5146484375 0.0517578125 0.0234375000
1 0.7080078125 0.5737304688 0.1933593750 0.0869140625
1 0.7138671875 0.6347656250 0.0507812500 0.0234375000
1 0.8813476562 0.3881835938 0.0517578125 0.0224609375
1 0.8691406250 0.6264648438 0.0507812500 0.0224609375
3 0.9677734375 0.5732421875 0.0527343750 0.0585937500
3 0.4160156250 0.9750976562 0.0546875000 0.0498046875
3 0.2583007812 0.4897460938 0.1357421875 0.1005859375
1 0.8173828125 0.7421875000 0.1503906250 0.0683593750
3 0.8769531250 0.4541015625 0.1328125000 0.0878906250
