1 0.1206054688 0.0175781250 0.0498046875 0.0214843750
1 0.3750000000 0.0205078125 0.0507812500 0.0214843750
3 0.6147460938 0.1518554688 0.0576171875 0.0537109375
1 0.7792968750 0.1450195312 0.0136718750 0.0322265625
1 0.8115234375 0.1445312500 0.0410156250 0.0917968750
1 0.8447265625 0.1435546875 0.0214843750 0.0527343750
1 0.9824218750 0.1362304688 0.0136718750 0.0341796875
0 0.9799804688 0.2216796875 0.0322265625 0.0136718750
3 0.0854492188 0.9018554688 0.0556640625 0.0615234375
3 0.5004882812 0.5000000000 0.0537109375 0.0605468750
0 0.3398437500 0.3754882812 0.0312500000 0.0166015625
3 0.5439453125 0.3339843750 0.1640625000 0.1640625000
3 0.7700195312 0.3339843750 0.1669921875 0.1699218750
1 0.4736328125 0.6284179688 0.1992187500 0.0908203125
1 0.4633789062 0.9360351562 0.0595703125 0.0283203125
3 0.9692382812 0.8637695312 0.0615234375 0.0595703125
