0 0.9570312500 0.0136718750 0.0156250000 0.0273437500
0 0.9780273438 0.0126953125 0.0146484375 0.0253906250
0 0.2197265625 0.1381835938 0.0312500000 0.0146484375
0 0.2202148438 0.1518554688 0.0341796875 0.0146484375
3 0.1665039062 0.2534179688 0.0537109375 0.0537109375
0 0.4667968750 0.1381835938 0.0312500000 0.0146484375
0 0.4667968750 0.1518554688 0.0332031250 0.0146484375
0 0.1616210938 0.4545898438 0.0322265625 0.0166015625
1 0.1157226562 0.4511718750 0.0517578125 0.0175781250
0 0.0708007812 0.4526367188 0.0322265625 0.0146484375
3 0.1083984375 0.4902343750 0.1406250000 0.0507812500
0 0.0737304688 0.5419921875 0.0322265625 0.0117187500
0 0.1635742188 0.5424804688 0.0322265625 0.0146484375
3 0.1542968750 0.5766601562 0.0488281250 0.0498046875
2 0.4130859375 0.5004882812 0.3046875000 0.2705078125
0 0.2231445312 0.3647460938 0.0322265625 0.0146484375
0 0.2231445312 0.3852539062 0.0341796875 0.0146484375
0 0.2221679688 0.4067382812 0.0302734375 0.0126953125
0 0.2226562500 0.4277343750 0.0312500000 0.0136718750
0 0.2221679688 0.4492187500 0.0322265625 0.0156250000
0 0.2226562500 0.4707031250 0.0312500000 0.0136718750
0 0.2226562500 0.4921875000 0.0332031250 0.0156250000
0 0.2221679688 0.5131835938 0.0322265625 0.0146484375
0 0.2207031250 0.5356445312 0.0312500000 0.0146484375
0 0.2216796875 0.5551757812 0.0332031250 0.0146484375
0 0.2221679688 0.5776367188 0.0322265625 0.0166015625
0 0.2216796875 0.5996093750 0.0332031250 0.0156250000
0 0.2221679688 0.6215820312 0.0322265625 0.0166015625
0 0.2377929688 0.6645507812 0.0146484375 0.0322265625
0 0.2592773438 0.6635742188 0.0146484375 0.0341796875
0 0.2802734375 0.6640625000 0.0136718750 0.0332031250
0 0.3022460938 0.6640625000 0.0146484375 0.0332031250
0 0.3232421875 0.6655273438 0.0136718750 0.0341796875
0 0.3457031250 0.6655273438 0.0136718750 0.0361328125
0 0.3662109375 0.6655273438 0.0156250000 0.0341796875
0 0.3881835938 0.6645507812 0.0146484375 0.0341796875
0 0.4086914062 0.6645507812 0.0146484375 0.0341796875
0 0.4306640625 0.6645507812 0.0136718750 0.0361328125
0 0.4526367188 0.6645507812 0.0146484375 0.0341796875
0 0.4726562500 0.6650390625 0.0156250000 0.0351562500
0 0.4956054688 0.6640625000 0.0146484375 0.0332031250
0 0.5166015625 0.6650390625 0.0156250000 0.0332031250
0 0.5380859375 0.6650390625 0.0136718750 0.0332031250
0 0.5600585938 0.6640625000 0.0146484375 0.0332031250
0 0.5810546875 0.6640625000 0.0136718750 0.0351562500
0 0.6015625000 0.6650390625 0.0136718750 0.0351562500
0 0.2397460938 0.3276367188 0.0146484375 0.0322265625
0 0.2607421875 0.3271484375 0.0156250000 0.0312500000
0 0.2817382812 0.3291015625 0.0146484375 0.0332031250
0 0.3032226562 0.3281250000 0.0146484375 0.0332031250
0 0.3242187500 0.3286132812 0.0136718750 0.0322265625
0 0.3466796875 0.3286132812 0.0156250000 0.0341796875
0 0.3681640625 0.3286132812 0.0136718750 0.0322265625
0 0.3886718750 0.3281250000 0.0156250000 0.0332031250
0 0.4101562500 0.3286132812 0.0156250000 0.0322265625
0 0.4326171875 0.3286132812 0.0156250000 0.0341796875
0 0.4531250000 0.3286132812 0.0156250000 0.0341796875
0 0.4746093750 0.3291015625 0.0136718750 0.0332031250
0 0.4965820312 0.3291015625 0.0166015625 0.0332031250
0 0.5175781250 0.3286132812 0.0156250000 0.0361328125
0 0.5390625000 0.3291015625 0.0156250000 0.0371093750
0 0.5595703125 0.3295898438 0.0136718750 0.0361328125
0 0.5810546875 0.3305664062 0.0156250000 0.0341796875
0 0.6030273438 0.3295898438 0.0146484375 0.0361328125
0 0.6386718750 0.3437500000 0.0351562500 0.0136718750
0 0.6396484375 0.3642578125 0.0351562500 0.0136718750
0 0.6381835938 0.3862304688 0.0322265625 0.0146484375
0 0.6386718750 0.4077148438 0.0332031250 0.0126953125
0 0.6391601562 0.4282226562 0.0322265625 0.0146484375
0 0.6386718750 0.4506835938 0.0332031250 0.0146484375
0 0.6381835938 0.4716796875 0.0322265625 0.0136718750
0 0.6376953125 0.4931640625 0.0312500000 0.0156250000
0 0.6376953125 0.5141601562 0.0351562500 0.0146484375
0 0.6386718750 0.5356445312 0.0332031250 0.0146484375
0 0.6386718750 0.5576171875 0.0332031250 0.0136718750
0 0.6381835938 0.5795898438 0.0322265625 0.0146484375
0 0.6381835938 0.6005859375 0.0322265625 0.0156250000
0 0.6376953125 0.6220703125 0.0312500000 0.0156250000
0 0.6372070312 0.6430664062 0.0341796875 0.0146484375
3 0.5708007812 0.7451171875 0.0576171875 0.0566406250
3 0.1059570312 0.8447265625 0.2119140625 0.3105468750
0 0.2753906250 0.9433593750 0.0332031250 0.0156250000
2 0.4003906250 0.9658203125 0.1445312500 0.0683593750
0 0.5214843750 0.9511718750 0.0332031250 0.0156250000
1 0.5219726562 0.9707031250 0.0517578125 0.0214843750
1 0.5209960938 0.9936523438 0.0517578125 0.0126953125
