0 0.9287109375 0.3405761719 0.0410156250 0.0249023438
0 0.9284667969 0.3122558594 0.0454101562 0.0239257812
0 0.9287109375 0.2832031250 0.0410156250 0.0253906250
0 0.9277343750 0.2556152344 0.0429687500 0.0229492188
0 0.9279785156 0.2290039062 0.0395507812 0.0253906250
1 0.7917480469 0.1779785156 0.0522460938 0.0756835938
1 0.7521972656 0.1428222656 0.0249023438 0.0385742188
1 0.7282714844 0.1252441406 0.0229492188 0.0375976562
0 0.6926269531 0.1264648438 0.0239257812 0.0400390625
1 0.7858886719 0.1108398438 0.0375976562 0.0224609375
1 0.7617187500 0.0869140625 0.0390625000 0.0214843750
0 0.5808105469 0.1376953125 0.0229492188 0.0400390625
1 0.5979003906 0.2058105469 0.0229492188 0.0415039062
1 0.5695800781 0.2053222656 0.0229492188 0.0405273438
1 0.4340820312 0.1264648438 0.0205078125 0.0400390625
1 0.4108886719 0.1445312500 0.0219726562 0.0390625000
1 0.3791503906 0.1120605469 0.0375976562 0.0239257812
1 0.3964843750 0.0900878906 0.0380859375 0.0229492188
