3 0.4962500000 0.0537848606 0.9750000000 0.0916334661
3 0.0850000000 0.1464143426 0.0275000000 0.0856573705
3 0.0525000000 0.3077689243 0.0300000000 0.0537848606
3 0.0837500000 0.3137450199 0.0350000000 0.0498007968
1 0.1681250000 0.1723107570 0.1012500000 0.1414342629
1 0.1437500000 0.2798804781 0.0675000000 0.0577689243
1 0.2118750000 0.2828685259 0.0612500000 0.0637450199
1 0.3337500000 0.2370517928 0.0425000000 0.1035856574
2 0.1800000000 0.3964143426 0.1300000000 0.1593625498
1 0.0806250000 0.4352589641 0.0412500000 0.1015936255
3 0.0287500000 0.5000000000 0.0325000000 0.1394422311
1 0.2650000000 0.3954183267 0.0400000000 0.1015936255
1 0.1993750000 0.5119521912 0.0662500000 0.0597609562
0 0.0662500000 0.5099601594 0.0350000000 0.0318725100
1 0.0425000000 0.6533864542 0.0400000000 0.1035856574
1 0.0831250000 0.6513944223 0.0412500000 0.0996015936
2 0.1806250000 0.6274900398 0.1337500000 0.1633466135
1 0.3331250000 0.3984063745 0.0387500000 0.1035856574
1 0.3337500000 0.5099601594 0.0400000000 0.0996015936
1 0.2687500000 0.6254980080 0.0400000000 0.1035856574
1 0.3350000000 0.6254980080 0.0400000000 0.0996015936
3 0.0868750000 0.8496015936 0.0287500000 0.0856573705
1 0.1668750000 0.8237051793 0.0862500000 0.1294820717
0 0.4875000000 0.7619521912 0.0350000000 0.0258964143
0 0.4875000000 0.8167330677 0.0350000000 0.0278884462
0 0.4881250000 0.8735059761 0.0362500000 0.0258964143
0 0.4875000000 0.1444223108 0.0350000000 0.0258964143
0 0.4875000000 0.2071713147 0.0350000000 0.0278884462
0 0.4881250000 0.2619521912 0.0362500000 0.0258964143
0 0.6581250000 0.3247011952 0.0162500000 0.0557768924
0 0.6787500000 0.3247011952 0.0175000000 0.0557768924
0 0.6456250000 0.4063745020 0.0137500000 0.0597609562
0 0.6718750000 0.5368525896 0.0412500000 0.0298804781
3 0.7106250000 0.4980079681 0.0312500000 0.0956175299
2 0.7725000000 0.4731075697 0.0500000000 0.0498007968
2 0.7737500000 0.4173306773 0.0475000000 0.0458167331
2 0.8575000000 0.7011952191 0.1275000000 0.2350597610
0 0.6956250000 0.6523904382 0.0387500000 0.0258964143
0 0.6950000000 0.6842629482 0.0350000000 0.0258964143
0 0.9168750000 0.4661354582 0.0337500000 0.0278884462
0 0.9175000000 0.5000000000 0.0350000000 0.0278884462
0 0.9162500000 0.5328685259 0.0375000000 0.0258964143
0 0.9162500000 0.5647410359 0.0375000000 0.0298804781
3 0.9706250000 0.5328685259 0.0312500000 0.3406374502
3 0.4987500000 0.9452191235 0.9725000000 0.0976095618
2 0.4968750000 0.4990039841 0.2687500000 0.4282868526
