3 0.6936035156 0.7612304688 0.2397460938 0.2890625000
3 0.7495117188 0.2480468750 0.2382812500 0.4960937500
2 0.2573242188 0.1196289062 0.2910156250 0.2392578125
0 0.6059570312 0.4890136719 0.0410156250 0.0249023438
0 0.6057128906 0.4606933594 0.0454101562 0.0239257812
0 0.6059570312 0.4316406250 0.0410156250 0.0253906250
0 0.6049804688 0.4040527344 0.0429687500 0.0229492188
0 0.6052246094 0.3774414062 0.0395507812 0.0253906250
1 0.4689941406 0.3264160156 0.0522460938 0.0756835938
1 0.4294433594 0.2912597656 0.0249023438 0.0385742188
1 0.4055175781 0.2736816406 0.0229492188 0.0375976562
0 0.3698730469 0.2749023438 0.0239257812 0.0400390625
1 0.4631347656 0.2592773438 0.0375976562 0.0224609375
1 0.4389648438 0.2353515625 0.0390625000 0.0214843750
0 0.2580566406 0.2861328125 0.0229492188 0.0400390625
1 0.2751464844 0.3542480469 0.0229492188 0.0415039062
1 0.2468261719 0.3537597656 0.0229492188 0.0405273438
1 0.1113281250 0.2749023438 0.0205078125 0.0400390625
1 0.0881347656 0.2929687500 0.0219726562 0.0390625000
1 0.0563964844 0.2604980469 0.0375976562 0.0239257812
1 0.0737304688 0.2385253906 0.0380859375 0.0229492188
3 0.6889648438 0.5659179688 0.0419921875 0.0498046875
