3 0.5002561475 0.2850922131 0.9011270492 0.2617827869
3 0.7313012295 0.4853995902 0.0978483607 0.0527663934
2 0.3004610656 0.5683913934 0.2730532787 0.2044057377
1 0.3071209016 0.7077356557 0.0794057377 0.0507172131
1 0.5327868852 0.4979508197 0.0543032787 0.0778688525
1 0.5309938525 0.6244877049 0.0507172131 0.0799180328
1 0.4743852459 0.4982069672 0.0532786885 0.0794057377
0 0.4902663934 0.6229508197 0.0235655738 0.0399590164
0 0.4615778689 0.6237192623 0.0245901639 0.0414959016
0 0.3322233607 0.8890881148 0.0251024590 0.0414959016
