3 0.7495117188 0.7136230469 0.2382812500 0.5727539062
3 0.2832031250 0.2614746094 0.5664062500 0.2446289062
2 0.2336425781 0.4531250000 0.1147460938 0.1123046875
2 0.2573242188 0.8769531250 0.2910156250 0.2460937500
1 0.4355468750 0.7421875000 0.0429687500 0.0244140625
1 0.4526367188 0.7185058594 0.0419921875 0.0239257812
1 0.4235839844 0.6889648438 0.0219726562 0.0380859375
1 0.3994140625 0.7058105469 0.0234375000 0.0395507812
1 0.1091308594 0.7092285156 0.0229492188 0.0405273438
1 0.0725097656 0.7443847656 0.0375976562 0.0229492188
1 0.0551757812 0.7219238281 0.0410156250 0.0229492188
1 0.0856933594 0.6928710938 0.0239257812 0.0380859375
3 0.5510253906 0.4160156250 0.0434570312 0.0556640625
