3 0.7414314516 0.5002520161 0.2459677419 0.8966733871
2 0.2089213710 0.0786290323 0.1184475806 0.1159274194
2 0.2333669355 0.5362903226 0.3004032258 0.2943548387
0 0.5932459677 0.9412802419 0.0423387097 0.0257056452
0 0.5929939516 0.9120463710 0.0468750000 0.0246975806
0 0.5932459677 0.8820564516 0.0423387097 0.0262096774
0 0.5922379032 0.8535786290 0.0443548387 0.0236895161
0 0.5924899194 0.8261088710 0.0408266129 0.0262096774
1 0.4518649194 0.7734375000 0.0539314516 0.0781250000
1 0.4110383065 0.7371471774 0.0257056452 0.0398185484
1 0.3863407258 0.7190020161 0.0236895161 0.0388104839
0 0.3495463710 0.7202620968 0.0246975806 0.0413306452
1 0.4458165323 0.7041330645 0.0388104839 0.0231854839
1 0.4208669355 0.6794354839 0.0403225806 0.0221774194
1 0.4173387097 0.3770161290 0.0443548387 0.0252016129
1 0.4349798387 0.3525705645 0.0433467742 0.0246975806
1 0.4049899194 0.3220766129 0.0226814516 0.0393145161
1 0.3800403226 0.3394657258 0.0241935484 0.0408266129
1 0.0803931452 0.3429939516 0.0236895161 0.0418346774
1 0.0425907258 0.3792842742 0.0388104839 0.0236895161
1 0.0246975806 0.3560987903 0.0423387097 0.0236895161
1 0.0561995968 0.3261088710 0.0246975806 0.0393145161
0 0.2341229839 0.7318548387 0.0236895161 0.0413306452
1 0.2517641129 0.8021673387 0.0236895161 0.0428427419
1 0.2225302419 0.8016633065 0.0236895161 0.0418346774
1 0.0826612903 0.7202620968 0.0211693548 0.0413306452
1 0.0587197581 0.7389112903 0.0226814516 0.0403225806
1 0.0259576613 0.7053931452 0.0388104839 0.0246975806
1 0.0438508065 0.6827116935 0.0393145161 0.0236895161
3 0.5365423387 0.0403225806 0.0448588710 0.0574596774
