3 0.5002561475 0.2743340164 0.9031762295 0.2566598361
2 0.6027151639 0.4754098361 0.1203893443 0.1178278689
3 0.0735143443 0.6652151639 0.1470286885 0.1039959016
2 0.6275614754 0.8954918033 0.3053278689 0.2090163934
1 0.8145491803 0.7786885246 0.0450819672 0.0256147541
1 0.8324795082 0.7538422131 0.0440573770 0.0251024590
1 0.8019979508 0.7228483607 0.0230532787 0.0399590164
1 0.7766393443 0.7405225410 0.0245901639 0.0414959016
1 0.4720799180 0.7441086066 0.0240778689 0.0425204918
1 0.4336577869 0.7809938525 0.0394467213 0.0240778689
1 0.4154713115 0.7574282787 0.0430327869 0.0240778689
1 0.4474897541 0.7269467213 0.0251024590 0.0399590164
2 0.0112704918 0.3519467213 0.0225409836 0.0338114754
0 0.0107581967 0.3952356557 0.0215163934 0.0251024590
3 0.9357069672 0.4364754098 0.0455942623 0.0584016393
