2 0.5000000000 0.5000000000 0.5820312500 0.5703125000
1 0.9233398438 0.9418945312 0.1044921875 0.1162109375
1 0.8442382812 0.8891601562 0.0498046875 0.0771484375
1 0.7963867188 0.8540039062 0.0458984375 0.0751953125
0 0.7250976562 0.8564453125 0.0478515625 0.0800781250
1 0.9116210938 0.8251953125 0.0751953125 0.0449218750
1 0.8632812500 0.7773437500 0.0781250000 0.0429687500
1 0.8564453125 0.1914062500 0.0859375000 0.0488281250
1 0.8906250000 0.1440429688 0.0839843750 0.0478515625
1 0.8325195312 0.0849609375 0.0439453125 0.0761718750
1 0.7841796875 0.1186523438 0.0468750000 0.0791015625
1 0.2036132812 0.1254882812 0.0458984375 0.0810546875
1 0.1303710938 0.1958007812 0.0751953125 0.0458984375
1 0.0957031250 0.1508789062 0.0820312500 0.0458984375
1 0.1567382812 0.0927734375 0.0478515625 0.0761718750
0 0.5014648438 0.8789062500 0.0458984375 0.0800781250
1 0.2080078125 0.8564453125 0.0410156250 0.0800781250
1 0.1616210938 0.8925781250 0.0439453125 0.0781250000
1 0.0981445312 0.8276367188 0.0751953125 0.0478515625
1 0.1328125000 0.7836914062 0.0761718750 0.0458984375
