3 0.3569335938 0.2717285156 0.7138671875 0.2495117188
3 0.7814941406 0.4506835938 0.2612304688 0.0507812500
3 0.5046386719 0.4626464844 0.0932617188 0.0502929688
2 0.1120605469 0.5417480469 0.2241210938 0.1948242188
3 0.7817382812 0.6340332031 0.2802734375 0.0991210938
1 0.1003417969 0.6745605469 0.0756835938 0.0483398438
1 0.7814941406 0.2917480469 0.0395507812 0.0219726562
2 0.7829589844 0.3354492188 0.0405273438 0.0322265625
0 0.7832031250 0.3767089844 0.0380859375 0.0239257812
1 0.3154296875 0.4746093750 0.0517578125 0.0742187500
1 0.3137207031 0.5952148438 0.0483398438 0.0761718750
1 0.2597656250 0.4748535156 0.0507812500 0.0756835938
0 0.2749023438 0.5937500000 0.0224609375 0.0380859375
0 0.2475585938 0.5944824219 0.0234375000 0.0395507812
0 0.1242675781 0.8474121094 0.0239257812 0.0395507812
