3 0.6936035156 0.6127929688 0.2397460938 0.2890625000
0 0.6059570312 0.3405761719 0.0410156250 0.0249023438
0 0.6057128906 0.3122558594 0.0454101562 0.0239257812
0 0.6059570312 0.2832031250 0.0410156250 0.0253906250
0 0.6049804688 0.2556152344 0.0429687500 0.0229492188
0 0.6052246094 0.2290039062 0.0395507812 0.0253906250
1 0.4689941406 0.1779785156 0.0522460938 0.0756835938
1 0.4294433594 0.1428222656 0.0249023438 0.0385742188
1 0.4055175781 0.1252441406 0.0229492188 0.0375976562
0 0.3698730469 0.1264648438 0.0239257812 0.0400390625
1 0.4631347656 0.1108398438 0.0375976562 0.0224609375
1 0.4389648438 0.0869140625 0.0390625000 0.0214843750
0 0.2580566406 0.1376953125 0.0229492188 0.0400390625
1 0.2751464844 0.2058105469 0.0229492188 0.0415039062
1 0.2468261719 0.2053222656 0.0229492188 0.0405273438
1 0.1113281250 0.1264648438 0.0205078125 0.0400390625
1 0.0881347656 0.1445312500 0.0219726562 0.0390625000
1 0.0563964844 0.1120605469 0.0375976562 0.0239257812
1 0.0737304688 0.0900878906 0.0380859375 0.0229492188
3 0.6889648438 0.4174804688 0.0419921875 0.0498046875
