2 0.5800781250 0.1196289062 0.2910156250 0.2392578125
0 0.9287109375 0.4890136719 0.0410156250 0.0249023438
0 0.9284667969 0.4606933594 0.0454101562 0.0239257812
0 0.9287109375 0.4316406250 0.0410156250 0.0253906250
0 0.9277343750 0.4040527344 0.0429687500 0.0229492188
0 0.9279785156 0.3774414062 0.0395507812 0.0253906250
1 0.7917480469 0.3264160156 0.0522460938 0.0756835938
1 0.7521972656 0.2912597656 0.0249023438 0.0385742188
1 0.7282714844 0.2736816406 0.0229492188 0.0375976562
0 0.6926269531 0.2749023438 0.0239257812 0.0400390625
1 0.7858886719 0.2592773438 0.0375976562 0.0224609375
1 0.7617187500 0.2353515625 0.0390625000 0.0214843750
0 0.5808105469 0.2861328125 0.0229492188 0.0400390625
1 0.5979003906 0.3542480469 0.0229492188 0.0415039062
1 0.5695800781 0.3537597656 0.0229492188 0.0405273438
1 0.4340820312 0.2749023438 0.0205078125 0.0400390625
1 0.4108886719 0.2929687500 0.0219726562 0.0390625000
1 0.3791503906 0.2604980469 0.0375976562 0.0239257812
1 0.3964843750 0.2385253906 0.0380859375 0.0229492188
