3 0.6911621094 0.4365234375 0.2583007812 0.4140625000
3 0.5915527344 0.1013183594 0.0747070312 0.2026367188
3 0.1984863281 0.3779296875 0.3969726562 0.0712890625
0 0.1091308594 0.6469726562 0.0493164062 0.0263671875
1 0.0393066406 0.6469726562 0.0493164062 0.0263671875
1 0.2153320312 0.5842285156 0.0283203125 0.0502929688
1 0.1855468750 0.5837402344 0.0283203125 0.0493164062
1 0.1562500000 0.5842285156 0.0263671875 0.0502929688
2 0.0649414062 0.5610351562 0.1298828125 0.1035156250
3 0.1450195312 0.1594238281 0.0605468750 0.1518554688
3 0.0791015625 0.2219238281 0.0693359375 0.0415039062
