3 0.5000000000 0.1337890625 1.0000000000 0.1425781250
0 0.5981445312 0.6718750000 0.0986328125 0.0527343750
0 0.1914062500 0.5434570312 0.0507812500 0.0966796875
1 0.3017578125 0.4287109375 0.0917968750 0.0488281250
1 0.2509765625 0.5458984375 0.0507812500 0.1015625000
1 0.3100585938 0.5473632812 0.0517578125 0.0986328125
1 0.2290039062 0.6708984375 0.0947265625 0.0546875000
1 0.3374023438 0.6699218750 0.0986328125 0.0566406250
1 0.4584960938 0.6718750000 0.0986328125 0.0527343750
1 0.8105468750 0.5463867188 0.0566406250 0.1005859375
1 0.7509765625 0.5454101562 0.0566406250 0.0986328125
1 0.6923828125 0.5463867188 0.0527343750 0.1005859375
2 0.5004882812 0.5000000000 0.2783203125 0.2070312500
