3 0.5003255208 0.5000000000 0.8951822917 0.0950520833
3 0.1861979167 0.9651692708 0.3723958333 0.0579427083
3 0.0426432292 0.7643229167 0.0852864583 0.0911458333
0 0.5641276042 0.8587239583 0.0657552083 0.0351562500
0 0.2929687500 0.7731119792 0.0338541667 0.0644531250
1 0.3665364583 0.6966145833 0.0611979167 0.0325520833
1 0.3326822917 0.7747395833 0.0338541667 0.0677083333
1 0.3720703125 0.7757161458 0.0345052083 0.0657552083
1 0.3180338542 0.8580729167 0.0631510417 0.0364583333
1 0.3902994792 0.8574218750 0.0657552083 0.0377604167
1 0.4710286458 0.8587239583 0.0657552083 0.0351562500
1 0.7057291667 0.7750651042 0.0377604167 0.0670572917
1 0.6660156250 0.7744140625 0.0377604167 0.0657552083
1 0.6269531250 0.7750651042 0.0351562500 0.0670572917
2 0.4990234375 0.7441406250 0.1855468750 0.1380208333
3 0.6119791667 0.2086588542 0.0807291667 0.2024739583
3 0.5240885417 0.2919921875 0.0924479167 0.0553385417
