3 0.2768554688 0.2539062500 0.1611328125 0.0839843750
3 0.3327636719 0.7226562500 0.0649414062 0.5546875000
3 0.7888183594 0.3154296875 0.4223632812 0.0712890625
2 0.8605957031 0.7360839844 0.2573242188 0.2553710938
1 0.3657226562 0.3771972656 0.0234375000 0.0483398438
2 0.2802734375 0.3640136719 0.1328125000 0.0932617188
1 0.4196777344 0.2832031250 0.0454101562 0.0234375000
1 0.4201660156 0.2519531250 0.0463867188 0.0244140625
0 0.5187988281 0.3339843750 0.0483398438 0.0253906250
3 0.4064941406 0.3195800781 0.0424804688 0.0356445312
3 0.4045410156 0.3525390625 0.0424804688 0.0332031250
