3 0.2353515625 0.4411621094 0.2539062500 0.4145507812
3 0.7626953125 0.3779296875 0.4746093750 0.0712890625
3 0.4946289062 0.7268066406 0.5410156250 0.0434570312
3 0.5129394531 0.5761718750 0.0737304688 0.0683593750
0 0.9089355469 0.6469726562 0.0493164062 0.0263671875
0 0.7055664062 0.5827636719 0.0253906250 0.0483398438
1 0.7607421875 0.5253906250 0.0458984375 0.0244140625
1 0.7353515625 0.5839843750 0.0253906250 0.0507812500
1 0.7648925781 0.5847167969 0.0258789062 0.0493164062
1 0.7243652344 0.6464843750 0.0473632812 0.0273437500
1 0.7785644531 0.6459960938 0.0493164062 0.0283203125
1 0.8391113281 0.6469726562 0.0493164062 0.0263671875
1 0.9853515625 0.5837402344 0.0283203125 0.0493164062
1 0.9560546875 0.5842285156 0.0263671875 0.0502929688
2 0.8601074219 0.5610351562 0.1391601562 0.1035156250
3 0.9448242188 0.1594238281 0.0605468750 0.1518554688
3 0.8789062500 0.2219238281 0.0693359375 0.0415039062
