3 0.6911621094 0.5507812500 0.2583007812 0.4140625000
3 0.5915527344 0.1584472656 0.0747070312 0.3168945312
3 0.1984863281 0.4921875000 0.3969726562 0.0712890625
0 0.1091308594 0.7612304688 0.0493164062 0.0263671875
1 0.0393066406 0.7612304688 0.0493164062 0.0263671875
1 0.2153320312 0.6984863281 0.0283203125 0.0502929688
1 0.1855468750 0.6979980469 0.0283203125 0.0493164062
1 0.1562500000 0.6984863281 0.0263671875 0.0502929688
2 0.0649414062 0.6752929688 0.1298828125 0.1035156250
3 0.1450195312 0.2736816406 0.0605468750 0.1518554688
3 0.0791015625 0.3361816406 0.0693359375 0.0415039062
