3 0.2353515625 0.5554199219 0.2539062500 0.4145507812
3 0.7626953125 0.4921875000 0.4746093750 0.0712890625
3 0.4946289062 0.8410644531 0.5410156250 0.0434570312
3 0.5129394531 0.6904296875 0.0737304688 0.0683593750
0 0.9089355469 0.7612304688 0.0493164062 0.0263671875
0 0.7055664062 0.6970214844 0.0253906250 0.0483398438
1 0.7607421875 0.6396484375 0.0458984375 0.0244140625
1 0.7353515625 0.6982421875 0.0253906250 0.0507812500
1 0.7648925781 0.6989746094 0.0258789062 0.0493164062
1 0.7243652344 0.7607421875 0.0473632812 0.0273437500
1 0.7785644531 0.7602539062 0.0493164062 0.0283203125
1 0.8391113281 0.7612304688 0.0493164062 0.0263671875
1 0.9853515625 0.6979980469 0.0283203125 0.0493164062
1 0.9560546875 0.6984863281 0.0263671875 0.0502929688
2 0.8601074219 0.6752929688 0.1391601562 0.1035156250
3 0.9448242188 0.2736816406 0.0605468750 0.1518554688
3 0.8789062500 0.3361816406 0.0693359375 0.0415039062
