3 0.6420898438 0.0693359375 0.2060546875 0.1386718750
0 0.0600585938 0.4077148438 0.0732421875 0.0302734375
0 0.0410156250 0.4804687500 0.0292968750 0.0761718750
0 0.0825195312 0.4853515625 0.0302734375 0.0761718750
1 0.1391601562 0.4726562500 0.0322265625 0.0742187500
1 0.2216796875 0.4731445312 0.0292968750 0.0732421875
1 0.2792968750 0.4731445312 0.0292968750 0.0732421875
1 0.3852539062 0.5112304688 0.0732421875 0.0322265625
1 0.4575195312 0.5375976562 0.0361328125 0.1044921875
2 0.1987304688 0.7441406250 0.3974609375 0.4140625000
1 0.4667968750 0.7294921875 0.0742187500 0.0332031250
1 0.4667968750 0.7685546875 0.0722656250 0.0351562500
1 0.4667968750 0.8715820312 0.0937500000 0.0380859375
1 0.4560546875 0.9160156250 0.0703125000 0.0292968750
0 0.6650390625 0.6235351562 0.0742187500 0.0302734375
0 0.6640625000 0.6669921875 0.0722656250 0.0312500000
1 0.6645507812 0.7124023438 0.0732421875 0.0302734375
1 0.6542968750 0.7563476562 0.0937500000 0.0361328125
0 0.6650390625 0.8007812500 0.0742187500 0.0292968750
0 0.6665039062 0.8461914062 0.0712890625 0.0302734375
0 0.7524414062 0.7387695312 0.0400390625 0.0283203125
