1 0.1455078125 0.4077148438 0.1718750000 0.0634765625
3 0.1459960938 0.5917968750 0.2744140625 0.0546875000
0 0.0141601562 0.7343750000 0.0283203125 0.0742187500
0 0.0541992188 0.7343750000 0.0283203125 0.0742187500
2 0.1074218750 0.7314453125 0.0546875000 0.0703125000
1 0.2915039062 0.4492187500 0.0693359375 0.1445312500
1 0.3691406250 0.3789062500 0.0312500000 0.0722656250
1 0.3022460938 0.6635742188 0.0361328125 0.1083984375
1 0.3476562500 0.6689453125 0.0292968750 0.0703125000
0 0.4033203125 0.2446289062 0.0292968750 0.0751953125
0 0.4467773438 0.2358398438 0.0263671875 0.0556640625
0 0.5126953125 0.2353515625 0.0312500000 0.0585937500
0 0.7480468750 0.2460937500 0.0292968750 0.0742187500
0 0.7890625000 0.2451171875 0.0253906250 0.0742187500
1 0.7265625000 0.3671875000 0.0292968750 0.0722656250
2 0.8955078125 0.5058593750 0.2089843750 0.2519531250
1 0.7412109375 0.5126953125 0.0488281250 0.1191406250
2 0.5000000000 0.5004882812 0.3222656250 0.2548828125
1 0.5708007812 0.3286132812 0.1689453125 0.0576171875
1 0.4970703125 0.6909179688 0.2070312500 0.0810546875
1 0.8789062500 0.3417968750 0.1738281250 0.0683593750
1 0.9135742188 0.6918945312 0.1728515625 0.0849609375
2 0.5698242188 0.2426757812 0.0556640625 0.0478515625
