3 0.1274414062 0.0737304688 0.2548828125 0.0966796875
1 0.5346679688 0.2153320312 0.1455078125 0.0712890625
3 0.5000000000 0.5004882812 0.0800781250 0.4853515625
3 0.7685546875 0.4985351562 0.0800781250 0.4853515625
0 0.9282226562 0.3730468750 0.0283203125 0.0742187500
0 0.9682617188 0.3730468750 0.0283203125 0.0742187500
0 0.5253906250 0.8017578125 0.0332031250 0.1035156250
1 0.6933593750 0.9111328125 0.0371093750 0.1093750000
0 0.7358398438 0.9213867188 0.0283203125 0.0751953125
1 0.8125000000 0.9174804688 0.0332031250 0.0732421875
1 0.8730468750 0.9160156250 0.0292968750 0.0742187500
1 0.9223632812 0.9165039062 0.0302734375 0.0751953125
1 0.9863281250 0.9106445312 0.0273437500 0.0732421875
