0 0.1230468750 0.1074218750 0.0332031250 0.1035156250
1 0.2910156250 0.2167968750 0.0371093750 0.1093750000
1 0.2070312500 0.3266601562 0.0722656250 0.0322265625
0 0.2084960938 0.3662109375 0.0712890625 0.0312500000
1 0.2075195312 0.4589843750 0.0693359375 0.0312500000
1 0.2065429688 0.5107421875 0.0712890625 0.0273437500
0 0.3334960938 0.2270507812 0.0283203125 0.0751953125
1 0.4101562500 0.2231445312 0.0332031250 0.0732421875
1 0.4707031250 0.2216796875 0.0292968750 0.0742187500
1 0.5200195312 0.2221679688 0.0302734375 0.0751953125
1 0.5849609375 0.2163085938 0.0292968750 0.0732421875
1 0.6972656250 0.1938476562 0.0351562500 0.1064453125
1 0.7788085938 0.2783203125 0.0361328125 0.1093750000
1 0.8173828125 0.2832031250 0.0312500000 0.0742187500
2 0.5004882812 0.5000000000 0.4130859375 0.4179687500
1 0.2075195312 0.5673828125 0.0966796875 0.0351562500
1 0.7841796875 0.4731445312 0.0703125000 0.0322265625
1 0.7836914062 0.5083007812 0.0732421875 0.0322265625
1 0.7885742188 0.5874023438 0.0966796875 0.0361328125
1 0.2617187500 0.7519531250 0.0917968750 0.0371093750
1 0.3466796875 0.7617187500 0.0292968750 0.0742187500
1 0.4160156250 0.7612304688 0.0292968750 0.0732421875
1 0.4702148438 0.7617187500 0.0283203125 0.0722656250
1 0.5151367188 0.7617187500 0.0302734375 0.0722656250
1 0.5776367188 0.7797851562 0.0302734375 0.0732421875
0 0.6293945312 0.7626953125 0.0283203125 0.0742187500
1 0.6962890625 0.7778320312 0.0390625000 0.1083984375
1 0.7851562500 0.6694335938 0.0722656250 0.0322265625
