3 0.1472167969 0.1838378906 0.0405273438 0.1987304688
3 0.1477050781 0.4306640625 0.0405273438 0.1962890625
3 0.2805175781 0.3054199219 0.0512695312 0.3833007812
3 0.4382324219 0.3049316406 0.0512695312 0.3833007812
3 0.5961914062 0.0673828125 0.0400390625 0.1347656250
3 0.7304687500 0.0668945312 0.0400390625 0.1337890625
0 0.6088867188 0.1640625000 0.0166015625 0.0517578125
1 0.6928710938 0.2187500000 0.0185546875 0.0546875000
1 0.6508789062 0.2736816406 0.0361328125 0.0161132812
0 0.6516113281 0.2934570312 0.0356445312 0.0156250000
1 0.6511230469 0.3398437500 0.0346679688 0.0156250000
1 0.6506347656 0.3657226562 0.0356445312 0.0136718750
0 0.7141113281 0.2238769531 0.0141601562 0.0375976562
1 0.7524414062 0.2219238281 0.0166015625 0.0366210938
1 0.7827148438 0.2211914062 0.0146484375 0.0371093750
1 0.8073730469 0.2214355469 0.0151367188 0.0375976562
1 0.8398437500 0.2185058594 0.0146484375 0.0366210938
1 0.8959960938 0.2072753906 0.0175781250 0.0532226562
1 0.9367675781 0.2495117188 0.0180664062 0.0546875000
1 0.9560546875 0.2519531250 0.0156250000 0.0371093750
2 0.7976074219 0.3603515625 0.2065429688 0.2089843750
1 0.6511230469 0.3940429688 0.0483398438 0.0175781250
1 0.9394531250 0.3469238281 0.0351562500 0.0161132812
1 0.9392089844 0.3645019531 0.0366210938 0.0161132812
1 0.9416503906 0.4040527344 0.0483398438 0.0180664062
1 0.2268066406 0.5756835938 0.0151367188 0.0361328125
1 0.2448730469 0.5820312500 0.0190429688 0.0478515625
0 0.5019531250 0.6372070312 0.0361328125 0.0156250000
0 0.5014648438 0.6596679688 0.0361328125 0.0156250000
1 0.6782226562 0.4863281250 0.0458984375 0.0185546875
1 0.7207031250 0.4912109375 0.0146484375 0.0371093750
1 0.7553710938 0.4909667969 0.0146484375 0.0366210938
1 0.7824707031 0.4912109375 0.0141601562 0.0361328125
1 0.8049316406 0.4912109375 0.0151367188 0.0361328125
1 0.8361816406 0.5002441406 0.0151367188 0.0366210938
0 0.8620605469 0.4916992188 0.0141601562 0.0371093750
1 0.8955078125 0.4992675781 0.0195312500 0.0541992188
1 0.9399414062 0.4450683594 0.0361328125 0.0161132812
3 0.3967285156 0.7204589844 0.1577148438 0.0415039062
3 0.3937988281 0.8027343750 0.2221679688 0.0400390625
3 0.7265625000 0.7944335938 0.1386718750 0.0273437500
