0 0.0187988281 0.1691894531 0.0131835938 0.0278320312
0 0.0517578125 0.1689453125 0.0156250000 0.0292968750
0 0.1694335938 0.1743164062 0.0146484375 0.0371093750
0 0.1899414062 0.1738281250 0.0126953125 0.0371093750
1 0.1586914062 0.2348632812 0.0146484375 0.0361328125
2 0.2783203125 0.3041992188 0.1748046875 0.1259765625
1 0.1660156250 0.3076171875 0.0244140625 0.0595703125
2 0.0629882812 0.3015136719 0.1259765625 0.1274414062
1 0.0808105469 0.2155761719 0.0844726562 0.0288085938
1 0.0478515625 0.3967285156 0.0957031250 0.0405273438
1 0.2348632812 0.2221679688 0.0869140625 0.0341796875
3 0.5122070312 0.2487792969 0.1044921875 0.1040039062
2 0.4113769531 0.3300781250 0.0639648438 0.1035156250
1 0.3583984375 0.2182617188 0.0830078125 0.0322265625
0 0.3596191406 0.1743164062 0.0161132812 0.0498046875
0 0.3818359375 0.1743164062 0.0166015625 0.0507812500
3 0.5129394531 0.4174804688 0.1030273438 0.1035156250
0 0.1325683594 0.5649414062 0.0375976562 0.0166015625
0 0.1320800781 0.5820312500 0.0375976562 0.0166015625
0 0.1320800781 0.6040039062 0.0375976562 0.0166015625
0 0.2219238281 0.6037597656 0.0366210938 0.0151367188
0 0.2124023438 0.6401367188 0.0146484375 0.0380859375
0 0.2331542969 0.6425781250 0.0151367188 0.0380859375
1 0.1774902344 0.6293945312 0.0190429688 0.0546875000
1 0.1469726562 0.6728515625 0.0468750000 0.0175781250
1 0.1069335938 0.6977539062 0.0175781250 0.0546875000
1 0.2614746094 0.6362304688 0.0161132812 0.0371093750
1 0.3027343750 0.6364746094 0.0146484375 0.0366210938
1 0.3315429688 0.6364746094 0.0146484375 0.0366210938
1 0.3845214844 0.6555175781 0.0366210938 0.0161132812
1 0.4206542969 0.6687011719 0.0180664062 0.0522460938
1 0.2658691406 0.3972167969 0.1137695312 0.0424804688
3 0.8273925781 0.4694824219 0.1440429688 0.0981445312
3 0.7529296875 0.7685546875 0.3769531250 0.4628906250
1 0.0859375000 0.7207031250 0.0156250000 0.0371093750
1 0.1467285156 0.6943359375 0.0356445312 0.0156250000
1 0.1469726562 0.7741699219 0.0361328125 0.0151367188
1 0.1477050781 0.8076171875 0.0366210938 0.0166015625
0 0.1228027344 0.9011230469 0.0141601562 0.0375976562
0 0.1447753906 0.9006347656 0.0141601562 0.0375976562
1 0.1791992188 0.9052734375 0.0166015625 0.0478515625
2 0.2890625000 0.7719726562 0.2031250000 0.2070312500
1 0.4252929688 0.7646484375 0.0371093750 0.0166015625
1 0.4252929688 0.7841796875 0.0361328125 0.0175781250
1 0.4252929688 0.8356933594 0.0468750000 0.0190429688
1 0.4199218750 0.8579101562 0.0351562500 0.0146484375
0 0.5244140625 0.7116699219 0.0371093750 0.0151367188
0 0.5239257812 0.7333984375 0.0361328125 0.0156250000
1 0.5241699219 0.7561035156 0.0366210938 0.0151367188
1 0.5190429688 0.7780761719 0.0468750000 0.0180664062
0 0.5244140625 0.8002929688 0.0371093750 0.0146484375
0 0.5251464844 0.8229980469 0.0356445312 0.0151367188
0 0.5681152344 0.7692871094 0.0200195312 0.0141601562
0 0.2189941406 0.9057617188 0.0161132812 0.0380859375
1 0.2416992188 0.9047851562 0.0156250000 0.0361328125
1 0.2612304688 0.9047851562 0.0146484375 0.0371093750
0 0.2814941406 0.9045410156 0.0141601562 0.0385742188
1 0.3012695312 0.9050292969 0.0146484375 0.0356445312
1 0.3225097656 0.9052734375 0.0151367188 0.0371093750
1 0.3425292969 0.9050292969 0.0151367188 0.0366210938
1 0.2473144531 0.9609375000 0.0454101562 0.0175781250
0 0.2558593750 0.9780273438 0.0371093750 0.0156250000
0 0.1450195312 0.9797363281 0.0371093750 0.0151367188
1 0.2597656250 0.9941406250 0.0351562500 0.0117187500
1 0.3354492188 0.9404296875 0.0458984375 0.0175781250
1 0.3825683594 0.9150390625 0.0473632812 0.0175781250
1 0.3830566406 0.9392089844 0.0356445312 0.0151367188
1 0.4248046875 0.9858398438 0.0146484375 0.0283203125
0 0.5603027344 0.9443359375 0.0161132812 0.0507812500
1 0.5112304688 0.9860839844 0.0615234375 0.0278320312
2 0.0803222656 0.1726074219 0.0278320312 0.0239257812
