3 0.3933105469 0.1916503906 0.2241210938 0.0415039062
3 0.3923339844 0.2687988281 0.1625976562 0.0483398438
0 0.2739257812 0.3439941406 0.0361328125 0.0161132812
0 0.2741699219 0.3640136719 0.0366210938 0.0151367188
1 0.6135253906 0.3395996094 0.0727539062 0.0356445312
3 0.1472167969 0.6525878906 0.0405273438 0.1987304688
3 0.1477050781 0.8994140625 0.0405273438 0.1962890625
3 0.2805175781 0.7741699219 0.0512695312 0.3833007812
3 0.4382324219 0.7736816406 0.0512695312 0.3833007812
3 0.5961914062 0.4821777344 0.0400390625 0.2426757812
3 0.7304687500 0.4812011719 0.0400390625 0.2426757812
1 0.8759765625 0.2551269531 0.0859375000 0.0317382812
3 0.8762207031 0.3471679688 0.1372070312 0.0273437500
0 0.8103027344 0.4184570312 0.0141601562 0.0371093750
0 0.8303222656 0.4184570312 0.0141601562 0.0371093750
2 0.8569335938 0.4169921875 0.0273437500 0.0351562500
1 0.9489746094 0.2758789062 0.0346679688 0.0722656250
1 0.9877929688 0.2407226562 0.0156250000 0.0361328125
1 0.9543457031 0.3830566406 0.0180664062 0.0541992188
1 0.9770507812 0.3857421875 0.0146484375 0.0351562500
0 0.6088867188 0.6328125000 0.0166015625 0.0517578125
1 0.6928710938 0.6875000000 0.0185546875 0.0546875000
1 0.6508789062 0.7424316406 0.0361328125 0.0161132812
0 0.6516113281 0.7622070312 0.0356445312 0.0156250000
1 0.6511230469 0.8085937500 0.0346679688 0.0156250000
1 0.6506347656 0.8344726562 0.0356445312 0.0136718750
0 0.7141113281 0.6926269531 0.0141601562 0.0375976562
1 0.7524414062 0.6906738281 0.0166015625 0.0366210938
1 0.7827148438 0.6899414062 0.0146484375 0.0371093750
1 0.8073730469 0.6901855469 0.0151367188 0.0375976562
1 0.8398437500 0.6872558594 0.0146484375 0.0366210938
1 0.8959960938 0.6760253906 0.0175781250 0.0532226562
1 0.9367675781 0.7182617188 0.0180664062 0.0546875000
1 0.9560546875 0.7207031250 0.0156250000 0.0371093750
2 0.7976074219 0.8291015625 0.2065429688 0.2089843750
1 0.6511230469 0.8627929688 0.0483398438 0.0175781250
1 0.9394531250 0.8156738281 0.0351562500 0.0161132812
1 0.9392089844 0.8332519531 0.0366210938 0.0161132812
1 0.9416503906 0.8728027344 0.0483398438 0.0180664062
1 0.6782226562 0.9550781250 0.0458984375 0.0185546875
1 0.7207031250 0.9599609375 0.0146484375 0.0371093750
1 0.7553710938 0.9597167969 0.0146484375 0.0366210938
1 0.7824707031 0.9599609375 0.0141601562 0.0361328125
1 0.8049316406 0.9599609375 0.0151367188 0.0361328125
1 0.8361816406 0.9689941406 0.0151367188 0.0366210938
0 0.8620605469 0.9604492188 0.0141601562 0.0371093750
1 0.8955078125 0.9680175781 0.0195312500 0.0541992188
1 0.9399414062 0.9138183594 0.0361328125 0.0161132812
