0 0.1325683594 0.0961914062 0.0375976562 0.0166015625
0 0.1320800781 0.1132812500 0.0375976562 0.0166015625
0 0.1320800781 0.1352539062 0.0375976562 0.0166015625
0 0.2219238281 0.1350097656 0.0366210938 0.0151367188
0 0.2124023438 0.1713867188 0.0146484375 0.0380859375
0 0.2331542969 0.1738281250 0.0151367188 0.0380859375
1 0.1774902344 0.1606445312 0.0190429688 0.0546875000
1 0.1469726562 0.2041015625 0.0468750000 0.0175781250
1 0.1069335938 0.2290039062 0.0175781250 0.0546875000
1 0.2614746094 0.1674804688 0.0161132812 0.0371093750
1 0.3027343750 0.1677246094 0.0146484375 0.0366210938
1 0.3315429688 0.1677246094 0.0146484375 0.0366210938
1 0.3845214844 0.1867675781 0.0366210938 0.0161132812
1 0.4206542969 0.1999511719 0.0180664062 0.0522460938
3 0.8273925781 0.0249023438 0.1440429688 0.0498046875
3 0.7529296875 0.3005371094 0.3769531250 0.4643554688
1 0.0859375000 0.2519531250 0.0156250000 0.0371093750
1 0.1467285156 0.2255859375 0.0356445312 0.0156250000
1 0.1469726562 0.3054199219 0.0361328125 0.0151367188
1 0.1477050781 0.3388671875 0.0366210938 0.0166015625
0 0.1228027344 0.4323730469 0.0141601562 0.0375976562
0 0.1447753906 0.4318847656 0.0141601562 0.0375976562
1 0.1791992188 0.4365234375 0.0166015625 0.0478515625
2 0.2890625000 0.3032226562 0.2031250000 0.2070312500
1 0.4252929688 0.2958984375 0.0371093750 0.0166015625
1 0.4252929688 0.3154296875 0.0361328125 0.0175781250
1 0.4252929688 0.3669433594 0.0468750000 0.0190429688
1 0.4199218750 0.3891601562 0.0351562500 0.0146484375
0 0.5244140625 0.2429199219 0.0371093750 0.0151367188
0 0.5239257812 0.2646484375 0.0361328125 0.0156250000
1 0.5241699219 0.2873535156 0.0366210938 0.0151367188
1 0.5190429688 0.3093261719 0.0468750000 0.0180664062
0 0.5244140625 0.3315429688 0.0371093750 0.0146484375
0 0.5251464844 0.3542480469 0.0356445312 0.0151367188
0 0.5681152344 0.3005371094 0.0200195312 0.0141601562
0 0.2189941406 0.4370117188 0.0161132812 0.0380859375
1 0.2416992188 0.4360351562 0.0156250000 0.0361328125
1 0.2612304688 0.4360351562 0.0146484375 0.0371093750
0 0.2814941406 0.4357910156 0.0141601562 0.0385742188
1 0.3012695312 0.4362792969 0.0146484375 0.0356445312
1 0.3225097656 0.4365234375 0.0151367188 0.0371093750
1 0.3425292969 0.4362792969 0.0151367188 0.0366210938
1 0.2473144531 0.4921875000 0.0454101562 0.0175781250
0 0.2558593750 0.5092773438 0.0371093750 0.0156250000
0 0.1450195312 0.5109863281 0.0371093750 0.0151367188
0 0.2014160156 0.5375976562 0.0366210938 0.0156250000
0 0.1406250000 0.5959472656 0.0136718750 0.0375976562
1 0.2011718750 0.5559082031 0.0361328125 0.0151367188
1 0.2597656250 0.5278320312 0.0351562500 0.0166015625
0 0.1398925781 0.6459960938 0.0141601562 0.0380859375
2 0.3515625000 0.5446777344 0.1142578125 0.1157226562
0 0.3720703125 0.6198730469 0.0361328125 0.0161132812
1 0.4255371094 0.5773925781 0.0170898438 0.0493164062
1 0.3354492188 0.4716796875 0.0458984375 0.0175781250
1 0.3825683594 0.4462890625 0.0473632812 0.0175781250
1 0.3830566406 0.4704589844 0.0356445312 0.0151367188
1 0.4248046875 0.5209960938 0.0146484375 0.0361328125
0 0.5603027344 0.4755859375 0.0161132812 0.0507812500
1 0.5112304688 0.5190429688 0.0615234375 0.0312500000
0 0.5305175781 0.5974121094 0.0493164062 0.0161132812
0 0.5129394531 0.6611328125 0.0493164062 0.0156250000
0 0.8330078125 0.6311035156 0.0361328125 0.0151367188
0 0.8325195312 0.6530761719 0.0361328125 0.0151367188
3 0.7297363281 0.8493652344 0.3500976562 0.1567382812
0 0.4926757812 0.7561035156 0.0371093750 0.0161132812
3 0.7316894531 0.7150878906 0.5356445312 0.0883789062
