0 0.0468750000 0.2294921875 0.0312500000 0.0585937500
0 0.2822265625 0.2402343750 0.0292968750 0.0742187500
0 0.3232421875 0.2392578125 0.0253906250 0.0742187500
1 0.2607421875 0.3613281250 0.0292968750 0.0722656250
2 0.5000000000 0.5000000000 0.3496093750 0.2519531250
1 0.2753906250 0.5068359375 0.0488281250 0.1191406250
2 0.0976562500 0.4946289062 0.1953125000 0.2548828125
1 0.1049804688 0.3227539062 0.1689453125 0.0576171875
1 0.0673828125 0.6850585938 0.1347656250 0.0810546875
1 0.4130859375 0.3359375000 0.1738281250 0.0683593750
3 0.9316406250 0.3891601562 0.1367187500 0.2080078125
2 0.7661132812 0.5517578125 0.1279296875 0.2070312500
1 0.6601562500 0.3281250000 0.1660156250 0.0644531250
0 0.6625976562 0.2402343750 0.0322265625 0.0996093750
0 0.7070312500 0.2402343750 0.0332031250 0.1015625000
3 0.9331054688 0.7265625000 0.1337890625 0.2070312500
1 0.4750976562 0.6860351562 0.2275390625 0.0849609375
2 0.1040039062 0.2368164062 0.0556640625 0.0478515625
