0 0.3405761719 0.0961914062 0.0375976562 0.0166015625
0 0.3400878906 0.1132812500 0.0375976562 0.0166015625
0 0.3400878906 0.1352539062 0.0375976562 0.0166015625
0 0.4299316406 0.1350097656 0.0366210938 0.0151367188
0 0.4204101562 0.1713867188 0.0146484375 0.0380859375
0 0.4411621094 0.1738281250 0.0151367188 0.0380859375
1 0.3854980469 0.1606445312 0.0190429688 0.0546875000
1 0.3549804688 0.2041015625 0.0468750000 0.0175781250
1 0.3149414062 0.2290039062 0.0175781250 0.0546875000
1 0.4694824219 0.1674804688 0.0161132812 0.0371093750
1 0.5107421875 0.1677246094 0.0146484375 0.0366210938
1 0.5395507812 0.1677246094 0.0146484375 0.0366210938
1 0.5925292969 0.1867675781 0.0366210938 0.0161132812
1 0.6286621094 0.1999511719 0.0180664062 0.0522460938
3 0.8862304688 0.3005371094 0.2275390625 0.4643554688
1 0.0075683594 0.2214355469 0.0151367188 0.0375976562
1 0.0400390625 0.2185058594 0.0146484375 0.0366210938
1 0.0961914062 0.2072753906 0.0175781250 0.0532226562
1 0.1369628906 0.2495117188 0.0180664062 0.0546875000
1 0.1562500000 0.2519531250 0.0156250000 0.0371093750
1 0.1396484375 0.3469238281 0.0351562500 0.0161132812
1 0.1394042969 0.3645019531 0.0366210938 0.0161132812
1 0.1418457031 0.4040527344 0.0483398438 0.0180664062
1 0.2939453125 0.2519531250 0.0156250000 0.0371093750
1 0.3547363281 0.2255859375 0.0356445312 0.0156250000
1 0.3549804688 0.3054199219 0.0361328125 0.0151367188
1 0.3557128906 0.3388671875 0.0366210938 0.0166015625
0 0.3308105469 0.4323730469 0.0141601562 0.0375976562
0 0.3527832031 0.4318847656 0.0141601562 0.0375976562
1 0.3872070312 0.4365234375 0.0166015625 0.0478515625
2 0.4970703125 0.3032226562 0.2031250000 0.2070312500
1 0.6333007812 0.2958984375 0.0371093750 0.0166015625
1 0.6333007812 0.3154296875 0.0361328125 0.0175781250
1 0.6333007812 0.3669433594 0.0468750000 0.0190429688
1 0.6279296875 0.3891601562 0.0351562500 0.0146484375
0 0.7324218750 0.2429199219 0.0371093750 0.0151367188
0 0.7319335938 0.2646484375 0.0361328125 0.0156250000
1 0.7321777344 0.2873535156 0.0366210938 0.0151367188
1 0.7270507812 0.3093261719 0.0468750000 0.0180664062
0 0.7324218750 0.3315429688 0.0371093750 0.0146484375
0 0.7331542969 0.3542480469 0.0356445312 0.0151367188
0 0.7761230469 0.3005371094 0.0200195312 0.0141601562
1 0.0063476562 0.4912109375 0.0126953125 0.0361328125
1 0.0363769531 0.5002441406 0.0151367188 0.0366210938
0 0.0622558594 0.4916992188 0.0141601562 0.0371093750
1 0.0957031250 0.4992675781 0.0195312500 0.0541992188
1 0.1401367188 0.4450683594 0.0361328125 0.0161132812
0 0.4270019531 0.4370117188 0.0161132812 0.0380859375
1 0.4497070312 0.4360351562 0.0156250000 0.0361328125
1 0.4692382812 0.4360351562 0.0146484375 0.0371093750
0 0.4895019531 0.4357910156 0.0141601562 0.0385742188
1 0.5092773438 0.4362792969 0.0146484375 0.0356445312
1 0.5305175781 0.4365234375 0.0151367188 0.0371093750
1 0.5505371094 0.4362792969 0.0151367188 0.0366210938
1 0.4553222656 0.4921875000 0.0454101562 0.0175781250
0 0.4638671875 0.5092773438 0.0371093750 0.0156250000
0 0.3530273438 0.5109863281 0.0371093750 0.0151367188
0 0.4094238281 0.5375976562 0.0366210938 0.0156250000
0 0.3486328125 0.5959472656 0.0136718750 0.0375976562
1 0.4091796875 0.5559082031 0.0361328125 0.0151367188
1 0.4677734375 0.5278320312 0.0351562500 0.0166015625
0 0.3479003906 0.6459960938 0.0141601562 0.0380859375
2 0.5595703125 0.5446777344 0.1142578125 0.1157226562
0 0.5800781250 0.6198730469 0.0361328125 0.0161132812
1 0.6335449219 0.5773925781 0.0170898438 0.0493164062
1 0.5434570312 0.4716796875 0.0458984375 0.0175781250
1 0.5905761719 0.4462890625 0.0473632812 0.0175781250
1 0.5910644531 0.4704589844 0.0356445312 0.0151367188
1 0.6328125000 0.5209960938 0.0146484375 0.0361328125
0 0.7683105469 0.4755859375 0.0161132812 0.0507812500
1 0.7192382812 0.5190429688 0.0615234375 0.0312500000
0 0.7385253906 0.5974121094 0.0493164062 0.0161132812
0 0.7209472656 0.6611328125 0.0493164062 0.0156250000
3 0.8813476562 0.8493652344 0.2373046875 0.1567382812
0 0.7006835938 0.7561035156 0.0371093750 0.0161132812
3 0.8359375000 0.7150878906 0.3281250000 0.0883789062
