0 0.1279296875 0.0185546875 0.0742187500 0.0312500000
0 0.0278320312 0.0751953125 0.0556640625 0.0312500000
1 0.0273437500 0.1118164062 0.0546875000 0.0302734375
1 0.1357421875 0.0556640625 0.0703125000 0.0332031250
2 0.3193359375 0.1025390625 0.2285156250 0.2050781250
0 0.3603515625 0.2397460938 0.0722656250 0.0322265625
1 0.4672851562 0.1547851562 0.0341796875 0.0986328125
1 0.4658203125 0.0419921875 0.0292968750 0.0722656250
1 0.6386718750 0.0380859375 0.1230468750 0.0625000000
0 0.6772460938 0.1948242188 0.0986328125 0.0322265625
0 0.6420898438 0.3222656250 0.0986328125 0.0312500000
0 0.6015625000 0.5122070312 0.0742187500 0.0322265625
