2 0.1030273438 0.2734375000 0.2060546875 0.2519531250
3 0.4990234375 0.1625976562 0.2089843750 0.2080078125
2 0.2973632812 0.3251953125 0.1279296875 0.2070312500
1 0.1914062500 0.1015625000 0.1660156250 0.0644531250
0 0.1938476562 0.0317382812 0.0322265625 0.0634765625
0 0.2382812500 0.0322265625 0.0332031250 0.0644531250
3 0.5004882812 0.5000000000 0.2060546875 0.2070312500
1 0.0800781250 0.9379882812 0.0292968750 0.0732421875
1 0.1376953125 0.9379882812 0.0292968750 0.0732421875
1 0.2436523438 0.9760742188 0.0732421875 0.0322265625
1 0.0600585938 0.4594726562 0.1201171875 0.0849609375
