1 0.0908203125 0.0219726562 0.0722656250 0.0302734375
1 0.0922851562 0.0888671875 0.0732421875 0.0332031250
0 0.0424804688 0.2758789062 0.0283203125 0.0751953125
0 0.0864257812 0.2749023438 0.0283203125 0.0751953125
1 0.1552734375 0.2841796875 0.0332031250 0.0957031250
2 0.3750000000 0.1123046875 0.4062500000 0.2246093750
1 0.6474609375 0.0097656250 0.0742187500 0.0195312500
1 0.6474609375 0.0419921875 0.0722656250 0.0351562500
1 0.6474609375 0.1450195312 0.0937500000 0.0380859375
1 0.6367187500 0.1894531250 0.0703125000 0.0292968750
1 0.8349609375 0.0297851562 0.0937500000 0.0361328125
0 0.8457031250 0.0742187500 0.0742187500 0.0292968750
0 0.8471679688 0.1196289062 0.0712890625 0.0302734375
0 0.9331054688 0.0131835938 0.0400390625 0.0263671875
0 0.2348632812 0.2851562500 0.0322265625 0.0761718750
1 0.2802734375 0.2832031250 0.0312500000 0.0722656250
1 0.3193359375 0.2832031250 0.0292968750 0.0742187500
0 0.3598632812 0.2827148438 0.0283203125 0.0771484375
1 0.3994140625 0.2836914062 0.0292968750 0.0712890625
1 0.4418945312 0.2841796875 0.0302734375 0.0742187500
1 0.4819335938 0.2836914062 0.0302734375 0.0732421875
1 0.2915039062 0.3955078125 0.0908203125 0.0351562500
0 0.3085937500 0.4296875000 0.0742187500 0.0312500000
0 0.0869140625 0.4331054688 0.0742187500 0.0302734375
0 0.1997070312 0.4863281250 0.0732421875 0.0312500000
0 0.0781250000 0.6030273438 0.0273437500 0.0751953125
1 0.1992187500 0.5229492188 0.0722656250 0.0302734375
1 0.3164062500 0.4667968750 0.0703125000 0.0332031250
0 0.0766601562 0.7031250000 0.0283203125 0.0761718750
2 0.5000000000 0.5004882812 0.2285156250 0.2314453125
0 0.5410156250 0.6508789062 0.0722656250 0.0322265625
1 0.6479492188 0.5659179688 0.0341796875 0.0986328125
1 0.4677734375 0.3544921875 0.0917968750 0.0351562500
1 0.5620117188 0.3037109375 0.0947265625 0.0351562500
1 0.5629882812 0.3520507812 0.0712890625 0.0302734375
1 0.6464843750 0.4531250000 0.0292968750 0.0722656250
0 0.9174804688 0.3623046875 0.0322265625 0.1015625000
1 0.8193359375 0.4492187500 0.1230468750 0.0625000000
0 0.8579101562 0.6059570312 0.0986328125 0.0322265625
0 0.8227539062 0.7333984375 0.0986328125 0.0312500000
0 0.7822265625 0.9233398438 0.0742187500 0.0322265625
