1 0.2661132812 0.2172851562 0.1455078125 0.0712890625
3 0.2314453125 0.5024414062 0.0800781250 0.4853515625
3 0.5000000000 0.5004882812 0.0800781250 0.4853515625
1 0.7910156250 0.0483398438 0.1718750000 0.0634765625
3 0.7915039062 0.2324218750 0.2744140625 0.0546875000
0 0.6596679688 0.3750000000 0.0283203125 0.0742187500
0 0.6997070312 0.3750000000 0.0283203125 0.0742187500
2 0.7529296875 0.3720703125 0.0546875000 0.0703125000
1 0.9370117188 0.0898437500 0.0693359375 0.1445312500
1 0.9477539062 0.3041992188 0.0361328125 0.1083984375
1 0.9892578125 0.3095703125 0.0214843750 0.0703125000
0 0.2568359375 0.8037109375 0.0332031250 0.1035156250
1 0.4248046875 0.9130859375 0.0371093750 0.1093750000
0 0.4672851562 0.9233398438 0.0283203125 0.0751953125
1 0.5439453125 0.9194335938 0.0332031250 0.0732421875
1 0.6044921875 0.9179687500 0.0292968750 0.0742187500
1 0.6538085938 0.9184570312 0.0302734375 0.0751953125
1 0.7187500000 0.9125976562 0.0292968750 0.0732421875
1 0.8310546875 0.8901367188 0.0351562500 0.1064453125
1 0.9125976562 0.9599609375 0.0361328125 0.0800781250
1 0.9511718750 0.9711914062 0.0312500000 0.0576171875
