1 0.0761718750 0.2551269531 0.0859375000 0.0317382812
3 0.0764160156 0.3471679688 0.1372070312 0.0273437500
0 0.0104980469 0.4184570312 0.0141601562 0.0371093750
0 0.0305175781 0.4184570312 0.0141601562 0.0371093750
2 0.0571289062 0.4169921875 0.0273437500 0.0351562500
1 0.1491699219 0.2758789062 0.0346679688 0.0722656250
1 0.1879882812 0.2407226562 0.0156250000 0.0361328125
1 0.1545410156 0.3830566406 0.0180664062 0.0541992188
1 0.1772460938 0.3857421875 0.0146484375 0.0351562500
0 0.2050781250 0.1735839844 0.0146484375 0.0375976562
0 0.2268066406 0.1691894531 0.0131835938 0.0278320312
0 0.2597656250 0.1689453125 0.0156250000 0.0292968750
0 0.3774414062 0.1743164062 0.0146484375 0.0371093750
0 0.3979492188 0.1738281250 0.0126953125 0.0371093750
1 0.3666992188 0.2348632812 0.0146484375 0.0361328125
2 0.4863281250 0.3041992188 0.1748046875 0.1259765625
1 0.3740234375 0.3076171875 0.0244140625 0.0595703125
2 0.2534179688 0.3015136719 0.1611328125 0.1274414062
1 0.2888183594 0.2155761719 0.0844726562 0.0288085938
1 0.2519531250 0.3967285156 0.1035156250 0.0405273438
1 0.4428710938 0.2221679688 0.0869140625 0.0341796875
3 0.7202148438 0.2487792969 0.1044921875 0.1040039062
2 0.6193847656 0.3300781250 0.0639648438 0.1035156250
1 0.5664062500 0.2182617188 0.0830078125 0.0322265625
0 0.5676269531 0.1743164062 0.0161132812 0.0498046875
0 0.5898437500 0.1743164062 0.0166015625 0.0507812500
3 0.7209472656 0.4174804688 0.1030273438 0.1035156250
0 0.3405761719 0.5649414062 0.0375976562 0.0166015625
0 0.3400878906 0.5820312500 0.0375976562 0.0166015625
0 0.3400878906 0.6040039062 0.0375976562 0.0166015625
0 0.4299316406 0.6037597656 0.0366210938 0.0151367188
0 0.4204101562 0.6401367188 0.0146484375 0.0380859375
0 0.4411621094 0.6425781250 0.0151367188 0.0380859375
1 0.3854980469 0.6293945312 0.0190429688 0.0546875000
1 0.3549804688 0.6728515625 0.0468750000 0.0175781250
1 0.3149414062 0.6977539062 0.0175781250 0.0546875000
1 0.4694824219 0.6362304688 0.0161132812 0.0371093750
1 0.5107421875 0.6364746094 0.0146484375 0.0366210938
1 0.5395507812 0.6364746094 0.0146484375 0.0366210938
1 0.5925292969 0.6555175781 0.0366210938 0.0161132812
1 0.6286621094 0.6687011719 0.0180664062 0.0522460938
1 0.4738769531 0.3972167969 0.1137695312 0.0424804688
3 0.8862304688 0.7685546875 0.2275390625 0.4628906250
1 0.0075683594 0.6901855469 0.0151367188 0.0375976562
1 0.0400390625 0.6872558594 0.0146484375 0.0366210938
1 0.0961914062 0.6760253906 0.0175781250 0.0532226562
1 0.1369628906 0.7182617188 0.0180664062 0.0546875000
1 0.1562500000 0.7207031250 0.0156250000 0.0371093750
1 0.1396484375 0.8156738281 0.0351562500 0.0161132812
1 0.1394042969 0.8332519531 0.0366210938 0.0161132812
1 0.1418457031 0.8728027344 0.0483398438 0.0180664062
1 0.2939453125 0.7207031250 0.0156250000 0.0371093750
1 0.3547363281 0.6943359375 0.0356445312 0.0156250000
1 0.3549804688 0.7741699219 0.0361328125 0.0151367188
1 0.3557128906 0.8076171875 0.0366210938 0.0166015625
0 0.3308105469 0.9011230469 0.0141601562 0.0375976562
0 0.3527832031 0.9006347656 0.0141601562 0.0375976562
1 0.3872070312 0.9052734375 0.0166015625 0.0478515625
2 0.4970703125 0.7719726562 0.2031250000 0.2070312500
1 0.6333007812 0.7646484375 0.0371093750 0.0166015625
1 0.6333007812 0.7841796875 0.0361328125 0.0175781250
1 0.6333007812 0.8356933594 0.0468750000 0.0190429688
1 0.6279296875 0.8579101562 0.0351562500 0.0146484375
0 0.7324218750 0.7116699219 0.0371093750 0.0151367188
0 0.7319335938 0.7333984375 0.0361328125 0.0156250000
1 0.7321777344 0.7561035156 0.0366210938 0.0151367188
1 0.7270507812 0.7780761719 0.0468750000 0.0180664062
0 0.7324218750 0.8002929688 0.0371093750 0.0146484375
0 0.7331542969 0.8229980469 0.0356445312 0.0151367188
0 0.7761230469 0.7692871094 0.0200195312 0.0141601562
1 0.0063476562 0.9599609375 0.0126953125 0.0361328125
1 0.0363769531 0.9689941406 0.0151367188 0.0366210938
0 0.0622558594 0.9604492188 0.0141601562 0.0371093750
1 0.0957031250 0.9680175781 0.0195312500 0.0541992188
1 0.1401367188 0.9138183594 0.0361328125 0.0161132812
0 0.4270019531 0.9057617188 0.0161132812 0.0380859375
1 0.4497070312 0.9047851562 0.0156250000 0.0361328125
1 0.4692382812 0.9047851562 0.0146484375 0.0371093750
0 0.4895019531 0.9045410156 0.0141601562 0.0385742188
1 0.5092773438 0.9050292969 0.0146484375 0.0356445312
1 0.5305175781 0.9052734375 0.0151367188 0.0371093750
1 0.5505371094 0.9050292969 0.0151367188 0.0366210938
1 0.4553222656 0.9609375000 0.0454101562 0.0175781250
0 0.4638671875 0.9780273438 0.0371093750 0.0156250000
0 0.3530273438 0.9797363281 0.0371093750 0.0151367188
1 0.4677734375 0.9941406250 0.0351562500 0.0117187500
1 0.5434570312 0.9404296875 0.0458984375 0.0175781250
1 0.5905761719 0.9150390625 0.0473632812 0.0175781250
1 0.5910644531 0.9392089844 0.0356445312 0.0151367188
1 0.6328125000 0.9858398438 0.0146484375 0.0283203125
0 0.7683105469 0.9443359375 0.0161132812 0.0507812500
1 0.7192382812 0.9860839844 0.0615234375 0.0278320312
2 0.2883300781 0.1726074219 0.0278320312 0.0239257812
