3 0.2089843750 0.7626953125 0.0800781250 0.4746093750
1 0.5000000000 0.3159179688 0.1718750000 0.0634765625
3 0.5004882812 0.5000000000 0.2744140625 0.0546875000
0 0.3686523438 0.6425781250 0.0283203125 0.0742187500
0 0.4086914062 0.6425781250 0.0283203125 0.0742187500
2 0.4619140625 0.6396484375 0.0546875000 0.0703125000
1 0.6459960938 0.3574218750 0.0693359375 0.1445312500
1 0.7236328125 0.2871093750 0.0312500000 0.0722656250
1 0.6567382812 0.5717773438 0.0361328125 0.1083984375
1 0.7021484375 0.5771484375 0.0292968750 0.0703125000
0 0.7578125000 0.1528320312 0.0292968750 0.0751953125
0 0.8012695312 0.1440429688 0.0263671875 0.0556640625
0 0.8671875000 0.1435546875 0.0312500000 0.0585937500
2 0.8466796875 0.4086914062 0.3066406250 0.2548828125
1 0.9204101562 0.2368164062 0.1591796875 0.0576171875
1 0.8515625000 0.5991210938 0.2070312500 0.0810546875
2 0.9243164062 0.1508789062 0.0556640625 0.0478515625
