1 0.0810546875 0.5102539062 0.1621093750 0.0634765625
3 0.1069335938 0.6943359375 0.2138671875 0.0546875000
2 0.0380859375 0.8339843750 0.0546875000 0.0703125000
1 0.2221679688 0.5517578125 0.0693359375 0.1445312500
1 0.2998046875 0.4814453125 0.0312500000 0.0722656250
1 0.2329101562 0.7661132812 0.0361328125 0.1083984375
1 0.2783203125 0.7714843750 0.0292968750 0.0703125000
0 0.3339843750 0.3471679688 0.0292968750 0.0751953125
0 0.3774414062 0.3383789062 0.0263671875 0.0556640625
0 0.4433593750 0.3378906250 0.0312500000 0.0585937500
0 0.6787109375 0.3486328125 0.0292968750 0.0742187500
0 0.7197265625 0.3476562500 0.0253906250 0.0742187500
1 0.6572265625 0.4697265625 0.0292968750 0.0722656250
2 0.8608398438 0.6083984375 0.2783203125 0.2519531250
1 0.6718750000 0.6152343750 0.0488281250 0.1191406250
2 0.4306640625 0.6030273438 0.3222656250 0.2548828125
1 0.5014648438 0.4311523438 0.1689453125 0.0576171875
1 0.4277343750 0.7934570312 0.2070312500 0.0810546875
1 0.8095703125 0.4443359375 0.1738281250 0.0683593750
1 0.8715820312 0.7944335938 0.2275390625 0.0849609375
2 0.5004882812 0.3452148438 0.0556640625 0.0478515625
