3 0.5208333333 0.5004734848 0.7310606061 0.9005681818
0 0.0776515152 0.3887310606 0.0719696970 0.0293560606
0 0.0767045455 0.4308712121 0.0700757576 0.0303030303
1 0.0771780303 0.4749053030 0.0710227273 0.0293560606
1 0.0672348485 0.5175189394 0.0909090909 0.0350378788
0 0.0776515152 0.5606060606 0.0719696970 0.0284090909
0 0.0790719697 0.6046401515 0.0691287879 0.0293560606
0 0.1624053030 0.5004734848 0.0388257576 0.0274621212
0 0.1472537879 0.8399621212 0.0312500000 0.0984848485
1 0.0558712121 0.9242424242 0.1117424242 0.0606060606
