0 0.0166015625 0.1884765625 0.0292968750 0.0742187500
0 0.0576171875 0.1875000000 0.0253906250 0.0742187500
2 0.2343750000 0.4482421875 0.3496093750 0.2519531250
1 0.0170898438 0.4550781250 0.0341796875 0.1191406250
1 0.1474609375 0.2841796875 0.1738281250 0.0683593750
3 0.7021484375 0.3374023438 0.2089843750 0.2080078125
2 0.5004882812 0.5000000000 0.1279296875 0.2070312500
1 0.3945312500 0.2763671875 0.1660156250 0.0644531250
0 0.3969726562 0.1884765625 0.0322265625 0.0996093750
0 0.4414062500 0.1884765625 0.0332031250 0.1015625000
3 0.7036132812 0.6748046875 0.2060546875 0.2070312500
1 0.2094726562 0.6342773438 0.2275390625 0.0849609375
