3 0.0766601562 0.6821289062 0.1025390625 0.6357421875
3 0.3925781250 0.2036132812 0.0800781250 0.4072265625
3 0.6611328125 0.2026367188 0.0800781250 0.4052734375
0 0.8208007812 0.0371093750 0.0283203125 0.0742187500
0 0.8608398438 0.0371093750 0.0283203125 0.0742187500
2 0.9140625000 0.0346679688 0.0546875000 0.0693359375
0 0.4179687500 0.4658203125 0.0332031250 0.1035156250
1 0.5859375000 0.5751953125 0.0371093750 0.1093750000
1 0.5019531250 0.6850585938 0.0722656250 0.0322265625
0 0.5034179688 0.7246093750 0.0712890625 0.0312500000
1 0.5024414062 0.8173828125 0.0693359375 0.0312500000
1 0.5014648438 0.8691406250 0.0712890625 0.0273437500
0 0.6284179688 0.5854492188 0.0283203125 0.0751953125
1 0.7050781250 0.5815429688 0.0332031250 0.0732421875
1 0.7656250000 0.5800781250 0.0292968750 0.0742187500
1 0.8149414062 0.5805664062 0.0302734375 0.0751953125
1 0.8798828125 0.5747070312 0.0292968750 0.0732421875
1 0.9873046875 0.5522460938 0.0253906250 0.1064453125
2 0.7944335938 0.8247070312 0.4111328125 0.3505859375
1 0.5024414062 0.9257812500 0.0966796875 0.0351562500
