0 0.1870117188 0.0859375000 0.0751953125 0.0332031250
0 0.1860351562 0.1201171875 0.0751953125 0.0332031250
0 0.1860351562 0.1640625000 0.0751953125 0.0332031250
0 0.3657226562 0.1635742188 0.0732421875 0.0302734375
0 0.3466796875 0.2363281250 0.0292968750 0.0761718750
0 0.3881835938 0.2412109375 0.0302734375 0.0761718750
1 0.2768554688 0.2148437500 0.0380859375 0.1093750000
1 0.2158203125 0.3017578125 0.0937500000 0.0351562500
1 0.1357421875 0.3515625000 0.0351562500 0.1093750000
1 0.4448242188 0.2285156250 0.0322265625 0.0742187500
1 0.5273437500 0.2290039062 0.0292968750 0.0732421875
1 0.5849609375 0.2290039062 0.0292968750 0.0732421875
1 0.6909179688 0.2670898438 0.0732421875 0.0322265625
1 0.7631835938 0.2934570312 0.0361328125 0.1044921875
1 0.0937500000 0.3974609375 0.0312500000 0.0742187500
1 0.2153320312 0.3447265625 0.0712890625 0.0312500000
1 0.2158203125 0.5043945312 0.0722656250 0.0302734375
1 0.2172851562 0.5712890625 0.0732421875 0.0332031250
0 0.1674804688 0.7583007812 0.0283203125 0.0751953125
0 0.2114257812 0.7573242188 0.0283203125 0.0751953125
1 0.2802734375 0.7666015625 0.0332031250 0.0957031250
2 0.5000000000 0.5000000000 0.4062500000 0.4140625000
1 0.7724609375 0.4853515625 0.0742187500 0.0332031250
1 0.7724609375 0.5244140625 0.0722656250 0.0351562500
1 0.7724609375 0.6274414062 0.0937500000 0.0380859375
1 0.7617187500 0.6718750000 0.0703125000 0.0292968750
0 0.9667968750 0.3793945312 0.0664062500 0.0302734375
0 0.9667968750 0.4228515625 0.0664062500 0.0312500000
1 0.9667968750 0.4682617188 0.0664062500 0.0302734375
1 0.9565429688 0.5122070312 0.0869140625 0.0361328125
0 0.9667968750 0.5566406250 0.0664062500 0.0292968750
0 0.9682617188 0.6020507812 0.0634765625 0.0302734375
0 0.3598632812 0.7675781250 0.0322265625 0.0761718750
1 0.4052734375 0.7656250000 0.0312500000 0.0722656250
1 0.4443359375 0.7656250000 0.0292968750 0.0742187500
0 0.4848632812 0.7651367188 0.0283203125 0.0771484375
1 0.5244140625 0.7661132812 0.0292968750 0.0712890625
1 0.5668945312 0.7666015625 0.0302734375 0.0742187500
1 0.6069335938 0.7661132812 0.0302734375 0.0732421875
1 0.4165039062 0.8779296875 0.0908203125 0.0351562500
0 0.4335937500 0.9121093750 0.0742187500 0.0312500000
0 0.2119140625 0.9155273438 0.0742187500 0.0302734375
0 0.3247070312 0.9687500000 0.0732421875 0.0312500000
1 0.4414062500 0.9492187500 0.0703125000 0.0332031250
2 0.6250000000 0.9335937500 0.2285156250 0.1328125000
1 0.5927734375 0.8369140625 0.0917968750 0.0351562500
1 0.6870117188 0.7861328125 0.0947265625 0.0351562500
1 0.6879882812 0.8344726562 0.0712890625 0.0302734375
1 0.7714843750 0.9355468750 0.0292968750 0.0722656250
1 0.9414062500 0.9316406250 0.1171875000 0.0625000000
