1 0.0324835526 0.2882401316 0.0287828947 0.0830592105
1 0.0312500000 0.1932565789 0.0246710526 0.0608552632
0 0.2594572368 0.1167763158 0.0271381579 0.0855263158
1 0.1768092105 0.1899671053 0.1036184211 0.0526315789
0 0.2092927632 0.3219572368 0.0830592105 0.0271381579
0 0.1796875000 0.4292763158 0.0830592105 0.0263157895
0 0.7187500000 0.3787006579 0.0608552632 0.0254934211
0 0.7179276316 0.4157072368 0.0608552632 0.0254934211
3 0.5448190789 0.7462993421 0.5896381579 0.2639802632
0 0.1455592105 0.5892269737 0.0625000000 0.0271381579
3 0.5481085526 0.5201480263 0.9021381579 0.1488486842
