0 0.0209960938 0.0371093750 0.0283203125 0.0742187500
0 0.0610351562 0.0371093750 0.0283203125 0.0742187500
2 0.1142578125 0.0346679688 0.0546875000 0.0693359375
0 0.6811523438 0.3300781250 0.0751953125 0.0332031250
0 0.6801757812 0.3642578125 0.0751953125 0.0332031250
0 0.6801757812 0.4082031250 0.0751953125 0.0332031250
0 0.8598632812 0.4077148438 0.0732421875 0.0302734375
0 0.8408203125 0.4804687500 0.0292968750 0.0761718750
0 0.8823242188 0.4853515625 0.0302734375 0.0761718750
1 0.7709960938 0.4589843750 0.0380859375 0.1093750000
1 0.7099609375 0.5458984375 0.0937500000 0.0351562500
1 0.6298828125 0.5957031250 0.0351562500 0.1093750000
1 0.9389648438 0.4726562500 0.0322265625 0.0742187500
1 0.0151367188 0.5805664062 0.0302734375 0.0751953125
1 0.0800781250 0.5747070312 0.0292968750 0.0732421875
1 0.1923828125 0.5522460938 0.0351562500 0.1064453125
1 0.2739257812 0.6367187500 0.0361328125 0.1093750000
1 0.3125000000 0.6416015625 0.0312500000 0.0742187500
1 0.2792968750 0.8315429688 0.0703125000 0.0322265625
1 0.2788085938 0.8666992188 0.0732421875 0.0322265625
1 0.2836914062 0.9458007812 0.0966796875 0.0361328125
1 0.5878906250 0.6416015625 0.0312500000 0.0742187500
1 0.7094726562 0.5888671875 0.0712890625 0.0312500000
1 0.7099609375 0.7485351562 0.0722656250 0.0302734375
1 0.7114257812 0.8154296875 0.0732421875 0.0332031250
2 0.8955078125 0.7441406250 0.2089843750 0.4140625000
