1 0.0429687500 0.3452148438 0.0859375000 0.0712890625
3 0.2470703125 0.6284179688 0.0800781250 0.4853515625
1 0.5380859375 0.1762695312 0.1718750000 0.0634765625
3 0.5385742188 0.3603515625 0.2744140625 0.0546875000
0 0.4067382812 0.5029296875 0.0283203125 0.0742187500
0 0.4467773438 0.5029296875 0.0283203125 0.0742187500
2 0.5000000000 0.5000000000 0.0546875000 0.0703125000
1 0.6840820312 0.2177734375 0.0693359375 0.1445312500
1 0.7617187500 0.1474609375 0.0312500000 0.0722656250
1 0.6948242188 0.4321289062 0.0361328125 0.1083984375
1 0.7402343750 0.4375000000 0.0292968750 0.0703125000
0 0.7958984375 0.0253906250 0.0292968750 0.0507812500
0 0.8393554688 0.0161132812 0.0263671875 0.0322265625
0 0.9052734375 0.0166015625 0.0312500000 0.0332031250
2 0.8657226562 0.2690429688 0.2685546875 0.2548828125
1 0.9394531250 0.0971679688 0.1210937500 0.0576171875
1 0.8896484375 0.4594726562 0.2070312500 0.0810546875
0 0.0102539062 0.9316406250 0.0205078125 0.1035156250
2 0.9624023438 0.0175781250 0.0556640625 0.0351562500
