3 0.5600585938 0.2749023438 0.1201171875 0.1552734375
3 0.5590820312 0.4174804688 0.1240234375 0.1376953125
3 0.5561523438 0.5561523438 0.1279296875 0.1396484375
3 0.8344726562 0.3027343750 0.1279296875 0.2246093750
3 0.8320312500 0.5112304688 0.1289062500 0.1806640625
0 0.3774414062 0.2402343750 0.0595703125 0.0332031250
0 0.3774414062 0.2929687500 0.0576171875 0.0351562500
0 0.3735351562 0.4384765625 0.0595703125 0.0312500000
0 0.3715820312 0.4951171875 0.0576171875 0.0332031250
0 0.3701171875 0.6459960938 0.0566406250 0.0322265625
0 0.3681640625 0.7006835938 0.0566406250 0.0322265625
0 0.3647460938 0.8564453125 0.0576171875 0.0332031250
0 0.3642578125 0.9111328125 0.0585937500 0.0351562500
1 0.6245117188 0.9672851562 0.0341796875 0.0595703125
0 0.6962890625 0.9584960938 0.0527343750 0.0341796875
0 0.6967773438 0.9887695312 0.0556640625 0.0224609375
3 0.9057617188 0.8911132812 0.1318359375 0.2177734375
