3 0.5004882812 0.2749023438 0.1201171875 0.1552734375
3 0.4995117188 0.4174804688 0.1240234375 0.1376953125
3 0.4965820312 0.5561523438 0.1279296875 0.1396484375
3 0.7749023438 0.3027343750 0.1279296875 0.2246093750
3 0.7724609375 0.5112304688 0.1289062500 0.1806640625
0 0.3178710938 0.2402343750 0.0595703125 0.0332031250
0 0.3178710938 0.2929687500 0.0576171875 0.0351562500
0 0.3139648438 0.4384765625 0.0595703125 0.0312500000
0 0.3120117188 0.4951171875 0.0576171875 0.0332031250
0 0.3105468750 0.6459960938 0.0566406250 0.0322265625
0 0.3085937500 0.7006835938 0.0566406250 0.0322265625
0 0.3051757812 0.8564453125 0.0576171875 0.0332031250
0 0.3046875000 0.9111328125 0.0585937500 0.0351562500
1 0.5649414062 0.9672851562 0.0341796875 0.0595703125
0 0.6367187500 0.9584960938 0.0527343750 0.0341796875
0 0.6372070312 0.9887695312 0.0556640625 0.0224609375
3 0.8461914062 0.8911132812 0.1318359375 0.2177734375
