3 0.1757812500 0.2509765625 0.2050781250 0.2031250000
3 0.1674804688 0.5000000000 0.2080078125 0.2050781250
3 0.2290039062 0.8115234375 0.4267578125 0.3144531250
0 0.3647460938 0.0351562500 0.0576171875 0.0332031250
0 0.3642578125 0.0898437500 0.0585937500 0.0351562500
0 0.5205078125 0.1914062500 0.0566406250 0.0351562500
1 0.3027343750 0.3461914062 0.0332031250 0.0576171875
1 0.3579101562 0.3144531250 0.0322265625 0.0585937500
1 0.3925781250 0.3393554688 0.0332031250 0.0693359375
1 0.4516601562 0.4614257812 0.0361328125 0.0576171875
1 0.5156250000 0.4531250000 0.0566406250 0.0332031250
1 0.6245117188 0.1459960938 0.0341796875 0.0595703125
1 0.6586914062 0.3676757812 0.0341796875 0.0556640625
1 0.6987304688 0.3676757812 0.0400390625 0.0634765625
3 0.6484375000 0.8271484375 0.1210937500 0.1425781250
1 0.6381835938 0.6835937500 0.2080078125 0.1621093750
1 0.6464843750 0.5058593750 0.2070312500 0.1933593750
1 0.6962890625 0.2792968750 0.0605468750 0.1054687500
0 0.6250000000 0.2626953125 0.0351562500 0.0566406250
0 0.6962890625 0.1372070312 0.0527343750 0.0341796875
0 0.6967773438 0.1738281250 0.0556640625 0.0351562500
0 0.6967773438 0.2089843750 0.0556640625 0.0332031250
2 0.5971679688 0.2089843750 0.0771484375 0.0429687500
2 0.5053710938 0.3369140625 0.1884765625 0.1640625000
0 0.8432617188 0.8339843750 0.0302734375 0.0566406250
0 0.8330078125 0.7885742188 0.0566406250 0.0322265625
0 0.8051757812 0.7363281250 0.0380859375 0.0566406250
1 0.8081054688 0.6674804688 0.0302734375 0.0576171875
0 0.8432617188 0.6660156250 0.0341796875 0.0566406250
2 0.8911132812 0.7373046875 0.0947265625 0.0625000000
1 0.9233398438 0.8061523438 0.0380859375 0.0576171875
1 0.9360351562 0.6728515625 0.0302734375 0.0566406250
2 0.7592773438 0.3388671875 0.0673828125 0.0800781250
1 0.8144531250 0.3461914062 0.0332031250 0.0556640625
1 0.8515625000 0.3466796875 0.0312500000 0.0585937500
3 0.9057617188 0.1372070312 0.1318359375 0.2744140625
