0 0.0737304688 0.7807617188 0.0615234375 0.1435546875
1 0.0527343750 0.6196289062 0.1054687500 0.0595703125
1 0.2734375000 0.6743164062 0.0625000000 0.1240234375
1 0.4580078125 0.8759765625 0.0312500000 0.0566406250
1 0.4990234375 0.8837890625 0.0371093750 0.0683593750
3 0.5156250000 0.0937500000 0.4023437500 0.1015625000
3 0.5097656250 0.2211914062 0.3964843750 0.1044921875
3 0.5058593750 0.3686523438 0.4003906250 0.0986328125
3 0.5004882812 0.5004882812 0.3974609375 0.0966796875
3 0.5512695312 0.7827148438 0.0498046875 0.1298828125
