0 0.1298828125 0.1396484375 0.0566406250 0.0351562500
1 0.0092773438 0.2875976562 0.0185546875 0.0693359375
1 0.0610351562 0.4096679688 0.0361328125 0.0576171875
1 0.1250000000 0.4013671875 0.0566406250 0.0332031250
1 0.2338867188 0.0942382812 0.0341796875 0.0595703125
1 0.2680664062 0.3159179688 0.0341796875 0.0556640625
1 0.3081054688 0.3159179688 0.0400390625 0.0634765625
3 0.2578125000 0.7753906250 0.1210937500 0.1425781250
1 0.2475585938 0.6318359375 0.2080078125 0.1621093750
1 0.2558593750 0.4541015625 0.2070312500 0.1933593750
1 0.3056640625 0.2275390625 0.0605468750 0.1054687500
0 0.2343750000 0.2109375000 0.0351562500 0.0566406250
0 0.3056640625 0.0854492188 0.0527343750 0.0341796875
0 0.3061523438 0.1220703125 0.0556640625 0.0351562500
0 0.3061523438 0.1572265625 0.0556640625 0.0332031250
2 0.2065429688 0.1572265625 0.0771484375 0.0429687500
2 0.1147460938 0.2851562500 0.1884765625 0.1640625000
0 0.4526367188 0.7822265625 0.0302734375 0.0566406250
0 0.4423828125 0.7368164062 0.0566406250 0.0322265625
0 0.4145507812 0.6845703125 0.0380859375 0.0566406250
1 0.4174804688 0.6157226562 0.0302734375 0.0576171875
0 0.4526367188 0.6142578125 0.0341796875 0.0566406250
2 0.5004882812 0.6855468750 0.0947265625 0.0625000000
1 0.5327148438 0.7543945312 0.0380859375 0.0576171875
1 0.5454101562 0.6210937500 0.0302734375 0.0566406250
0 0.6401367188 0.6665039062 0.0615234375 0.1435546875
1 0.6118164062 0.5053710938 0.1201171875 0.0595703125
1 0.8398437500 0.5600585938 0.0625000000 0.1240234375
2 0.3686523438 0.2871093750 0.0673828125 0.0800781250
1 0.4238281250 0.2944335938 0.0332031250 0.0556640625
1 0.4609375000 0.2949218750 0.0312500000 0.0585937500
3 0.5151367188 0.1113281250 0.1318359375 0.2226562500
