0 0.0153808594 0.0623044838 0.0307617188 0.0578727842
3 0.0639648438 0.0529197080 0.0654296875 0.0683003128
2 0.1022949219 0.1248696559 0.0190429688 0.0224191867
1 0.1337890625 0.1149635036 0.0244140625 0.0099061522
3 0.2727050781 0.1282586027 0.2182617188 0.0375391032
3 0.8764648438 0.1045359750 0.2470703125 0.2028154327
3 0.8757324219 0.3480187696 0.2485351562 0.2090719499
3 0.8774414062 0.6055787278 0.2451171875 0.2101147028
3 0.8769531250 0.8688738269 0.2460937500 0.2153284672
3 0.1821289062 0.8428050052 0.0654296875 0.0766423358
3 0.5812988281 0.5813347237 0.0727539062 0.2252346194
2 0.2878417969 0.5805526590 0.4995117188 0.4489051095
