3 0.2280273438 0.2641601562 0.1201171875 0.1552734375
3 0.2270507812 0.4067382812 0.1240234375 0.1376953125
3 0.2241210938 0.5454101562 0.1279296875 0.1396484375
3 0.5024414062 0.2919921875 0.1279296875 0.2246093750
3 0.5000000000 0.5004882812 0.1289062500 0.1806640625
0 0.0454101562 0.2294921875 0.0595703125 0.0332031250
0 0.0454101562 0.2822265625 0.0576171875 0.0351562500
0 0.0415039062 0.4277343750 0.0595703125 0.0312500000
0 0.0395507812 0.4843750000 0.0576171875 0.0332031250
0 0.0380859375 0.6352539062 0.0566406250 0.0322265625
0 0.0361328125 0.6899414062 0.0566406250 0.0322265625
0 0.0327148438 0.8457031250 0.0576171875 0.0332031250
0 0.0322265625 0.9003906250 0.0585937500 0.0351562500
1 0.2924804688 0.9565429688 0.0341796875 0.0595703125
0 0.3642578125 0.9477539062 0.0527343750 0.0341796875
0 0.3647460938 0.9833984375 0.0556640625 0.0332031250
3 0.5737304688 0.8857421875 0.1318359375 0.2285156250
0 0.8935546875 0.4448242188 0.0351562500 0.0576171875
0 0.9365234375 0.4472656250 0.0332031250 0.0566406250
