3 0.5014648438 0.2749023438 0.1201171875 0.1552734375
3 0.5004882812 0.4174804688 0.1240234375 0.1376953125
3 0.4975585938 0.5561523438 0.1279296875 0.1396484375
3 0.7758789062 0.3027343750 0.1279296875 0.2246093750
3 0.7734375000 0.5112304688 0.1289062500 0.1806640625
0 0.3188476562 0.2402343750 0.0595703125 0.0332031250
0 0.3188476562 0.2929687500 0.0576171875 0.0351562500
0 0.3149414062 0.4384765625 0.0595703125 0.0312500000
0 0.3129882812 0.4951171875 0.0576171875 0.0332031250
0 0.3115234375 0.6459960938 0.0566406250 0.0322265625
0 0.3095703125 0.7006835938 0.0566406250 0.0322265625
0 0.3061523438 0.8564453125 0.0576171875 0.0332031250
0 0.3056640625 0.9111328125 0.0585937500 0.0351562500
1 0.5659179688 0.9672851562 0.0341796875 0.0595703125
0 0.6376953125 0.9584960938 0.0527343750 0.0341796875
0 0.6381835938 0.9887695312 0.0556640625 0.0224609375
3 0.8471679688 0.8911132812 0.1318359375 0.2177734375
