3 0.1708984375 0.4140625000 0.2050781250 0.2031250000
3 0.1625976562 0.6630859375 0.2080078125 0.2050781250
3 0.2241210938 0.9086914062 0.4267578125 0.1826171875
0 0.3632812500 0.0424804688 0.0566406250 0.0322265625
0 0.3598632812 0.1982421875 0.0576171875 0.0332031250
0 0.3593750000 0.2529296875 0.0585937500 0.0351562500
0 0.5156250000 0.3544921875 0.0566406250 0.0351562500
1 0.2978515625 0.5092773438 0.0332031250 0.0576171875
1 0.3530273438 0.4775390625 0.0322265625 0.0585937500
1 0.3876953125 0.5024414062 0.0332031250 0.0693359375
1 0.4467773438 0.6245117188 0.0361328125 0.0576171875
1 0.5107421875 0.6162109375 0.0566406250 0.0332031250
1 0.6196289062 0.3090820312 0.0341796875 0.0595703125
1 0.6538085938 0.5307617188 0.0341796875 0.0556640625
1 0.6938476562 0.5307617188 0.0400390625 0.0634765625
3 0.6435546875 0.9594726562 0.1210937500 0.0810546875
1 0.6333007812 0.8466796875 0.2080078125 0.1621093750
1 0.6416015625 0.6689453125 0.2070312500 0.1933593750
1 0.6914062500 0.4423828125 0.0605468750 0.1054687500
0 0.6201171875 0.4257812500 0.0351562500 0.0566406250
0 0.6914062500 0.3002929688 0.0527343750 0.0341796875
0 0.6918945312 0.3369140625 0.0556640625 0.0351562500
0 0.6918945312 0.3720703125 0.0556640625 0.0332031250
2 0.5922851562 0.3720703125 0.0771484375 0.0429687500
2 0.5004882812 0.5000000000 0.1884765625 0.1640625000
0 0.8383789062 0.9843750000 0.0302734375 0.0312500000
0 0.8281250000 0.9516601562 0.0566406250 0.0322265625
0 0.8002929688 0.8994140625 0.0380859375 0.0566406250
1 0.8032226562 0.8305664062 0.0302734375 0.0576171875
0 0.8383789062 0.8291015625 0.0341796875 0.0566406250
2 0.8862304688 0.9003906250 0.0947265625 0.0625000000
1 0.9184570312 0.9692382812 0.0380859375 0.0576171875
1 0.9311523438 0.8359375000 0.0302734375 0.0566406250
1 0.9687500000 0.7202148438 0.0625000000 0.0595703125
2 0.7543945312 0.5019531250 0.0673828125 0.0800781250
1 0.8095703125 0.5092773438 0.0332031250 0.0556640625
1 0.8466796875 0.5097656250 0.0312500000 0.0585937500
3 0.9008789062 0.2807617188 0.1318359375 0.3134765625
