3 0.5043945312 0.2192382812 0.1201171875 0.1552734375
3 0.5034179688 0.3618164062 0.1240234375 0.1376953125
3 0.5004882812 0.5004882812 0.1279296875 0.1396484375
3 0.7788085938 0.2470703125 0.1279296875 0.2246093750
3 0.7763671875 0.4555664062 0.1289062500 0.1806640625
0 0.3217773438 0.1845703125 0.0595703125 0.0332031250
0 0.3217773438 0.2373046875 0.0576171875 0.0351562500
0 0.3178710938 0.3828125000 0.0595703125 0.0312500000
0 0.3159179688 0.4394531250 0.0576171875 0.0332031250
0 0.3144531250 0.5903320312 0.0566406250 0.0322265625
0 0.3125000000 0.6450195312 0.0566406250 0.0322265625
0 0.3090820312 0.8007812500 0.0576171875 0.0332031250
0 0.3085937500 0.8554687500 0.0585937500 0.0351562500
0 0.4648437500 0.9570312500 0.0566406250 0.0351562500
1 0.5688476562 0.9116210938 0.0341796875 0.0595703125
0 0.6406250000 0.9028320312 0.0527343750 0.0341796875
0 0.6411132812 0.9394531250 0.0556640625 0.0351562500
0 0.6411132812 0.9746093750 0.0556640625 0.0332031250
2 0.5415039062 0.9746093750 0.0771484375 0.0429687500
3 0.8500976562 0.8632812500 0.1318359375 0.2734375000
