3 0.4594726562 0.0478515625 0.1279296875 0.0957031250
3 0.0908203125 0.5419921875 0.1816406250 0.2031250000
3 0.0874023438 0.7910156250 0.1748046875 0.2050781250
0 0.2734375000 0.1157226562 0.0566406250 0.0322265625
0 0.2714843750 0.1704101562 0.0566406250 0.0322265625
0 0.2680664062 0.3261718750 0.0576171875 0.0332031250
0 0.2675781250 0.3808593750 0.0585937500 0.0351562500
0 0.4238281250 0.4824218750 0.0566406250 0.0351562500
1 0.2060546875 0.6372070312 0.0332031250 0.0576171875
1 0.2612304688 0.6054687500 0.0322265625 0.0585937500
1 0.2958984375 0.6303710938 0.0332031250 0.0693359375
1 0.3549804688 0.7524414062 0.0361328125 0.0576171875
1 0.4189453125 0.7441406250 0.0566406250 0.0332031250
1 0.5278320312 0.4370117188 0.0341796875 0.0595703125
1 0.5620117188 0.6586914062 0.0341796875 0.0556640625
1 0.6020507812 0.6586914062 0.0400390625 0.0634765625
1 0.5415039062 0.9467773438 0.2080078125 0.1064453125
1 0.5498046875 0.7968750000 0.2070312500 0.1933593750
1 0.5996093750 0.5703125000 0.0605468750 0.1054687500
0 0.5283203125 0.5537109375 0.0351562500 0.0566406250
0 0.5996093750 0.4282226562 0.0527343750 0.0341796875
0 0.6000976562 0.4648437500 0.0556640625 0.0351562500
0 0.6000976562 0.5000000000 0.0556640625 0.0332031250
2 0.5004882812 0.5000000000 0.0771484375 0.0429687500
2 0.4086914062 0.6279296875 0.1884765625 0.1640625000
1 0.7114257812 0.9584960938 0.0302734375 0.0576171875
0 0.7465820312 0.9570312500 0.0341796875 0.0566406250
1 0.8393554688 0.9638671875 0.0302734375 0.0566406250
1 0.9057617188 0.8481445312 0.1201171875 0.0595703125
2 0.6625976562 0.6298828125 0.0673828125 0.0800781250
1 0.7177734375 0.6372070312 0.0332031250 0.0556640625
1 0.7548828125 0.6376953125 0.0312500000 0.0585937500
3 0.8090820312 0.4086914062 0.1318359375 0.3134765625
