3 0.1757812500 0.5000000000 0.2050781250 0.2031250000
3 0.1674804688 0.7490234375 0.2080078125 0.2050781250
0 0.3701171875 0.0737304688 0.0566406250 0.0322265625
0 0.3681640625 0.1284179688 0.0566406250 0.0322265625
0 0.3647460938 0.2841796875 0.0576171875 0.0332031250
0 0.3642578125 0.3388671875 0.0585937500 0.0351562500
0 0.5205078125 0.4404296875 0.0566406250 0.0351562500
1 0.3027343750 0.5952148438 0.0332031250 0.0576171875
1 0.3579101562 0.5634765625 0.0322265625 0.0585937500
1 0.3925781250 0.5883789062 0.0332031250 0.0693359375
1 0.4516601562 0.7104492188 0.0361328125 0.0576171875
1 0.5156250000 0.7021484375 0.0566406250 0.0332031250
1 0.6245117188 0.3950195312 0.0341796875 0.0595703125
1 0.6586914062 0.6166992188 0.0341796875 0.0556640625
1 0.6987304688 0.6166992188 0.0400390625 0.0634765625
1 0.6381835938 0.9257812500 0.2080078125 0.1484375000
1 0.6464843750 0.7548828125 0.2070312500 0.1933593750
1 0.6962890625 0.5283203125 0.0605468750 0.1054687500
0 0.6250000000 0.5117187500 0.0351562500 0.0566406250
0 0.6962890625 0.3862304688 0.0527343750 0.0341796875
0 0.6967773438 0.4228515625 0.0556640625 0.0351562500
0 0.6967773438 0.4580078125 0.0556640625 0.0332031250
2 0.5971679688 0.4580078125 0.0771484375 0.0429687500
2 0.5053710938 0.5859375000 0.1884765625 0.1640625000
0 0.8051757812 0.9785156250 0.0380859375 0.0429687500
1 0.8081054688 0.9165039062 0.0302734375 0.0576171875
0 0.8432617188 0.9150390625 0.0341796875 0.0566406250
2 0.8911132812 0.9775390625 0.0947265625 0.0449218750
1 0.9360351562 0.9218750000 0.0302734375 0.0566406250
2 0.7592773438 0.5878906250 0.0673828125 0.0800781250
1 0.8144531250 0.5952148438 0.0332031250 0.0556640625
1 0.8515625000 0.5957031250 0.0312500000 0.0585937500
3 0.9057617188 0.3666992188 0.1318359375 0.3134765625
