0 0.1093750000 0.0405273438 0.0566406250 0.0322265625
0 0.1059570312 0.1962890625 0.0576171875 0.0332031250
0 0.1054687500 0.2509765625 0.0585937500 0.0351562500
0 0.2617187500 0.3525390625 0.0566406250 0.0351562500
1 0.0439453125 0.5073242188 0.0332031250 0.0576171875
1 0.0991210938 0.4755859375 0.0322265625 0.0585937500
1 0.1337890625 0.5004882812 0.0332031250 0.0693359375
1 0.1928710938 0.6225585938 0.0361328125 0.0576171875
1 0.2568359375 0.6142578125 0.0566406250 0.0332031250
1 0.3657226562 0.3071289062 0.0341796875 0.0595703125
1 0.3999023438 0.5288085938 0.0341796875 0.0556640625
1 0.4399414062 0.5288085938 0.0400390625 0.0634765625
3 0.3896484375 0.9584960938 0.1210937500 0.0830078125
1 0.3793945312 0.8447265625 0.2080078125 0.1621093750
1 0.3876953125 0.6669921875 0.2070312500 0.1933593750
1 0.4375000000 0.4404296875 0.0605468750 0.1054687500
0 0.3662109375 0.4238281250 0.0351562500 0.0566406250
0 0.4375000000 0.2983398438 0.0527343750 0.0341796875
0 0.4379882812 0.3349609375 0.0556640625 0.0351562500
0 0.4379882812 0.3701171875 0.0556640625 0.0332031250
2 0.3383789062 0.3701171875 0.0771484375 0.0429687500
2 0.2465820312 0.4980468750 0.1884765625 0.1640625000
0 0.5844726562 0.9833984375 0.0302734375 0.0332031250
0 0.5742187500 0.9497070312 0.0566406250 0.0322265625
0 0.5463867188 0.8974609375 0.0380859375 0.0566406250
1 0.5493164062 0.8286132812 0.0302734375 0.0576171875
0 0.5844726562 0.8271484375 0.0341796875 0.0566406250
2 0.6323242188 0.8984375000 0.0947265625 0.0625000000
1 0.6645507812 0.9672851562 0.0380859375 0.0576171875
1 0.6772460938 0.8339843750 0.0302734375 0.0566406250
0 0.7719726562 0.8793945312 0.0615234375 0.1435546875
1 0.7436523438 0.7182617188 0.1201171875 0.0595703125
1 0.9702148438 0.7729492188 0.0595703125 0.1240234375
2 0.5004882812 0.5000000000 0.0673828125 0.0800781250
1 0.5556640625 0.5073242188 0.0332031250 0.0556640625
1 0.5927734375 0.5078125000 0.0312500000 0.0585937500
3 0.6469726562 0.2788085938 0.1318359375 0.3134765625
