3 0.1508789062 0.1176757812 0.1279296875 0.1396484375
3 0.4267578125 0.0815429688 0.1289062500 0.1630859375
0 0.1152343750 0.5742187500 0.0566406250 0.0351562500
1 0.0463867188 0.8442382812 0.0361328125 0.0576171875
1 0.1103515625 0.8359375000 0.0566406250 0.0332031250
1 0.2192382812 0.5288085938 0.0341796875 0.0595703125
1 0.2534179688 0.7504882812 0.0341796875 0.0556640625
1 0.2934570312 0.7504882812 0.0400390625 0.0634765625
1 0.2412109375 0.8886718750 0.2070312500 0.1933593750
1 0.2910156250 0.6621093750 0.0605468750 0.1054687500
0 0.2197265625 0.6455078125 0.0351562500 0.0566406250
0 0.2910156250 0.5200195312 0.0527343750 0.0341796875
0 0.2915039062 0.5566406250 0.0556640625 0.0351562500
0 0.2915039062 0.5917968750 0.0556640625 0.0332031250
2 0.1918945312 0.5917968750 0.0771484375 0.0429687500
2 0.1000976562 0.7197265625 0.1884765625 0.1640625000
1 0.5971679688 0.9399414062 0.1201171875 0.0595703125
1 0.8251953125 0.9663085938 0.0625000000 0.0673828125
2 0.3540039062 0.7216796875 0.0673828125 0.0800781250
1 0.4091796875 0.7290039062 0.0332031250 0.0556640625
1 0.4462890625 0.7294921875 0.0312500000 0.0585937500
3 0.5004882812 0.5004882812 0.1318359375 0.3134765625
0 0.8203125000 0.0229492188 0.0351562500 0.0458984375
0 0.8632812500 0.0239257812 0.0332031250 0.0478515625
