0 0.8144531250 0.0623044838 0.0322265625 0.0578727842
3 0.8637695312 0.0529197080 0.0654296875 0.0683003128
2 0.9020996094 0.1248696559 0.0190429688 0.0224191867
1 0.9335937500 0.1149635036 0.0244140625 0.0099061522
3 0.2800292969 0.1467674661 0.0600585938 0.0828988530
3 0.2795410156 0.2228884254 0.0620117188 0.0735140772
3 0.2780761719 0.2969238790 0.0639648438 0.0745568300
3 0.0878906250 0.5724713243 0.1025390625 0.1084462982
3 0.0837402344 0.7054223149 0.1040039062 0.1094890511
3 0.1145019531 0.8717413973 0.2133789062 0.1678832117
3 0.4172363281 0.1616266945 0.0639648438 0.1199165798
3 0.4160156250 0.2729405631 0.0644531250 0.0964546403
0 0.1887207031 0.1282586027 0.0297851562 0.0177267987
0 0.1887207031 0.1564129301 0.0288085938 0.0187695516
0 0.1867675781 0.2340980188 0.0297851562 0.0166840459
0 0.1857910156 0.2643378519 0.0288085938 0.0177267987
0 0.1850585938 0.3448905109 0.0283203125 0.0172054223
0 0.1840820312 0.3740875912 0.0283203125 0.0172054223
0 0.1823730469 0.4572471324 0.0288085938 0.0177267987
0 0.1821289062 0.4864442127 0.0292968750 0.0187695516
0 0.1916503906 0.9804483837 0.0278320312 0.0182481752
0 0.2602539062 0.5406673618 0.0283203125 0.0187695516
1 0.1513671875 0.6233055266 0.0166015625 0.0307612096
1 0.1789550781 0.6063607925 0.0161132812 0.0312825860
1 0.1962890625 0.6196558916 0.0166015625 0.0370177268
1 0.2258300781 0.6848279458 0.0180664062 0.0307612096
1 0.2578125000 0.6803962461 0.0283203125 0.0177267987
1 0.3122558594 0.5164233577 0.0170898438 0.0318039625
1 0.3293457031 0.6347758081 0.0170898438 0.0297184567
1 0.3493652344 0.6347758081 0.0200195312 0.0338894682
3 0.3242187500 0.8800834202 0.0605468750 0.0761209593
1 0.3190917969 0.8034410845 0.1040039062 0.0865484880
1 0.3232421875 0.7085505735 0.1035156250 0.1032325339
1 0.3481445312 0.5875912409 0.0302734375 0.0563086548
0 0.3125000000 0.5787278415 0.0175781250 0.0302398332
0 0.3481445312 0.5117309698 0.0263671875 0.0182481752
0 0.3483886719 0.5312825860 0.0278320312 0.0187695516
0 0.3483886719 0.5500521376 0.0278320312 0.0177267987
2 0.2985839844 0.5500521376 0.0385742188 0.0229405631
2 0.2526855469 0.6183524505 0.0942382812 0.0875912409
0 0.4216308594 0.8837330553 0.0151367188 0.0302398332
0 0.4165039062 0.8594890511 0.0283203125 0.0172054223
0 0.4025878906 0.8315954119 0.0190429688 0.0302398332
1 0.4040527344 0.7948383733 0.0151367188 0.0307612096
0 0.4216308594 0.7940563087 0.0170898438 0.0302398332
2 0.4455566406 0.8321167883 0.0473632812 0.0333680918
1 0.4616699219 0.8688738269 0.0190429688 0.0307612096
1 0.4680175781 0.7977059437 0.0151367188 0.0302398332
0 0.5153808594 0.8219499479 0.0307617188 0.0766423358
1 0.5012207031 0.7359228363 0.0600585938 0.0318039625
1 0.6152343750 0.7651199166 0.0312500000 0.0662148071
2 0.3796386719 0.6193952033 0.0336914062 0.0427528676
1 0.4072265625 0.6233055266 0.0166015625 0.0297184567
1 0.4257812500 0.6235662148 0.0156250000 0.0312825860
3 0.4528808594 0.5013034411 0.0659179688 0.1673618352
0 0.6127929688 0.2432221064 0.0175781250 0.0307612096
0 0.6342773438 0.2445255474 0.0166015625 0.0302398332
1 0.7075195312 0.8727841502 0.0156250000 0.0302398332
1 0.7280273438 0.8769551616 0.0185546875 0.0364963504
3 0.9746093750 0.8428050052 0.0507812500 0.0766423358
3 0.7363281250 0.4551616267 0.2011718750 0.0542231491
3 0.7333984375 0.5232012513 0.1982421875 0.0557872784
3 0.7314453125 0.6019290928 0.2001953125 0.0526590198
3 0.7287597656 0.6723149114 0.1987304688 0.0516162669
3 0.7075195312 0.1201772680 0.1337890625 0.0474452555
3 0.7541503906 0.8229927007 0.0249023438 0.0693430657
