3 0.0649414062 0.1992187500 0.1298828125 0.2031250000
3 0.0615234375 0.4482421875 0.1230468750 0.2050781250
3 0.1469726562 0.7597656250 0.2939453125 0.3144531250
0 0.2158203125 0.0380859375 0.0585937500 0.0351562500
0 0.2348632812 0.9633789062 0.0556640625 0.0341796875
0 0.3720703125 0.1396484375 0.0566406250 0.0351562500
1 0.1542968750 0.2944335938 0.0332031250 0.0576171875
1 0.2094726562 0.2626953125 0.0322265625 0.0585937500
1 0.2441406250 0.2875976562 0.0332031250 0.0693359375
1 0.3032226562 0.4096679688 0.0361328125 0.0576171875
1 0.3671875000 0.4013671875 0.0566406250 0.0332031250
1 0.4760742188 0.0942382812 0.0341796875 0.0595703125
1 0.5102539062 0.3159179688 0.0341796875 0.0556640625
1 0.5502929688 0.3159179688 0.0400390625 0.0634765625
3 0.5000000000 0.7753906250 0.1210937500 0.1425781250
1 0.4897460938 0.6318359375 0.2080078125 0.1621093750
1 0.4980468750 0.4541015625 0.2070312500 0.1933593750
1 0.5478515625 0.2275390625 0.0605468750 0.1054687500
0 0.4765625000 0.2109375000 0.0351562500 0.0566406250
0 0.5478515625 0.0854492188 0.0527343750 0.0341796875
0 0.5483398438 0.1220703125 0.0556640625 0.0351562500
0 0.5483398438 0.1572265625 0.0556640625 0.0332031250
2 0.4487304688 0.1572265625 0.0771484375 0.0429687500
2 0.3569335938 0.2851562500 0.1884765625 0.1640625000
0 0.6948242188 0.7822265625 0.0302734375 0.0566406250
0 0.6845703125 0.7368164062 0.0566406250 0.0322265625
0 0.6567382812 0.6845703125 0.0380859375 0.0566406250
1 0.6596679688 0.6157226562 0.0302734375 0.0576171875
0 0.6948242188 0.6142578125 0.0341796875 0.0566406250
2 0.7426757812 0.6855468750 0.0947265625 0.0625000000
1 0.7749023438 0.7543945312 0.0380859375 0.0576171875
1 0.7875976562 0.6210937500 0.0302734375 0.0566406250
0 0.8823242188 0.6665039062 0.0615234375 0.1435546875
1 0.8540039062 0.5053710938 0.1201171875 0.0595703125
2 0.6108398438 0.2871093750 0.0673828125 0.0800781250
1 0.6660156250 0.2944335938 0.0332031250 0.0556640625
1 0.7031250000 0.2949218750 0.0312500000 0.0585937500
3 0.7573242188 0.1113281250 0.1318359375 0.2226562500
