3 0.0366210938 0.0529197080 0.0654296875 0.0683003128
2 0.0749511719 0.1248696559 0.0190429688 0.0224191867
1 0.1064453125 0.1149635036 0.0244140625 0.0099061522
3 0.2453613281 0.1282586027 0.2182617188 0.0375391032
3 0.8544921875 0.1045359750 0.2578125000 0.2028154327
3 0.8554687500 0.3480187696 0.2626953125 0.2090719499
3 0.8588867188 0.6055787278 0.2626953125 0.2101147028
3 0.8608398438 0.8688738269 0.2685546875 0.2153284672
3 0.1547851562 0.8428050052 0.0654296875 0.0766423358
3 0.5539550781 0.5813347237 0.0727539062 0.2252346194
2 0.2604980469 0.5805526590 0.4995117188 0.4489051095
