1 0.0429687500 0.3701298701 0.0449218750 0.0454545455
1 0.0419921875 0.6014610390 0.0429687500 0.0405844156
0 0.0957031250 0.9131493506 0.0332031250 0.0243506494
0 0.0961914062 0.9439935065 0.0322265625 0.0308441558
3 0.0986328125 0.4001623377 0.0390625000 0.4074675325
3 0.1450195312 0.4943181818 0.0576171875 0.8068181818
1 0.2036132812 0.4261363636 0.0244140625 0.0211038961
1 0.2080078125 0.6753246753 0.0507812500 0.0876623377
1 0.1894531250 0.7264610390 0.0234375000 0.0211038961
2 0.2915039062 0.8855519481 0.1611328125 0.2191558442
1 0.2275390625 0.5016233766 0.0644531250 0.1071428571
1 0.2929687500 0.4983766234 0.0644531250 0.1071428571
2 0.3002929688 0.3189935065 0.1650390625 0.2029220779
2 0.3002929688 0.1063311688 0.1650390625 0.2061688312
1 0.3417968750 0.4423701299 0.0527343750 0.0438311688
1 0.3496093750 0.5430194805 0.0429687500 0.0470779221
1 0.3417968750 0.6436688312 0.0410156250 0.0438311688
1 0.3378906250 0.7654220779 0.0527343750 0.0373376623
1 0.4042968750 0.9042207792 0.0214843750 0.0129870130
1 0.4047851562 0.8433441558 0.0595703125 0.0925324675
1 0.4404296875 0.7962662338 0.0214843750 0.0211038961
1 0.3857421875 0.6103896104 0.0214843750 0.0227272727
1 0.3994140625 0.5673701299 0.0214843750 0.0211038961
1 0.3984375000 0.3806818182 0.0253906250 0.0243506494
2 0.4262695312 0.4756493506 0.0791015625 0.1753246753
1 0.4179687500 0.2889610390 0.0214843750 0.0194805195
0 0.4365234375 0.2183441558 0.0312500000 0.0275974026
1 0.4506835938 0.2865259740 0.0205078125 0.0178571429
2 0.4101562500 0.7029220779 0.0800781250 0.1688311688
1 0.4414062500 0.1095779221 0.0214843750 0.0178571429
1 0.4697265625 0.1103896104 0.0234375000 0.0194805195
1 0.5078125000 0.1631493506 0.0527343750 0.0795454545
1 0.5087890625 0.2711038961 0.0546875000 0.0844155844
1 0.4877929688 0.3814935065 0.0224609375 0.0194805195
2 0.5151367188 0.4748376623 0.0791015625 0.1639610390
1 0.4868164062 0.5657467532 0.0244140625 0.0243506494
1 0.5424804688 0.6120129870 0.0205078125 0.0194805195
2 0.5141601562 0.7029220779 0.0751953125 0.1655844156
2 0.5097656250 0.8725649351 0.0585937500 0.0925324675
1 0.5522460938 0.9025974026 0.0224609375 0.0194805195
1 0.5517578125 0.8433441558 0.0214843750 0.0211038961
1 0.5439453125 0.7970779221 0.0253906250 0.0227272727
1 0.5664062500 0.1347402597 0.0410156250 0.0422077922
2 0.5898437500 0.0900974026 0.0292968750 0.0373376623
1 0.6367187500 0.0576298701 0.0410156250 0.0405844156
1 0.6054687500 0.1574675325 0.0234375000 0.0227272727
1 0.6049804688 0.2370129870 0.0244140625 0.0227272727
1 0.6049804688 0.3125000000 0.0244140625 0.0275974026
2 0.5625000000 0.3595779221 0.0273437500 0.0373376623
1 0.5947265625 0.3904220779 0.0273437500 0.0211038961
1 0.5664062500 0.3896103896 0.0234375000 0.0227272727
1 0.5927734375 0.9375000000 0.0390625000 0.0438311688
2 0.6015625000 0.8750000000 0.0273437500 0.0519480519
1 0.5893554688 0.8287337662 0.0224609375 0.0178571429
1 0.6127929688 0.7905844156 0.0224609375 0.0194805195
1 0.6132812500 0.7126623377 0.0234375000 0.0194805195
1 0.6132812500 0.5665584416 0.0234375000 0.0194805195
1 0.6127929688 0.6355519481 0.0224609375 0.0211038961
2 0.6445312500 0.8043831169 0.0312500000 0.0438311688
2 0.6450195312 0.7272727273 0.0341796875 0.0487012987
2 0.6435546875 0.6485389610 0.0332031250 0.0438311688
2 0.6440429688 0.5819805195 0.0322265625 0.0470779221
1 0.6542968750 0.5275974026 0.0410156250 0.0454545455
1 0.7055664062 0.5300324675 0.0419921875 0.0470779221
1 0.6357421875 0.4277597403 0.0410156250 0.0438311688
1 0.6875000000 0.4253246753 0.0390625000 0.0519480519
2 0.6489257812 0.3595779221 0.0595703125 0.0795454545
2 0.6494140625 0.2824675325 0.0625000000 0.0779220779
2 0.6489257812 0.2053571429 0.0634765625 0.0762987013
2 0.6489257812 0.1274350649 0.0615234375 0.0730519481
1 0.6879882812 0.0560064935 0.0419921875 0.0438311688
1 0.7055664062 0.1030844156 0.0205078125 0.0211038961
1 0.7060546875 0.1282467532 0.0214843750 0.0162337662
1 0.7075195312 0.1639610390 0.0205078125 0.0162337662
1 0.7065429688 0.1834415584 0.0224609375 0.0194805195
1 0.7060546875 0.2037337662 0.0195312500 0.0211038961
1 0.7060546875 0.2426948052 0.0234375000 0.0178571429
1 0.7060546875 0.2654220779 0.0253906250 0.0211038961
1 0.7070312500 0.2881493506 0.0214843750 0.0146103896
1 0.7060546875 0.3206168831 0.0234375000 0.0211038961
1 0.7065429688 0.3449675325 0.0224609375 0.0178571429
1 0.7055664062 0.3652597403 0.0244140625 0.0194805195
1 0.7055664062 0.3904220779 0.0244140625 0.0211038961
1 0.6777343750 0.5714285714 0.0234375000 0.0194805195
1 0.6782226562 0.5933441558 0.0224609375 0.0243506494
1 0.6777343750 0.6404220779 0.0214843750 0.0211038961
1 0.6782226562 0.6631493506 0.0224609375 0.0178571429
1 0.6777343750 0.7175324675 0.0253906250 0.0227272727
1 0.6787109375 0.7402597403 0.0214843750 0.0194805195
1 0.6772460938 0.7954545455 0.0244140625 0.0227272727
1 0.6772460938 0.8189935065 0.0244140625 0.0211038961
1 0.6557617188 0.9155844156 0.0537109375 0.0876623377
1 0.7192382812 0.9139610390 0.0400390625 0.0422077922
1 0.7895507812 0.1582792208 0.0126953125 0.0405844156
1 0.7895507812 0.2272727273 0.0126953125 0.0389610390
1 0.7895507812 0.3116883117 0.0107421875 0.0422077922
1 0.7890625000 0.3887987013 0.0117187500 0.0373376623
0 0.8173828125 0.0657467532 0.0312500000 0.0275974026
0 0.8164062500 0.1501623377 0.0312500000 0.0308441558
0 0.8178710938 0.2191558442 0.0322265625 0.0259740260
0 0.8168945312 0.2978896104 0.0302734375 0.0275974026
0 0.8168945312 0.3814935065 0.0302734375 0.0259740260
0 0.7460937500 0.5665584416 0.0312500000 0.0259740260
0 0.7470703125 0.5990259740 0.0292968750 0.0227272727
0 0.7470703125 0.6590909091 0.0312500000 0.0259740260
0 0.7470703125 0.6883116883 0.0292968750 0.0259740260
0 0.7465820312 0.7215909091 0.0302734375 0.0243506494
0 0.7465820312 0.7524350649 0.0302734375 0.0275974026
0 0.7460937500 0.8125000000 0.0312500000 0.0275974026
0 0.7465820312 0.8433441558 0.0302734375 0.0243506494
0 0.8105468750 0.9342532468 0.0292968750 0.0275974026
1 0.8110351562 0.8985389610 0.0400390625 0.0438311688
1 0.8115234375 0.8498376623 0.0234375000 0.0211038961
2 0.7929687500 0.7881493506 0.0468750000 0.1022727273
2 0.7915039062 0.6331168831 0.0478515625 0.0974025974
1 0.8066406250 0.6956168831 0.0214843750 0.0211038961
1 0.8452148438 0.5519480519 0.0400390625 0.0422077922
0 0.8398437500 0.6128246753 0.0312500000 0.0275974026
0 0.8393554688 0.6428571429 0.0283203125 0.0259740260
0 0.8388671875 0.6745129870 0.0292968750 0.0243506494
0 0.8393554688 0.7045454545 0.0283203125 0.0259740260
0 0.8388671875 0.7353896104 0.0292968750 0.0259740260
0 0.8398437500 0.7654220779 0.0292968750 0.0275974026
0 0.8383789062 0.7962662338 0.0322265625 0.0275974026
0 0.8383789062 0.8271103896 0.0302734375 0.0308441558
3 0.9384765625 0.2467532468 0.1054687500 0.4123376623
3 0.9379882812 0.7500000000 0.0986328125 0.4285714286
