1 0.2797851562 0.0322265625 0.0888671875 0.0400390625
0 0.4790039062 0.2124023438 0.0917968750 0.0439453125
0 0.4775390625 0.2658691406 0.0888671875 0.0454101562
1 0.5178222656 0.3920898438 0.0532226562 0.1103515625
1 0.4023437500 0.5947265625 0.0517578125 0.1113281250
0 0.8110351562 0.0786132812 0.0400390625 0.0898437500
1 0.8610839844 0.0800781250 0.0424804688 0.0927734375
1 0.9396972656 0.7648925781 0.0415039062 0.0903320312
1 0.9831542969 0.7648925781 0.0336914062 0.0903320312
2 0.7878417969 0.4233398438 0.4243164062 0.4863281250
