2 0.1633300781 0.1723632812 0.1127929688 0.0839843750
0 0.2629394531 0.1760253906 0.0473632812 0.0893554688
3 0.4829101562 0.1372070312 0.2880859375 0.2568359375
1 0.6691894531 0.2375488281 0.0454101562 0.0922851562
3 0.7709960938 0.3522949219 0.0625000000 0.3833007812
1 0.7597656250 0.6193847656 0.0371093750 0.0874023438
2 0.4543457031 0.5144042969 0.2377929688 0.2416992188
0 0.2370605469 0.2597656250 0.0903320312 0.0439453125
0 0.2370605469 0.3029785156 0.0874023438 0.0454101562
0 0.0983886719 0.2995605469 0.0903320312 0.0463867188
0 0.0249023438 0.2988281250 0.0498046875 0.0400390625
2 0.2341308594 0.4270019531 0.1362304688 0.1821289062
0 0.1791992188 0.6049804688 0.0400390625 0.0898437500
1 0.2292480469 0.6064453125 0.0424804688 0.0927734375
2 0.6826171875 0.9169921875 0.1376953125 0.1660156250
2 0.2116699219 0.8532714844 0.4233398438 0.2934570312
