1 0.7597656250 0.0930175781 0.0371093750 0.0874023438
0 0.1791992188 0.0786132812 0.0400390625 0.0898437500
1 0.2292480469 0.0800781250 0.0424804688 0.0927734375
1 0.3078613281 0.7648925781 0.0415039062 0.0903320312
1 0.3564453125 0.7648925781 0.0439453125 0.0903320312
1 0.4033203125 0.7668457031 0.0400390625 0.0913085938
1 0.4726562500 0.7241210938 0.0517578125 0.1113281250
1 0.5334472656 0.7233886719 0.0493164062 0.1098632812
1 0.5869140625 0.7272949219 0.0429687500 0.0942382812
2 0.6516113281 0.7563476562 0.0717773438 0.0625000000
1 0.7648925781 0.7788085938 0.1088867188 0.0546875000
1 0.7617187500 0.7214355469 0.0888671875 0.0424804688
2 0.6826171875 0.4221191406 0.1376953125 0.2290039062
2 0.2116699219 0.4233398438 0.4233398438 0.4863281250
