1 0.5681152344 0.1767578125 0.0551757812 0.1093750000
2 0.7951660156 0.1723632812 0.1127929688 0.0839843750
0 0.8947753906 0.1760253906 0.0473632812 0.0893554688
0 0.8688964844 0.2597656250 0.0903320312 0.0439453125
0 0.8688964844 0.3029785156 0.0874023438 0.0454101562
0 0.7302246094 0.2995605469 0.0903320312 0.0463867188
0 0.6352539062 0.2988281250 0.0927734375 0.0400390625
2 0.8659667969 0.4270019531 0.1362304688 0.1821289062
2 0.5554199219 0.5178222656 0.3129882812 0.2036132812
1 0.2797851562 0.5585937500 0.0888671875 0.0400390625
0 0.4790039062 0.7387695312 0.0917968750 0.0439453125
0 0.4775390625 0.7922363281 0.0888671875 0.0454101562
1 0.5178222656 0.9184570312 0.0532226562 0.1103515625
0 0.8110351562 0.6049804688 0.0400390625 0.0898437500
1 0.8610839844 0.6064453125 0.0424804688 0.0927734375
2 0.7878417969 0.8532714844 0.4243164062 0.2934570312
3 0.4562988281 0.1906738281 0.0708007812 0.0854492188
