1 0.1967773438 0.0214843750 0.0341796875 0.0429687500
3 0.1162109375 0.3305664062 0.2324218750 0.5576171875
0 0.3647460938 0.2963867188 0.0322265625 0.0576171875
0 0.3632812500 0.3730468750 0.0351562500 0.0527343750
1 0.3740234375 0.1577148438 0.2207031250 0.2177734375
1 0.5898437500 0.1640625000 0.2128906250 0.2070312500
1 0.8037109375 0.1630859375 0.2011718750 0.2070312500
1 0.8017578125 0.3759765625 0.2011718750 0.1972656250
1 0.7988281250 0.5859375000 0.2031250000 0.2070312500
1 0.7963867188 0.8041992188 0.2080078125 0.1923828125
0 0.4042968750 0.2988281250 0.0351562500 0.0566406250
0 0.4428710938 0.2973632812 0.0341796875 0.0556640625
0 0.4804687500 0.2968750000 0.0351562500 0.0527343750
0 0.4038085938 0.3745117188 0.0322265625 0.0576171875
0 0.6142578125 0.3515625000 0.0761718750 0.0429687500
1 0.5312500000 0.3505859375 0.0761718750 0.0390625000
1 0.5219726562 0.3925781250 0.0537109375 0.0351562500
0 0.4418945312 0.3745117188 0.0341796875 0.0595703125
1 0.3647460938 0.4345703125 0.0341796875 0.0546875000
1 0.4033203125 0.4267578125 0.0273437500 0.0410156250
1 0.7011718750 0.3129882812 0.0312500000 0.0556640625
1 0.6064453125 0.4140625000 0.0332031250 0.0566406250
1 0.6796875000 0.5097656250 0.0722656250 0.0371093750
1 0.6801757812 0.4672851562 0.0732421875 0.0380859375
1 0.6088867188 0.4619140625 0.0361328125 0.0234375000
1 0.6079101562 0.4975585938 0.0419921875 0.0283203125
1 0.6079101562 0.5322265625 0.0380859375 0.0292968750
1 0.6069335938 0.5766601562 0.0341796875 0.0537109375
1 0.6059570312 0.6406250000 0.0322265625 0.0546875000
1 0.6552734375 0.6562500000 0.0566406250 0.0839843750
2 0.5000000000 0.5000000000 0.1523437500 0.1855468750
1 0.3715820312 0.5039062500 0.0244140625 0.0351562500
1 0.3715820312 0.5737304688 0.0224609375 0.0380859375
0 0.3393554688 0.5078125000 0.0302734375 0.0507812500
0 0.3388671875 0.5659179688 0.0312500000 0.0517578125
0 0.3012695312 0.5683593750 0.0322265625 0.0546875000
0 0.2998046875 0.5078125000 0.0312500000 0.0585937500
1 0.4013671875 0.5947265625 0.0195312500 0.0390625000
2 0.4584960938 0.7524414062 0.1416015625 0.1240234375
0 0.3623046875 0.6455078125 0.0312500000 0.0605468750
0 0.4003906250 0.6445312500 0.0351562500 0.0566406250
0 0.4394531250 0.6440429688 0.0332031250 0.0556640625
0 0.4780273438 0.6435546875 0.0341796875 0.0546875000
0 0.3374023438 0.7089843750 0.0556640625 0.0332031250
0 0.3369140625 0.7675781250 0.0507812500 0.0312500000
0 0.3374023438 0.8247070312 0.0537109375 0.0283203125
0 0.3354492188 0.8828125000 0.0517578125 0.0332031250
0 0.3359375000 0.9428710938 0.0527343750 0.0322265625
1 0.4033203125 0.8520507812 0.0351562500 0.0556640625
1 0.5429687500 0.8701171875 0.0527343750 0.0371093750
1 0.6181640625 0.8818359375 0.0839843750 0.0546875000
1 0.4687500000 0.8530273438 0.0820312500 0.0576171875
1 0.5932617188 0.8046875000 0.0322265625 0.0527343750
1 0.5932617188 0.7426757812 0.0341796875 0.0576171875
1 0.5556640625 0.7431640625 0.0332031250 0.0546875000
1 0.5556640625 0.8046875000 0.0332031250 0.0527343750
0 0.6660156250 0.8144531250 0.0722656250 0.0410156250
0 0.6650390625 0.7475585938 0.0683593750 0.0400390625
1 0.4135742188 0.9111328125 0.0537109375 0.0332031250
1 0.4741210938 0.9101562500 0.0556640625 0.0371093750
1 0.5717773438 0.9809570312 0.0380859375 0.0380859375
1 0.7949218750 0.9521484375 0.0410156250 0.0273437500
1 0.9077148438 0.5327148438 0.0146484375 0.0380859375
1 0.8784179688 0.6870117188 0.0302734375 0.0166015625
1 0.8784179688 0.7177734375 0.0341796875 0.0195312500
1 0.8798828125 0.2612304688 0.0351562500 0.0205078125
1 0.8803710938 0.2915039062 0.0380859375 0.0224609375
1 0.9096679688 0.1074218750 0.0166015625 0.0371093750
0 0.9077148438 0.2265625000 0.0166015625 0.0371093750
