1 0.1049804688 0.0749511719 0.0732421875 0.0317382812
1 0.1042480469 0.1066894531 0.0737304688 0.0297851562
1 0.2080078125 0.1530761719 0.0722656250 0.0317382812
1 0.2236328125 0.1811523438 0.0263671875 0.0175781250
1 0.2241210938 0.2011718750 0.0273437500 0.0175781250
1 0.2258300781 0.2209472656 0.0200195312 0.0102539062
1 0.2070312500 0.2460937500 0.0732421875 0.0312500000
1 0.2072753906 0.2871093750 0.0717773438 0.0302734375
1 0.2241210938 0.3144531250 0.0263671875 0.0166015625
1 0.2238769531 0.3347167969 0.0258789062 0.0161132812
1 0.2260742188 0.3544921875 0.0185546875 0.0107421875
1 0.2060546875 0.3801269531 0.0712890625 0.0297851562
1 0.2065429688 0.4233398438 0.0732421875 0.0302734375
2 0.1633300781 0.1992187500 0.0903320312 0.0566406250
0 0.2583007812 0.1811523438 0.0273437500 0.0175781250
0 0.2580566406 0.2009277344 0.0268554688 0.0170898438
0 0.2580566406 0.2209472656 0.0258789062 0.0161132812
1 0.2971191406 0.2255859375 0.0161132812 0.0253906250
1 0.3242187500 0.2260742188 0.0156250000 0.0273437500
1 0.3493652344 0.2258300781 0.0161132812 0.0258789062
1 0.3759765625 0.2263183594 0.0166015625 0.0258789062
1 0.5646972656 0.1086425781 0.0737304688 0.0327148438
1 0.4682617188 0.1552734375 0.0712890625 0.0322265625
0 0.4169921875 0.1821289062 0.0253906250 0.0166015625
0 0.4167480469 0.2023925781 0.0268554688 0.0170898438
0 0.4162597656 0.2216796875 0.0258789062 0.0166015625
2 0.5134277344 0.2028808594 0.0942382812 0.0571289062
1 0.4699707031 0.2482910156 0.0678710938 0.0278320312
1 0.4501953125 0.2021484375 0.0253906250 0.0166015625
1 0.4509277344 0.2216796875 0.0258789062 0.0156250000
1 0.4484863281 0.1816406250 0.0200195312 0.0126953125
0 0.7836914062 0.4492187500 0.0273437500 0.0146484375
0 0.8024902344 0.6416015625 0.0288085938 0.0185546875
3 0.7922363281 0.6174316406 0.0717773438 0.0258789062
3 0.3361816406 0.1303710938 0.2260742188 0.1611328125
1 0.4685058594 0.2895507812 0.0717773438 0.0292968750
1 0.5668945312 0.4294433594 0.0664062500 0.0317382812
1 0.4672851562 0.3825683594 0.0732421875 0.0336914062
2 0.5119628906 0.3352050781 0.0952148438 0.0581054688
1 0.4499511719 0.3554687500 0.0268554688 0.0166015625
1 0.4506835938 0.3356933594 0.0263671875 0.0170898438
1 0.4487304688 0.3149414062 0.0205078125 0.0126953125
3 0.7944335938 0.4294433594 0.0693359375 0.0336914062
3 0.7927246094 0.4814453125 0.0493164062 0.0185546875
2 0.1625976562 0.3330078125 0.0917968750 0.0585937500
2 0.1623535156 0.4694824219 0.0903320312 0.0571289062
1 0.2238769531 0.4501953125 0.0278320312 0.0166015625
1 0.2229003906 0.4711914062 0.0268554688 0.0185546875
1 0.2250976562 0.4904785156 0.0205078125 0.0141601562
1 0.2758789062 0.5505371094 0.0175781250 0.0288085938
1 0.2065429688 0.5168457031 0.0722656250 0.0297851562
1 0.2065429688 0.5573730469 0.0732421875 0.0288085938
1 0.2233886719 0.5849609375 0.0268554688 0.0175781250
1 0.2236328125 0.6049804688 0.0283203125 0.0175781250
1 0.2255859375 0.6247558594 0.0205078125 0.0112304688
2 0.1621093750 0.6040039062 0.0917968750 0.0566406250
1 0.2062988281 0.6511230469 0.0717773438 0.0336914062
1 0.2648925781 0.6525878906 0.0415039062 0.0307617188
1 0.1660156250 0.6989746094 0.0097656250 0.0180664062
1 0.2773437500 0.6989746094 0.0126953125 0.0180664062
1 0.2773437500 0.7604980469 0.0117187500 0.0190429688
1 0.1660156250 0.7482910156 0.0126953125 0.0209960938
2 0.2219238281 0.7304687500 0.0893554688 0.1132812500
3 0.3603515625 0.6311035156 0.1181640625 0.3657226562
1 0.1042480469 0.6962890625 0.0727539062 0.0322265625
1 0.1037597656 0.7275390625 0.0737304688 0.0312500000
2 0.4667968750 0.5283203125 0.0664062500 0.1005859375
2 0.4665527344 0.6330566406 0.0659179688 0.1000976562
1 0.4409179688 0.4641113281 0.0175781250 0.0278320312
0 0.5722656250 0.4780273438 0.0175781250 0.0263671875
0 0.5954589844 0.4790039062 0.0180664062 0.0263671875
0 0.6145019531 0.4785156250 0.0190429688 0.0283203125
0 0.5739746094 0.5253906250 0.0161132812 0.0273437500
0 0.5739746094 0.5705566406 0.0151367188 0.0239257812
0 0.5737304688 0.6057128906 0.0166015625 0.0249023438
0 0.5939941406 0.6059570312 0.0161132812 0.0253906250
1 0.5141601562 0.4782714844 0.0185546875 0.0278320312
1 0.5151367188 0.5354003906 0.0156250000 0.0258789062
1 0.5139160156 0.5861816406 0.0170898438 0.0268554688
1 0.5144042969 0.6484375000 0.0170898438 0.0263671875
0 0.5302734375 0.6999511719 0.0263671875 0.0170898438
0 0.5292968750 0.7202148438 0.0263671875 0.0166015625
0 0.8212890625 0.7983398438 0.0195312500 0.0273437500
0 0.7990722656 0.7973632812 0.0180664062 0.0263671875
0 0.7768554688 0.7978515625 0.0175781250 0.0263671875
1 0.7561035156 0.7980957031 0.0180664062 0.0268554688
1 0.7514648438 0.7641601562 0.0214843750 0.0117187500
0 0.7077636719 0.7888183594 0.0161132812 0.0258789062
1 0.7036132812 0.8142089844 0.0263671875 0.0161132812
0 0.6882324219 0.7890625000 0.0170898438 0.0263671875
1 0.6538085938 0.8093261719 0.0195312500 0.0141601562
1 0.6618652344 0.7932128906 0.0288085938 0.0180664062
1 0.6237792969 0.7329101562 0.0170898438 0.0263671875
1 0.6079101562 0.7348632812 0.0126953125 0.0205078125
1 0.6557617188 0.7341308594 0.0410156250 0.0307617188
1 0.8010253906 0.8547363281 0.0639648438 0.0415039062
2 0.5815429688 0.8071289062 0.1181640625 0.1220703125
0 0.5065917969 0.7829589844 0.0268554688 0.0170898438
1 0.5100097656 0.8051757812 0.0200195312 0.0126953125
1 0.5061035156 0.8215332031 0.0258789062 0.0190429688
2 0.3579101562 0.8505859375 0.1005859375 0.0683593750
1 0.3549804688 0.9035644531 0.0166015625 0.0288085938
1 0.2944335938 0.9050292969 0.0419921875 0.0297851562
2 0.2714843750 0.8239746094 0.0273437500 0.0278320312
1 0.2709960938 0.8425292969 0.0195312500 0.0112304688
3 0.7419433594 0.9321289062 0.2211914062 0.1357421875
1 0.4487304688 0.9821777344 0.0283203125 0.0180664062
0 0.5278320312 0.8779296875 0.0175781250 0.0263671875
0 0.5275878906 0.9062500000 0.0161132812 0.0273437500
0 0.6201171875 0.8974609375 0.0078125000 0.0146484375
1 0.5654296875 0.8842773438 0.0107421875 0.0214843750
1 0.6054687500 0.8774414062 0.0273437500 0.0166015625
0 0.6076660156 0.8972167969 0.0063476562 0.0131835938
1 0.5891113281 0.9047851562 0.0102539062 0.0205078125
1 0.5888671875 0.9328613281 0.0117187500 0.0200195312
1 0.6130371094 0.9128417969 0.0180664062 0.0112304688
1 0.6147460938 0.9257812500 0.0136718750 0.0078125000
1 0.6198730469 0.9626464844 0.0131835938 0.0190429688
0 0.6081542969 0.9406738281 0.0083007812 0.0151367188
0 0.6201171875 0.9409179688 0.0078125000 0.0156250000
1 0.6020507812 0.9780273438 0.0195312500 0.0361328125
1 0.5319824219 0.9411621094 0.0258789062 0.0180664062
0 0.5319824219 0.9609375000 0.0258789062 0.0175781250
