1 0.6279296875 0.0058593750 0.0371093750 0.0117187500
1 0.5878906250 0.0522460938 0.1425781250 0.0595703125
1 0.5888671875 0.1386718750 0.1464843750 0.0605468750
2 0.5004882812 0.2309570312 0.1806640625 0.1142578125
1 0.6235351562 0.1923828125 0.0556640625 0.0332031250
1 0.6215820312 0.2343750000 0.0537109375 0.0371093750
1 0.6259765625 0.2729492188 0.0410156250 0.0283203125
1 0.7275390625 0.3930664062 0.0351562500 0.0576171875
1 0.5888671875 0.3256835938 0.1445312500 0.0595703125
1 0.5888671875 0.4067382812 0.1464843750 0.0576171875
1 0.6225585938 0.4619140625 0.0537109375 0.0351562500
1 0.6230468750 0.5019531250 0.0566406250 0.0351562500
1 0.6269531250 0.5415039062 0.0410156250 0.0224609375
2 0.5000000000 0.5000000000 0.1835937500 0.1132812500
1 0.5883789062 0.5942382812 0.1435546875 0.0673828125
1 0.7055664062 0.5971679688 0.0830078125 0.0615234375
1 0.5078125000 0.6899414062 0.0195312500 0.0361328125
1 0.7304687500 0.6899414062 0.0253906250 0.0361328125
1 0.7304687500 0.8129882812 0.0234375000 0.0380859375
1 0.5078125000 0.7885742188 0.0253906250 0.0419921875
2 0.6196289062 0.7529296875 0.1787109375 0.2265625000
3 0.8891601562 0.5541992188 0.2216796875 0.7314453125
1 0.3842773438 0.6845703125 0.1455078125 0.0644531250
1 0.3833007812 0.7470703125 0.1474609375 0.0625000000
2 0.8916015625 0.9624023438 0.2011718750 0.0751953125
2 0.7187500000 0.9399414062 0.0546875000 0.0556640625
1 0.7177734375 0.9770507812 0.0390625000 0.0224609375
