0 0.7177734375 0.0288085938 0.0527343750 0.0322265625
2 0.8471679688 0.1064453125 0.1552734375 0.1835937500
1 0.9536132812 0.0756835938 0.0380859375 0.0556640625
0 0.3310546875 0.9326171875 0.0546875000 0.0332031250
3 0.4223632812 0.8603515625 0.0537109375 0.0468750000
0 0.4765625000 0.8549804688 0.0390625000 0.0595703125
1 0.4790039062 0.7402343750 0.0341796875 0.0566406250
3 0.3085937500 0.6318359375 0.2773437500 0.2753906250
0 0.5854492188 0.7656250000 0.0615234375 0.0351562500
0 0.6518554688 0.7128906250 0.0361328125 0.0527343750
0 0.6523437500 0.6562500000 0.0312500000 0.0527343750
1 0.5903320312 0.6059570312 0.0400390625 0.0263671875
0 0.5722656250 0.5556640625 0.0371093750 0.0546875000
1 0.4799804688 0.5551757812 0.0341796875 0.0537109375
1 0.7524414062 0.7558593750 0.0556640625 0.0351562500
1 0.7426757812 0.6728515625 0.0771484375 0.0429687500
1 0.7011718750 0.6376953125 0.0371093750 0.0234375000
0 0.7182617188 0.0869140625 0.0537109375 0.0332031250
0 0.7187500000 0.1440429688 0.0527343750 0.0322265625
0 0.7182617188 0.2041015625 0.0537109375 0.0332031250
1 0.9365234375 0.2294921875 0.0410156250 0.0253906250
2 0.8383789062 0.2543945312 0.1376953125 0.0888671875
0 0.7153320312 0.3300781250 0.0341796875 0.0566406250
0 0.6469726562 0.3281250000 0.0302734375 0.0527343750
1 0.6821289062 0.3256835938 0.0224609375 0.0400390625
1 0.6137695312 0.3242187500 0.0244140625 0.0429687500
1 0.5449218750 0.2968750000 0.0546875000 0.0332031250
1 0.6787109375 0.3999023438 0.0371093750 0.0205078125
0 0.8466796875 0.5585937500 0.0351562500 0.0585937500
0 0.8891601562 0.5590820312 0.0341796875 0.0595703125
0 0.9277343750 0.5581054688 0.0332031250 0.0556640625
0 0.9682617188 0.5585937500 0.0341796875 0.0546875000
1 0.9658203125 0.7192382812 0.0546875000 0.0341796875
1 0.9667968750 0.7592773438 0.0527343750 0.0341796875
2 0.9272460938 0.8574218750 0.1337890625 0.1621093750
1 0.3852539062 0.3383789062 0.0361328125 0.0556640625
1 0.5546875000 0.3383789062 0.0761718750 0.0400390625
0 0.4790039062 0.3369140625 0.0361328125 0.0585937500
1 0.5898437500 0.3750000000 0.0410156250 0.0273437500
3 0.4204101562 0.5000000000 0.0498046875 0.0449218750
0 0.4790039062 0.4829101562 0.0322265625 0.0576171875
0 0.6450195312 0.4443359375 0.0341796875 0.0546875000
0 0.6835937500 0.4443359375 0.0312500000 0.0546875000
0 0.6440429688 0.5014648438 0.0322265625 0.0478515625
0 0.6821289062 0.5024414062 0.0322265625 0.0517578125
0 0.7314453125 0.4531250000 0.0507812500 0.0332031250
0 0.7304687500 0.4926757812 0.0507812500 0.0341796875
1 0.6230468750 0.5610351562 0.0234375000 0.0419921875
1 0.6787109375 0.5454101562 0.0390625000 0.0244140625
2 0.6835937500 0.5888671875 0.0625000000 0.0644531250
