2 0.6635742188 0.0546875000 0.1552734375 0.1093750000
1 0.8583984375 0.0209960938 0.0214843750 0.0419921875
0 0.1469726562 0.9799804688 0.0517578125 0.0341796875
0 0.2167968750 0.9282226562 0.0527343750 0.0361328125
0 0.1474609375 0.8437500000 0.0546875000 0.0332031250
3 0.2387695312 0.7714843750 0.0537109375 0.0468750000
0 0.2929687500 0.7661132812 0.0390625000 0.0595703125
1 0.2954101562 0.6513671875 0.0341796875 0.0566406250
3 0.1318359375 0.5429687500 0.2636718750 0.2753906250
0 0.4018554688 0.6767578125 0.0615234375 0.0351562500
0 0.4682617188 0.6240234375 0.0361328125 0.0527343750
0 0.4687500000 0.5673828125 0.0312500000 0.0527343750
1 0.4067382812 0.5170898438 0.0400390625 0.0263671875
0 0.3886718750 0.4667968750 0.0371093750 0.0546875000
1 0.2963867188 0.4663085938 0.0341796875 0.0537109375
1 0.5688476562 0.6669921875 0.0556640625 0.0351562500
1 0.5590820312 0.5839843750 0.0771484375 0.0429687500
1 0.5175781250 0.5488281250 0.0371093750 0.0234375000
3 0.9199218750 0.5410156250 0.1601562500 0.7382812500
1 0.8647460938 0.9252929688 0.0537109375 0.0322265625
1 0.9765625000 0.9252929688 0.0468750000 0.0341796875
0 0.5351562500 0.0551757812 0.0527343750 0.0322265625
0 0.5346679688 0.1152343750 0.0537109375 0.0332031250
1 0.7529296875 0.1406250000 0.0410156250 0.0253906250
2 0.6547851562 0.1655273438 0.1376953125 0.0888671875
0 0.5317382812 0.2412109375 0.0341796875 0.0566406250
0 0.4633789062 0.2392578125 0.0302734375 0.0527343750
1 0.4985351562 0.2368164062 0.0224609375 0.0400390625
1 0.4301757812 0.2353515625 0.0244140625 0.0429687500
1 0.3613281250 0.2080078125 0.0546875000 0.0332031250
1 0.4951171875 0.3110351562 0.0371093750 0.0205078125
0 0.6630859375 0.4697265625 0.0351562500 0.0585937500
0 0.7055664062 0.4702148438 0.0341796875 0.0595703125
0 0.7441406250 0.4692382812 0.0332031250 0.0556640625
0 0.7846679688 0.4697265625 0.0341796875 0.0546875000
1 0.7822265625 0.6303710938 0.0546875000 0.0341796875
1 0.7832031250 0.6704101562 0.0527343750 0.0341796875
2 0.7436523438 0.7685546875 0.1337890625 0.1621093750
1 0.2016601562 0.2495117188 0.0361328125 0.0556640625
1 0.3710937500 0.2495117188 0.0761718750 0.0400390625
0 0.2954101562 0.2480468750 0.0361328125 0.0585937500
1 0.4062500000 0.2861328125 0.0410156250 0.0273437500
3 0.2368164062 0.4111328125 0.0498046875 0.0449218750
0 0.2954101562 0.3940429688 0.0322265625 0.0576171875
0 0.4614257812 0.3554687500 0.0341796875 0.0546875000
0 0.5000000000 0.3554687500 0.0312500000 0.0546875000
0 0.4604492188 0.4125976562 0.0322265625 0.0478515625
0 0.4985351562 0.4135742188 0.0322265625 0.0517578125
0 0.5478515625 0.3642578125 0.0507812500 0.0332031250
0 0.5468750000 0.4038085938 0.0507812500 0.0341796875
1 0.4394531250 0.4721679688 0.0234375000 0.0419921875
1 0.4951171875 0.4565429688 0.0390625000 0.0244140625
2 0.5000000000 0.5000000000 0.0625000000 0.0644531250
