1 0.8403320312 0.1362304688 0.2080078125 0.1923828125
2 0.5024414062 0.0844726562 0.1416015625 0.1240234375
0 0.3813476562 0.0410156250 0.0556640625 0.0332031250
0 0.3808593750 0.0996093750 0.0507812500 0.0312500000
0 0.3813476562 0.1567382812 0.0537109375 0.0283203125
0 0.3793945312 0.2148437500 0.0517578125 0.0332031250
0 0.3798828125 0.2749023438 0.0527343750 0.0322265625
3 0.1381835938 0.2626953125 0.2763671875 0.5253906250
1 0.4472656250 0.1840820312 0.0351562500 0.0556640625
1 0.5869140625 0.2021484375 0.0527343750 0.0371093750
1 0.6621093750 0.2138671875 0.0839843750 0.0546875000
1 0.5126953125 0.1850585938 0.0820312500 0.0576171875
1 0.6372070312 0.1367187500 0.0322265625 0.0527343750
1 0.6372070312 0.0747070312 0.0341796875 0.0576171875
1 0.5996093750 0.0751953125 0.0332031250 0.0546875000
1 0.5996093750 0.1367187500 0.0332031250 0.0527343750
0 0.7099609375 0.1464843750 0.0722656250 0.0410156250
0 0.7089843750 0.0795898438 0.0683593750 0.0400390625
1 0.4575195312 0.2431640625 0.0537109375 0.0332031250
1 0.5180664062 0.2421875000 0.0556640625 0.0371093750
2 0.5092773438 0.3525390625 0.1552734375 0.1835937500
1 0.7041015625 0.3540039062 0.0214843750 0.0458984375
1 0.6157226562 0.3217773438 0.0380859375 0.0556640625
1 0.8388671875 0.2841796875 0.0410156250 0.0273437500
2 0.8212890625 0.3652343750 0.2011718750 0.1367187500
1 0.1411132812 0.9790039062 0.0341796875 0.0419921875
0 0.3139648438 0.9589843750 0.0361328125 0.0527343750
0 0.3144531250 0.9023437500 0.0312500000 0.0527343750
1 0.2524414062 0.8520507812 0.0400390625 0.0263671875
0 0.2343750000 0.8017578125 0.0371093750 0.0546875000
1 0.1420898438 0.8012695312 0.0341796875 0.0537109375
1 0.4047851562 0.9189453125 0.0771484375 0.0429687500
1 0.3632812500 0.8837890625 0.0371093750 0.0234375000
3 0.8027343750 0.7534179688 0.2343750000 0.4931640625
1 0.9638671875 0.9179687500 0.0234375000 0.0449218750
0 0.3803710938 0.3330078125 0.0537109375 0.0332031250
0 0.3808593750 0.3901367188 0.0527343750 0.0322265625
0 0.3803710938 0.4501953125 0.0537109375 0.0332031250
1 0.5986328125 0.4755859375 0.0410156250 0.0253906250
2 0.5004882812 0.5004882812 0.1376953125 0.0888671875
0 0.3774414062 0.5761718750 0.0341796875 0.0566406250
0 0.3090820312 0.5742187500 0.0302734375 0.0527343750
1 0.3442382812 0.5717773438 0.0224609375 0.0400390625
1 0.2758789062 0.5703125000 0.0244140625 0.0429687500
1 0.2070312500 0.5429687500 0.0546875000 0.0332031250
1 0.3408203125 0.6459960938 0.0371093750 0.0205078125
0 0.5087890625 0.8046875000 0.0351562500 0.0585937500
0 0.5512695312 0.8051757812 0.0341796875 0.0595703125
0 0.5898437500 0.8041992188 0.0332031250 0.0556640625
0 0.6303710938 0.8046875000 0.0341796875 0.0546875000
1 0.6279296875 0.9653320312 0.0546875000 0.0341796875
1 0.0473632812 0.5844726562 0.0361328125 0.0556640625
1 0.2167968750 0.5844726562 0.0761718750 0.0400390625
0 0.1411132812 0.5830078125 0.0361328125 0.0585937500
1 0.2519531250 0.6210937500 0.0410156250 0.0273437500
3 0.0825195312 0.7460937500 0.0498046875 0.0449218750
0 0.1411132812 0.7290039062 0.0322265625 0.0576171875
0 0.3071289062 0.6904296875 0.0341796875 0.0546875000
0 0.3457031250 0.6904296875 0.0312500000 0.0546875000
0 0.3061523438 0.7475585938 0.0322265625 0.0478515625
0 0.3442382812 0.7485351562 0.0322265625 0.0517578125
0 0.3935546875 0.6992187500 0.0507812500 0.0332031250
0 0.3925781250 0.7387695312 0.0507812500 0.0341796875
1 0.2851562500 0.8071289062 0.0234375000 0.0419921875
1 0.3408203125 0.7915039062 0.0390625000 0.0244140625
2 0.3457031250 0.8349609375 0.0625000000 0.0644531250
1 0.9223632812 0.0190429688 0.0302734375 0.0166015625
1 0.9223632812 0.0498046875 0.0341796875 0.0195312500
