3 0.2236328125 0.4208984375 0.2343750000 0.7382812500
2 0.5000000000 0.5004882812 0.1796875000 0.2294921875
1 0.3847656250 0.4628906250 0.0234375000 0.0449218750
1 0.3847656250 0.5639648438 0.0273437500 0.0458984375
1 0.3891601562 0.6420898438 0.0302734375 0.0556640625
1 0.6132812500 0.4663085938 0.0273437500 0.0380859375
1 0.6123046875 0.5644531250 0.0273437500 0.0429687500
1 0.4360351562 0.6376953125 0.0400390625 0.0273437500
2 0.4345703125 0.6796875000 0.0507812500 0.0546875000
1 0.3764648438 0.8232421875 0.0830078125 0.0566406250
1 0.1313476562 0.8051757812 0.0537109375 0.0322265625
1 0.2460937500 0.8051757812 0.0527343750 0.0341796875
2 0.2231445312 0.8969726562 0.2021484375 0.1396484375
1 0.0200195312 0.0205078125 0.0400390625 0.0253906250
0 0.0136718750 0.3491210938 0.0273437500 0.0556640625
0 0.0512695312 0.3496093750 0.0341796875 0.0546875000
1 0.0488281250 0.5102539062 0.0546875000 0.0341796875
1 0.0498046875 0.5502929688 0.0527343750 0.0341796875
2 0.0385742188 0.6484375000 0.0771484375 0.1621093750
