1 0.7465820312 0.0249023438 0.0341796875 0.0498046875
1 0.7851562500 0.0175781250 0.0273437500 0.0351562500
1 0.9863281250 0.0498046875 0.0273437500 0.0234375000
1 0.9843750000 0.0854492188 0.0312500000 0.0283203125
1 0.9853515625 0.1201171875 0.0292968750 0.0292968750
1 0.9858398438 0.1645507812 0.0283203125 0.0537109375
1 0.9858398438 0.2285156250 0.0283203125 0.0546875000
2 0.8818359375 0.0903320312 0.1523437500 0.1806640625
1 0.7534179688 0.0917968750 0.0244140625 0.0351562500
1 0.7534179688 0.1616210938 0.0224609375 0.0380859375
0 0.7211914062 0.0957031250 0.0302734375 0.0507812500
0 0.7207031250 0.1538085938 0.0312500000 0.0517578125
0 0.6831054688 0.1562500000 0.0322265625 0.0546875000
0 0.6816406250 0.0957031250 0.0312500000 0.0585937500
1 0.7832031250 0.1826171875 0.0195312500 0.0390625000
2 0.8403320312 0.3403320312 0.1416015625 0.1240234375
0 0.7441406250 0.2333984375 0.0312500000 0.0605468750
0 0.7822265625 0.2324218750 0.0351562500 0.0566406250
0 0.8212890625 0.2319335938 0.0332031250 0.0556640625
0 0.8598632812 0.2314453125 0.0341796875 0.0546875000
0 0.7192382812 0.2968750000 0.0556640625 0.0332031250
0 0.7187500000 0.3554687500 0.0507812500 0.0312500000
0 0.7192382812 0.4125976562 0.0537109375 0.0283203125
0 0.7172851562 0.4707031250 0.0517578125 0.0332031250
0 0.7177734375 0.5307617188 0.0527343750 0.0322265625
3 0.4174804688 0.5000000000 0.3935546875 0.5625000000
1 0.7851562500 0.4399414062 0.0351562500 0.0556640625
1 0.9248046875 0.4580078125 0.0527343750 0.0371093750
1 0.9790039062 0.4697265625 0.0419921875 0.0546875000
1 0.8505859375 0.4409179688 0.0820312500 0.0576171875
1 0.9750976562 0.3925781250 0.0322265625 0.0527343750
1 0.9750976562 0.3305664062 0.0341796875 0.0576171875
1 0.9375000000 0.3310546875 0.0332031250 0.0546875000
1 0.9375000000 0.3925781250 0.0332031250 0.0527343750
1 0.7954101562 0.4990234375 0.0537109375 0.0332031250
1 0.8559570312 0.4980468750 0.0556640625 0.0371093750
2 0.8471679688 0.6083984375 0.1552734375 0.1835937500
1 0.9536132812 0.5776367188 0.0380859375 0.0556640625
0 0.7182617188 0.5888671875 0.0537109375 0.0332031250
0 0.7187500000 0.6459960938 0.0527343750 0.0322265625
0 0.7182617188 0.7060546875 0.0537109375 0.0332031250
1 0.9365234375 0.7314453125 0.0410156250 0.0253906250
2 0.8383789062 0.7563476562 0.1376953125 0.0888671875
0 0.7153320312 0.8320312500 0.0341796875 0.0566406250
0 0.6469726562 0.8300781250 0.0302734375 0.0527343750
1 0.6821289062 0.8276367188 0.0224609375 0.0400390625
1 0.6137695312 0.8261718750 0.0244140625 0.0429687500
1 0.5449218750 0.7988281250 0.0546875000 0.0332031250
1 0.6787109375 0.9018554688 0.0371093750 0.0205078125
1 0.3852539062 0.8403320312 0.0361328125 0.0556640625
1 0.5546875000 0.8403320312 0.0761718750 0.0400390625
0 0.4790039062 0.8388671875 0.0361328125 0.0585937500
1 0.5898437500 0.8769531250 0.0410156250 0.0273437500
0 0.4790039062 0.9780273438 0.0322265625 0.0439453125
0 0.6450195312 0.9462890625 0.0341796875 0.0546875000
0 0.6835937500 0.9462890625 0.0312500000 0.0546875000
0 0.7314453125 0.9550781250 0.0507812500 0.0332031250
0 0.7304687500 0.9887695312 0.0507812500 0.0224609375
