1 0.8339843750 0.0844726562 0.2031250000 0.1689453125
1 0.8315429688 0.2836914062 0.2080078125 0.1923828125
1 0.6430664062 0.0131835938 0.0380859375 0.0263671875
1 0.6420898438 0.0561523438 0.0341796875 0.0537109375
1 0.6411132812 0.1201171875 0.0322265625 0.0546875000
1 0.6904296875 0.1357421875 0.0566406250 0.0839843750
1 0.4067382812 0.0532226562 0.0224609375 0.0380859375
0 0.3740234375 0.0454101562 0.0312500000 0.0517578125
0 0.3364257812 0.0478515625 0.0322265625 0.0546875000
1 0.4365234375 0.0742187500 0.0195312500 0.0390625000
2 0.4936523438 0.2319335938 0.1416015625 0.1240234375
0 0.3974609375 0.1250000000 0.0312500000 0.0605468750
0 0.4355468750 0.1240234375 0.0351562500 0.0566406250
0 0.4746093750 0.1235351562 0.0332031250 0.0556640625
0 0.5131835938 0.1230468750 0.0341796875 0.0546875000
0 0.3725585938 0.1884765625 0.0556640625 0.0332031250
0 0.3720703125 0.2470703125 0.0507812500 0.0312500000
0 0.3725585938 0.3041992188 0.0537109375 0.0283203125
0 0.3706054688 0.3623046875 0.0517578125 0.0332031250
0 0.3710937500 0.4223632812 0.0527343750 0.0322265625
3 0.1337890625 0.3916015625 0.2675781250 0.5625000000
1 0.4384765625 0.3315429688 0.0351562500 0.0556640625
1 0.5781250000 0.3496093750 0.0527343750 0.0371093750
1 0.6533203125 0.3613281250 0.0839843750 0.0546875000
1 0.5039062500 0.3325195312 0.0820312500 0.0576171875
1 0.6284179688 0.2841796875 0.0322265625 0.0527343750
1 0.6284179688 0.2221679688 0.0341796875 0.0576171875
1 0.5908203125 0.2226562500 0.0332031250 0.0546875000
1 0.5908203125 0.2841796875 0.0332031250 0.0527343750
0 0.7011718750 0.2939453125 0.0722656250 0.0410156250
0 0.7001953125 0.2270507812 0.0683593750 0.0400390625
1 0.4487304688 0.3906250000 0.0537109375 0.0332031250
1 0.5092773438 0.3896484375 0.0556640625 0.0371093750
2 0.5004882812 0.5000000000 0.1552734375 0.1835937500
1 0.6953125000 0.5014648438 0.0214843750 0.0458984375
1 0.6069335938 0.4692382812 0.0380859375 0.0556640625
1 0.8300781250 0.4316406250 0.0410156250 0.0273437500
2 0.8125000000 0.5126953125 0.2011718750 0.1367187500
1 0.2436523438 0.9931640625 0.0400390625 0.0136718750
0 0.2255859375 0.9492187500 0.0371093750 0.0546875000
1 0.1333007812 0.9487304688 0.0341796875 0.0537109375
0 0.3715820312 0.4804687500 0.0537109375 0.0332031250
0 0.3720703125 0.5375976562 0.0527343750 0.0322265625
0 0.3715820312 0.5976562500 0.0537109375 0.0332031250
1 0.5898437500 0.6230468750 0.0410156250 0.0253906250
2 0.4916992188 0.6479492188 0.1376953125 0.0888671875
0 0.3686523438 0.7236328125 0.0341796875 0.0566406250
0 0.3002929688 0.7216796875 0.0302734375 0.0527343750
1 0.3354492188 0.7192382812 0.0224609375 0.0400390625
1 0.2670898438 0.7177734375 0.0244140625 0.0429687500
1 0.1982421875 0.6904296875 0.0546875000 0.0332031250
1 0.3320312500 0.7934570312 0.0371093750 0.0205078125
0 0.5000000000 0.9521484375 0.0351562500 0.0585937500
0 0.5424804688 0.9526367188 0.0341796875 0.0595703125
0 0.5810546875 0.9516601562 0.0332031250 0.0556640625
0 0.6215820312 0.9521484375 0.0341796875 0.0546875000
1 0.0385742188 0.7319335938 0.0361328125 0.0556640625
1 0.2080078125 0.7319335938 0.0761718750 0.0400390625
0 0.1323242188 0.7304687500 0.0361328125 0.0585937500
1 0.2431640625 0.7685546875 0.0410156250 0.0273437500
3 0.0737304688 0.8935546875 0.0498046875 0.0449218750
0 0.1323242188 0.8764648438 0.0322265625 0.0576171875
0 0.2983398438 0.8378906250 0.0341796875 0.0546875000
0 0.3369140625 0.8378906250 0.0312500000 0.0546875000
0 0.2973632812 0.8950195312 0.0322265625 0.0478515625
0 0.3354492188 0.8959960938 0.0322265625 0.0517578125
0 0.3847656250 0.8466796875 0.0507812500 0.0332031250
0 0.3837890625 0.8862304688 0.0507812500 0.0341796875
1 0.2763671875 0.9545898438 0.0234375000 0.0419921875
1 0.3320312500 0.9389648438 0.0390625000 0.0244140625
2 0.3369140625 0.9750976562 0.0625000000 0.0498046875
1 0.9428710938 0.0156250000 0.0146484375 0.0312500000
1 0.9135742188 0.1665039062 0.0302734375 0.0166015625
1 0.9135742188 0.1972656250 0.0341796875 0.0195312500
