1 0.7011718750 0.0932617188 0.1328125000 0.0634765625
1 0.0214843750 0.1347656250 0.0429687500 0.0332031250
1 0.0200195312 0.1767578125 0.0400390625 0.0371093750
1 0.0190429688 0.2153320312 0.0380859375 0.0283203125
1 0.1191406250 0.3354492188 0.0351562500 0.0576171875
1 0.0205078125 0.4042968750 0.0410156250 0.0351562500
1 0.0214843750 0.4443359375 0.0429687500 0.0351562500
1 0.0195312500 0.4838867188 0.0390625000 0.0224609375
1 0.0971679688 0.5395507812 0.0830078125 0.0615234375
1 0.1220703125 0.6323242188 0.0253906250 0.0361328125
1 0.1220703125 0.7553710938 0.0234375000 0.0380859375
2 0.0502929688 0.6953125000 0.1005859375 0.2265625000
3 0.2880859375 0.4965820312 0.2363281250 0.7314453125
2 0.5009765625 0.2910156250 0.1328125000 0.2011718750
2 0.5004882812 0.5004882812 0.1318359375 0.2001953125
1 0.4492187500 0.1625976562 0.0351562500 0.0556640625
0 0.7119140625 0.1904296875 0.0351562500 0.0527343750
0 0.7583007812 0.1923828125 0.0361328125 0.0527343750
0 0.7963867188 0.1914062500 0.0380859375 0.0566406250
0 0.7153320312 0.2851562500 0.0322265625 0.0546875000
0 0.7153320312 0.3754882812 0.0302734375 0.0478515625
0 0.7148437500 0.4458007812 0.0332031250 0.0498046875
0 0.7553710938 0.4462890625 0.0322265625 0.0507812500
1 0.5957031250 0.1909179688 0.0371093750 0.0556640625
1 0.5976562500 0.3051757812 0.0312500000 0.0517578125
1 0.5952148438 0.4067382812 0.0341796875 0.0537109375
1 0.5961914062 0.5312500000 0.0341796875 0.0527343750
0 0.6279296875 0.6342773438 0.0527343750 0.0341796875
0 0.6259765625 0.6748046875 0.0527343750 0.0332031250
0 0.9829101562 0.8120117188 0.0322265625 0.0517578125
1 0.9741210938 0.8627929688 0.0517578125 0.0322265625
0 0.9438476562 0.8125000000 0.0341796875 0.0527343750
1 0.8750000000 0.8530273438 0.0390625000 0.0283203125
1 0.8911132812 0.8208007812 0.0576171875 0.0361328125
1 0.8149414062 0.7001953125 0.0341796875 0.0527343750
1 0.7832031250 0.7041015625 0.0253906250 0.0410156250
1 0.8789062500 0.7026367188 0.0820312500 0.0615234375
2 0.7304687500 0.8486328125 0.2363281250 0.2441406250
0 0.5805664062 0.8002929688 0.0537109375 0.0341796875
1 0.5874023438 0.8447265625 0.0400390625 0.0253906250
1 0.5795898438 0.8774414062 0.0517578125 0.0380859375
2 0.2832031250 0.9335937500 0.2011718750 0.1328125000
2 0.1103515625 0.8823242188 0.0546875000 0.0556640625
1 0.1093750000 0.9194335938 0.0390625000 0.0224609375
0 0.6230468750 0.9819335938 0.0351562500 0.0361328125
1 0.7783203125 0.9863281250 0.0546875000 0.0273437500
