1 0.0512695312 0.0468750000 0.1025390625 0.0605468750
1 0.7500000000 0.0590820312 0.1328125000 0.0634765625
1 0.0639648438 0.1005859375 0.0556640625 0.0332031250
1 0.0620117188 0.1425781250 0.0537109375 0.0371093750
1 0.0664062500 0.1811523438 0.0410156250 0.0283203125
1 0.1679687500 0.3012695312 0.0351562500 0.0576171875
1 0.0507812500 0.2338867188 0.1015625000 0.0595703125
1 0.0512695312 0.3149414062 0.1025390625 0.0576171875
1 0.0629882812 0.3701171875 0.0537109375 0.0351562500
1 0.0634765625 0.4101562500 0.0566406250 0.0351562500
1 0.0673828125 0.4497070312 0.0410156250 0.0224609375
1 0.0502929688 0.5024414062 0.1005859375 0.0673828125
1 0.1459960938 0.5053710938 0.0830078125 0.0615234375
1 0.1708984375 0.5981445312 0.0253906250 0.0361328125
1 0.1708984375 0.7211914062 0.0234375000 0.0380859375
2 0.0747070312 0.6611328125 0.1494140625 0.2265625000
3 0.3369140625 0.4624023438 0.2363281250 0.7314453125
2 0.5498046875 0.2568359375 0.1328125000 0.2011718750
2 0.5493164062 0.4663085938 0.1318359375 0.2001953125
1 0.4980468750 0.1284179688 0.0351562500 0.0556640625
0 0.7607421875 0.1562500000 0.0351562500 0.0527343750
0 0.8071289062 0.1582031250 0.0361328125 0.0527343750
0 0.8452148438 0.1572265625 0.0380859375 0.0566406250
0 0.7641601562 0.2509765625 0.0322265625 0.0546875000
0 0.7641601562 0.3413085938 0.0302734375 0.0478515625
0 0.7636718750 0.4116210938 0.0332031250 0.0498046875
0 0.8041992188 0.4121093750 0.0322265625 0.0507812500
1 0.6445312500 0.1567382812 0.0371093750 0.0556640625
1 0.6464843750 0.2709960938 0.0312500000 0.0517578125
1 0.6440429688 0.3725585938 0.0341796875 0.0537109375
1 0.6450195312 0.4970703125 0.0341796875 0.0527343750
0 0.6767578125 0.6000976562 0.0527343750 0.0341796875
0 0.6748046875 0.6406250000 0.0527343750 0.0332031250
0 0.9877929688 0.7783203125 0.0244140625 0.0527343750
1 0.9238281250 0.8188476562 0.0390625000 0.0283203125
1 0.9399414062 0.7866210938 0.0576171875 0.0361328125
1 0.8637695312 0.6660156250 0.0341796875 0.0527343750
1 0.8320312500 0.6699218750 0.0253906250 0.0410156250
1 0.9277343750 0.6684570312 0.0820312500 0.0615234375
2 0.7792968750 0.8144531250 0.2363281250 0.2441406250
0 0.6293945312 0.7661132812 0.0537109375 0.0341796875
1 0.6362304688 0.8105468750 0.0400390625 0.0253906250
1 0.6284179688 0.8432617188 0.0517578125 0.0380859375
2 0.3320312500 0.9013671875 0.2011718750 0.1367187500
2 0.1591796875 0.8481445312 0.0546875000 0.0556640625
1 0.1582031250 0.8852539062 0.0390625000 0.0224609375
0 0.6718750000 0.9560546875 0.0351562500 0.0527343750
0 0.8564453125 0.9902343750 0.0156250000 0.0195312500
1 0.7470703125 0.9687500000 0.0214843750 0.0429687500
1 0.8271484375 0.9550781250 0.0546875000 0.0332031250
0 0.8315429688 0.9907226562 0.0126953125 0.0185546875
