1 0.2314453125 0.0131835938 0.0566406250 0.0263671875
1 0.2353515625 0.0483398438 0.0410156250 0.0224609375
2 0.1083984375 0.0317382812 0.1835937500 0.0634765625
1 0.1967773438 0.1010742188 0.1435546875 0.0673828125
1 0.3139648438 0.1040039062 0.0830078125 0.0615234375
1 0.1162109375 0.1967773438 0.0195312500 0.0361328125
1 0.3388671875 0.1967773438 0.0253906250 0.0361328125
1 0.3388671875 0.3198242188 0.0234375000 0.0380859375
1 0.1162109375 0.2954101562 0.0253906250 0.0419921875
2 0.2280273438 0.2597656250 0.1787109375 0.2265625000
3 0.5048828125 0.2133789062 0.2363281250 0.4267578125
2 0.7172851562 0.0825195312 0.1318359375 0.1650390625
0 0.9316406250 0.0175781250 0.0332031250 0.0351562500
0 0.9721679688 0.0180664062 0.0322265625 0.0361328125
1 0.8129882812 0.0957031250 0.0341796875 0.0527343750
0 0.8447265625 0.1987304688 0.0527343750 0.0341796875
0 0.8427734375 0.2392578125 0.0527343750 0.0332031250
1 0.9936523438 0.2685546875 0.0126953125 0.0410156250
2 0.9145507812 0.4130859375 0.1708984375 0.2441406250
0 0.7973632812 0.3647460938 0.0537109375 0.0341796875
1 0.8041992188 0.4091796875 0.0400390625 0.0253906250
1 0.7963867188 0.4418945312 0.0517578125 0.0380859375
2 0.5000000000 0.5000000000 0.2011718750 0.1367187500
1 0.4941406250 0.6059570312 0.0332031250 0.0576171875
1 0.3730468750 0.6088867188 0.0839843750 0.0595703125
2 0.3271484375 0.4467773438 0.0546875000 0.0556640625
1 0.3261718750 0.4838867188 0.0390625000 0.0224609375
1 0.6816406250 0.7631835938 0.0566406250 0.0361328125
0 0.8398437500 0.5546875000 0.0351562500 0.0527343750
0 0.8393554688 0.6113281250 0.0322265625 0.0546875000
1 0.9150390625 0.5673828125 0.0214843750 0.0429687500
1 0.9838867188 0.5537109375 0.0322265625 0.0332031250
0 0.9965820312 0.5932617188 0.0068359375 0.0263671875
1 0.9624023438 0.6083984375 0.0205078125 0.0410156250
1 0.9619140625 0.6645507812 0.0234375000 0.0400390625
1 0.9843750000 0.7548828125 0.0312500000 0.0722656250
1 0.8481445312 0.6811523438 0.0517578125 0.0361328125
0 0.8481445312 0.7207031250 0.0517578125 0.0351562500
1 0.8491210938 0.8222656250 0.0537109375 0.0371093750
1 0.9433593750 0.8261718750 0.0332031250 0.0546875000
0 0.9819335938 0.8256835938 0.0341796875 0.0556640625
0 0.6835937500 0.8066406250 0.0585937500 0.0371093750
1 0.6811523438 0.8515625000 0.0556640625 0.0371093750
1 0.7216796875 0.9072265625 0.1367187500 0.0605468750
1 0.8642578125 0.8867187500 0.0839843750 0.0585937500
1 0.9624023438 0.8872070312 0.0751953125 0.0556640625
