3 0.2807617188 0.2377929688 0.2138671875 0.2978515625
3 0.5000000000 0.2001953125 0.2207031250 0.2285156250
0 0.2885742188 0.5146484375 0.0380859375 0.0527343750
1 0.2895507812 0.4291992188 0.0341796875 0.0537109375
1 0.2875976562 0.6054687500 0.0341796875 0.0507812500
1 0.5131835938 0.3354492188 0.0556640625 0.0341796875
1 0.5117187500 0.4331054688 0.0507812500 0.0322265625
0 0.5288085938 0.3862304688 0.0302734375 0.0537109375
1 0.5747070312 0.3364257812 0.0498046875 0.0322265625
3 0.1616210938 0.8198242188 0.3232421875 0.3603515625
0 0.4555664062 0.8842773438 0.0322265625 0.0576171875
0 0.4541015625 0.9609375000 0.0351562500 0.0527343750
1 0.6547851562 0.1562500000 0.0556640625 0.0351562500
1 0.7119140625 0.1572265625 0.0546875000 0.0351562500
1 0.7705078125 0.1572265625 0.0527343750 0.0351562500
1 0.8271484375 0.1567382812 0.0527343750 0.0322265625
1 0.8852539062 0.1572265625 0.0537109375 0.0332031250
1 0.9448242188 0.1572265625 0.0556640625 0.0351562500
1 0.6523437500 0.4804687500 0.0527343750 0.0332031250
1 0.7104492188 0.4809570312 0.0517578125 0.0341796875
1 0.7695312500 0.4814453125 0.0527343750 0.0351562500
1 0.8271484375 0.4814453125 0.0527343750 0.0351562500
1 0.8852539062 0.4824218750 0.0537109375 0.0371093750
1 0.9438476562 0.4819335938 0.0537109375 0.0361328125
1 0.4648437500 0.7456054688 0.2207031250 0.2177734375
1 0.6806640625 0.7519531250 0.2128906250 0.2070312500
1 0.8945312500 0.7509765625 0.2011718750 0.2070312500
1 0.8925781250 0.9326171875 0.2011718750 0.1347656250
1 0.6782226562 0.5800781250 0.0791015625 0.1542968750
1 0.7973632812 0.5791015625 0.0751953125 0.1640625000
1 0.9155273438 0.5830078125 0.0751953125 0.1582031250
3 0.8129882812 0.3188476562 0.3740234375 0.2392578125
0 0.4951171875 0.8867187500 0.0351562500 0.0566406250
0 0.5336914062 0.8852539062 0.0341796875 0.0556640625
0 0.5712890625 0.8847656250 0.0351562500 0.0527343750
0 0.4946289062 0.9624023438 0.0322265625 0.0576171875
0 0.7050781250 0.9394531250 0.0761718750 0.0429687500
1 0.6220703125 0.9384765625 0.0761718750 0.0390625000
1 0.6127929688 0.9804687500 0.0537109375 0.0351562500
0 0.5327148438 0.9624023438 0.0341796875 0.0595703125
1 0.7919921875 0.9008789062 0.0312500000 0.0556640625
1 0.9707031250 0.8491210938 0.0351562500 0.0205078125
1 0.9711914062 0.8793945312 0.0380859375 0.0224609375
0 0.9951171875 0.8144531250 0.0097656250 0.0371093750
