1 0.0708007812 0.2812500000 0.0322265625 0.0507812500
1 0.1250000000 0.2822265625 0.0312500000 0.0546875000
1 0.1752929688 0.2817382812 0.0322265625 0.0517578125
1 0.2285156250 0.2827148438 0.0332031250 0.0517578125
1 0.6059570312 0.0473632812 0.1474609375 0.0654296875
1 0.4130859375 0.1406250000 0.1425781250 0.0644531250
0 0.3105468750 0.1943359375 0.0507812500 0.0332031250
0 0.3100585938 0.2348632812 0.0537109375 0.0341796875
0 0.3090820312 0.2734375000 0.0517578125 0.0332031250
2 0.5034179688 0.2358398438 0.1884765625 0.1142578125
1 0.4165039062 0.3266601562 0.1357421875 0.0556640625
1 0.3769531250 0.2343750000 0.0507812500 0.0332031250
1 0.3784179688 0.2734375000 0.0517578125 0.0312500000
1 0.3735351562 0.1933593750 0.0400390625 0.0253906250
3 0.1875000000 0.1259765625 0.3750000000 0.2519531250
1 0.4135742188 0.4091796875 0.1435546875 0.0585937500
1 0.6103515625 0.6889648438 0.1328125000 0.0634765625
1 0.4111328125 0.5952148438 0.1464843750 0.0673828125
2 0.5004882812 0.5004882812 0.1904296875 0.1162109375
1 0.3764648438 0.5410156250 0.0537109375 0.0332031250
1 0.3779296875 0.5014648438 0.0527343750 0.0341796875
1 0.3740234375 0.4599609375 0.0410156250 0.0253906250
1 0.0283203125 0.9311523438 0.0351562500 0.0576171875
2 0.4101562500 0.8867187500 0.1328125000 0.2011718750
1 0.3583984375 0.7583007812 0.0351562500 0.0556640625
0 0.6210937500 0.7861328125 0.0351562500 0.0527343750
0 0.6674804688 0.7880859375 0.0361328125 0.0527343750
0 0.7055664062 0.7871093750 0.0380859375 0.0566406250
0 0.6245117188 0.8808593750 0.0322265625 0.0546875000
0 0.6245117188 0.9711914062 0.0302734375 0.0478515625
1 0.5048828125 0.7866210938 0.0371093750 0.0556640625
1 0.5068359375 0.9008789062 0.0312500000 0.0517578125
