0 0.8024902344 0.1728515625 0.0288085938 0.0185546875
3 0.7922363281 0.1486816406 0.0717773438 0.0258789062
3 0.7927246094 0.0126953125 0.0493164062 0.0185546875
2 0.1623535156 0.0146484375 0.0903320312 0.0292968750
1 0.2229003906 0.0058593750 0.0268554688 0.0117187500
1 0.2250976562 0.0217285156 0.0205078125 0.0141601562
1 0.2758789062 0.0817871094 0.0175781250 0.0288085938
1 0.2065429688 0.0480957031 0.0722656250 0.0297851562
1 0.2065429688 0.0886230469 0.0732421875 0.0288085938
1 0.2233886719 0.1162109375 0.0268554688 0.0175781250
1 0.2236328125 0.1362304688 0.0283203125 0.0175781250
1 0.2255859375 0.1560058594 0.0205078125 0.0112304688
2 0.1621093750 0.1352539062 0.0917968750 0.0566406250
1 0.2062988281 0.1823730469 0.0717773438 0.0336914062
1 0.2648925781 0.1838378906 0.0415039062 0.0307617188
1 0.1660156250 0.2302246094 0.0097656250 0.0180664062
1 0.2773437500 0.2302246094 0.0126953125 0.0180664062
1 0.2773437500 0.2917480469 0.0117187500 0.0190429688
1 0.1660156250 0.2795410156 0.0126953125 0.0209960938
2 0.2219238281 0.2617187500 0.0893554688 0.1132812500
3 0.3603515625 0.1726074219 0.1181640625 0.3452148438
1 0.1042480469 0.2275390625 0.0727539062 0.0322265625
1 0.1037597656 0.2587890625 0.0737304688 0.0312500000
2 0.4667968750 0.0595703125 0.0664062500 0.1005859375
2 0.4665527344 0.1643066406 0.0659179688 0.1000976562
0 0.5722656250 0.0112304688 0.0175781250 0.0224609375
0 0.5954589844 0.0117187500 0.0180664062 0.0234375000
0 0.6145019531 0.0119628906 0.0190429688 0.0239257812
0 0.5739746094 0.0566406250 0.0161132812 0.0273437500
0 0.5739746094 0.1018066406 0.0151367188 0.0239257812
0 0.5737304688 0.1369628906 0.0166015625 0.0249023438
0 0.5939941406 0.1372070312 0.0161132812 0.0253906250
1 0.5141601562 0.0117187500 0.0185546875 0.0234375000
1 0.5151367188 0.0666503906 0.0156250000 0.0258789062
1 0.5139160156 0.1174316406 0.0170898438 0.0268554688
1 0.5144042969 0.1796875000 0.0170898438 0.0263671875
0 0.5302734375 0.2312011719 0.0263671875 0.0170898438
0 0.5292968750 0.2514648438 0.0263671875 0.0166015625
0 0.8212890625 0.3295898438 0.0195312500 0.0273437500
0 0.7990722656 0.3286132812 0.0180664062 0.0263671875
0 0.7768554688 0.3291015625 0.0175781250 0.0263671875
1 0.7561035156 0.3293457031 0.0180664062 0.0268554688
1 0.7514648438 0.2954101562 0.0214843750 0.0117187500
0 0.7077636719 0.3200683594 0.0161132812 0.0258789062
1 0.7036132812 0.3454589844 0.0263671875 0.0161132812
0 0.6882324219 0.3203125000 0.0170898438 0.0263671875
1 0.6538085938 0.3405761719 0.0195312500 0.0141601562
1 0.6618652344 0.3244628906 0.0288085938 0.0180664062
1 0.6237792969 0.2641601562 0.0170898438 0.0263671875
1 0.6079101562 0.2661132812 0.0126953125 0.0205078125
1 0.6557617188 0.2653808594 0.0410156250 0.0307617188
1 0.8010253906 0.3859863281 0.0639648438 0.0415039062
2 0.5815429688 0.3383789062 0.1181640625 0.1220703125
0 0.5065917969 0.3142089844 0.0268554688 0.0170898438
1 0.5100097656 0.3364257812 0.0200195312 0.0126953125
1 0.5061035156 0.3527832031 0.0258789062 0.0190429688
2 0.3579101562 0.3818359375 0.1005859375 0.0683593750
1 0.3549804688 0.4348144531 0.0166015625 0.0288085938
1 0.2944335938 0.4362792969 0.0419921875 0.0297851562
2 0.2714843750 0.3552246094 0.0273437500 0.0278320312
1 0.2709960938 0.3737792969 0.0195312500 0.0112304688
3 0.7419433594 0.4790039062 0.2211914062 0.1669921875
1 0.4487304688 0.5134277344 0.0283203125 0.0180664062
0 0.5278320312 0.4091796875 0.0175781250 0.0263671875
0 0.5275878906 0.4375000000 0.0161132812 0.0273437500
0 0.6201171875 0.4287109375 0.0078125000 0.0146484375
1 0.5654296875 0.4155273438 0.0107421875 0.0214843750
1 0.6054687500 0.4086914062 0.0273437500 0.0166015625
0 0.6076660156 0.4284667969 0.0063476562 0.0131835938
1 0.5891113281 0.4360351562 0.0102539062 0.0205078125
1 0.5888671875 0.4641113281 0.0117187500 0.0200195312
1 0.6130371094 0.4440917969 0.0180664062 0.0112304688
1 0.6147460938 0.4570312500 0.0136718750 0.0078125000
1 0.6198730469 0.4938964844 0.0131835938 0.0190429688
0 0.6081542969 0.4719238281 0.0083007812 0.0151367188
0 0.6201171875 0.4721679688 0.0078125000 0.0156250000
1 0.6020507812 0.5092773438 0.0195312500 0.0361328125
1 0.5319824219 0.4724121094 0.0258789062 0.0180664062
0 0.5319824219 0.4921875000 0.0258789062 0.0175781250
1 0.5324707031 0.5429687500 0.0268554688 0.0185546875
1 0.5795898438 0.5449218750 0.0166015625 0.0273437500
0 0.5988769531 0.5446777344 0.0170898438 0.0278320312
1 0.6174316406 0.5444335938 0.0170898438 0.0263671875
0 0.4497070312 0.5351562500 0.0292968750 0.0185546875
1 0.4484863281 0.5576171875 0.0278320312 0.0185546875
1 0.4687500000 0.5854492188 0.0683593750 0.0302734375
1 0.5400390625 0.5751953125 0.0419921875 0.0292968750
1 0.5913085938 0.5754394531 0.0419921875 0.0278320312
0 0.6425781250 0.6101074219 0.0263671875 0.0161132812
0 0.6718750000 0.6101074219 0.0253906250 0.0161132812
0 0.6713867188 0.6376953125 0.0263671875 0.0166015625
0 0.6433105469 0.6369628906 0.0258789062 0.0170898438
1 0.6430664062 0.6574707031 0.0263671875 0.0170898438
1 0.7114257812 0.6987304688 0.0273437500 0.0166015625
1 0.6462402344 0.7287597656 0.0434570312 0.0297851562
2 0.6000976562 0.7404785156 0.0439453125 0.0698242188
1 0.6105957031 0.7851562500 0.0190429688 0.0117187500
0 0.6716308594 0.7670898438 0.0258789062 0.0175781250
0 0.6428222656 0.7668457031 0.0258789062 0.0170898438
0 0.6423339844 0.7941894531 0.0258789062 0.0180664062
0 0.6716308594 0.7939453125 0.0258789062 0.0166015625
1 0.6433105469 0.8132324219 0.0268554688 0.0170898438
1 0.7106933594 0.8552246094 0.0268554688 0.0170898438
1 0.6472167969 0.8837890625 0.0405273438 0.0283203125
3 0.7946777344 0.8093261719 0.1284179688 0.1557617188
3 0.7924804688 0.6530761719 0.1289062500 0.1586914062
1 0.4580078125 0.9863281250 0.0273437500 0.0175781250
1 0.4291992188 0.9865722656 0.0263671875 0.0170898438
1 0.4003906250 0.9863281250 0.0273437500 0.0166015625
1 0.3715820312 0.9865722656 0.0273437500 0.0170898438
1 0.3427734375 0.9863281250 0.0273437500 0.0175781250
1 0.3139648438 0.9863281250 0.0273437500 0.0166015625
1 0.2841796875 0.9865722656 0.0263671875 0.0161132812
1 0.2548828125 0.9865722656 0.0273437500 0.0180664062
