2 0.3703613281 0.0146484375 0.0903320312 0.0292968750
1 0.4309082031 0.0058593750 0.0268554688 0.0117187500
1 0.4331054688 0.0217285156 0.0205078125 0.0141601562
1 0.4838867188 0.0817871094 0.0175781250 0.0288085938
1 0.4145507812 0.0480957031 0.0722656250 0.0297851562
1 0.4145507812 0.0886230469 0.0732421875 0.0288085938
1 0.4313964844 0.1162109375 0.0268554688 0.0175781250
1 0.4316406250 0.1362304688 0.0283203125 0.0175781250
1 0.4335937500 0.1560058594 0.0205078125 0.0112304688
2 0.3701171875 0.1352539062 0.0917968750 0.0566406250
1 0.4143066406 0.1823730469 0.0717773438 0.0336914062
1 0.4729003906 0.1838378906 0.0415039062 0.0307617188
1 0.3740234375 0.2302246094 0.0097656250 0.0180664062
1 0.4853515625 0.2302246094 0.0126953125 0.0180664062
1 0.4853515625 0.2917480469 0.0117187500 0.0190429688
1 0.3740234375 0.2795410156 0.0126953125 0.0209960938
2 0.4299316406 0.2617187500 0.0893554688 0.1132812500
3 0.5683593750 0.1726074219 0.1181640625 0.3452148438
1 0.3122558594 0.2275390625 0.0727539062 0.0322265625
1 0.3117675781 0.2587890625 0.0737304688 0.0312500000
2 0.6748046875 0.0595703125 0.0664062500 0.1005859375
2 0.6745605469 0.1643066406 0.0659179688 0.1000976562
0 0.7802734375 0.0112304688 0.0175781250 0.0224609375
0 0.8034667969 0.0117187500 0.0180664062 0.0234375000
0 0.8225097656 0.0119628906 0.0190429688 0.0239257812
0 0.7819824219 0.0566406250 0.0161132812 0.0273437500
0 0.7819824219 0.1018066406 0.0151367188 0.0239257812
0 0.7817382812 0.1369628906 0.0166015625 0.0249023438
0 0.8020019531 0.1372070312 0.0161132812 0.0253906250
1 0.7221679688 0.0117187500 0.0185546875 0.0234375000
1 0.7231445312 0.0666503906 0.0156250000 0.0258789062
1 0.7219238281 0.1174316406 0.0170898438 0.0268554688
1 0.7224121094 0.1796875000 0.0170898438 0.0263671875
0 0.7382812500 0.2312011719 0.0263671875 0.0170898438
0 0.7373046875 0.2514648438 0.0263671875 0.0166015625
0 0.9848632812 0.3291015625 0.0175781250 0.0263671875
1 0.9641113281 0.3293457031 0.0180664062 0.0268554688
1 0.9594726562 0.2954101562 0.0214843750 0.0117187500
0 0.9157714844 0.3200683594 0.0161132812 0.0258789062
1 0.9116210938 0.3454589844 0.0263671875 0.0161132812
0 0.8962402344 0.3203125000 0.0170898438 0.0263671875
1 0.8618164062 0.3405761719 0.0195312500 0.0141601562
1 0.8698730469 0.3244628906 0.0288085938 0.0180664062
1 0.8317871094 0.2641601562 0.0170898438 0.0263671875
1 0.8159179688 0.2661132812 0.0126953125 0.0205078125
1 0.8637695312 0.2653808594 0.0410156250 0.0307617188
2 0.7895507812 0.3383789062 0.1181640625 0.1220703125
0 0.7145996094 0.3142089844 0.0268554688 0.0170898438
1 0.7180175781 0.3364257812 0.0200195312 0.0126953125
1 0.7141113281 0.3527832031 0.0258789062 0.0190429688
2 0.5659179688 0.3818359375 0.1005859375 0.0683593750
1 0.5629882812 0.4348144531 0.0166015625 0.0288085938
1 0.5024414062 0.4362792969 0.0419921875 0.0297851562
2 0.4794921875 0.3552246094 0.0273437500 0.0278320312
1 0.4790039062 0.3737792969 0.0195312500 0.0112304688
3 0.9196777344 0.4790039062 0.1606445312 0.1669921875
1 0.6567382812 0.5134277344 0.0283203125 0.0180664062
0 0.7358398438 0.4091796875 0.0175781250 0.0263671875
0 0.7355957031 0.4375000000 0.0161132812 0.0273437500
0 0.8281250000 0.4287109375 0.0078125000 0.0146484375
1 0.7734375000 0.4155273438 0.0107421875 0.0214843750
1 0.8134765625 0.4086914062 0.0273437500 0.0166015625
0 0.8156738281 0.4284667969 0.0063476562 0.0131835938
1 0.7971191406 0.4360351562 0.0102539062 0.0205078125
1 0.7968750000 0.4641113281 0.0117187500 0.0200195312
1 0.8210449219 0.4440917969 0.0180664062 0.0112304688
1 0.8227539062 0.4570312500 0.0136718750 0.0078125000
1 0.8278808594 0.4938964844 0.0131835938 0.0190429688
0 0.8161621094 0.4719238281 0.0083007812 0.0151367188
0 0.8281250000 0.4721679688 0.0078125000 0.0156250000
1 0.8100585938 0.5092773438 0.0195312500 0.0361328125
1 0.7399902344 0.4724121094 0.0258789062 0.0180664062
0 0.7399902344 0.4921875000 0.0258789062 0.0175781250
1 0.7404785156 0.5429687500 0.0268554688 0.0185546875
1 0.7875976562 0.5449218750 0.0166015625 0.0273437500
0 0.8068847656 0.5446777344 0.0170898438 0.0278320312
1 0.8254394531 0.5444335938 0.0170898438 0.0263671875
0 0.6577148438 0.5351562500 0.0292968750 0.0185546875
1 0.6564941406 0.5576171875 0.0278320312 0.0185546875
1 0.6767578125 0.5854492188 0.0683593750 0.0302734375
1 0.7480468750 0.5751953125 0.0419921875 0.0292968750
1 0.7993164062 0.5754394531 0.0419921875 0.0278320312
0 0.8505859375 0.6101074219 0.0263671875 0.0161132812
0 0.8798828125 0.6101074219 0.0253906250 0.0161132812
0 0.8793945312 0.6376953125 0.0263671875 0.0166015625
0 0.8513183594 0.6369628906 0.0258789062 0.0170898438
1 0.8510742188 0.6574707031 0.0263671875 0.0170898438
1 0.9194335938 0.6987304688 0.0273437500 0.0166015625
1 0.8542480469 0.7287597656 0.0434570312 0.0297851562
2 0.8081054688 0.7404785156 0.0439453125 0.0698242188
1 0.8186035156 0.7851562500 0.0190429688 0.0117187500
0 0.8796386719 0.7670898438 0.0258789062 0.0175781250
0 0.8508300781 0.7668457031 0.0258789062 0.0170898438
0 0.8503417969 0.7941894531 0.0258789062 0.0180664062
0 0.8796386719 0.7939453125 0.0258789062 0.0166015625
1 0.8513183594 0.8132324219 0.0268554688 0.0170898438
1 0.9187011719 0.8552246094 0.0268554688 0.0170898438
1 0.8552246094 0.8837890625 0.0405273438 0.0283203125
1 0.6660156250 0.9863281250 0.0273437500 0.0175781250
1 0.6372070312 0.9865722656 0.0263671875 0.0170898438
1 0.6083984375 0.9863281250 0.0273437500 0.0166015625
1 0.5795898438 0.9865722656 0.0273437500 0.0170898438
1 0.5507812500 0.9863281250 0.0273437500 0.0175781250
1 0.5219726562 0.9863281250 0.0273437500 0.0166015625
1 0.4921875000 0.9865722656 0.0263671875 0.0161132812
1 0.4628906250 0.9865722656 0.0273437500 0.0180664062
