1 0.4038085938 0.0224609375 0.0537109375 0.0351562500
1 0.4042968750 0.0625000000 0.0566406250 0.0351562500
1 0.4082031250 0.1020507812 0.0410156250 0.0224609375
2 0.2812500000 0.0605468750 0.1835937500 0.1132812500
1 0.3696289062 0.1547851562 0.1435546875 0.0673828125
1 0.4868164062 0.1577148438 0.0830078125 0.0615234375
1 0.2890625000 0.2504882812 0.0195312500 0.0361328125
1 0.5117187500 0.2504882812 0.0253906250 0.0361328125
1 0.5117187500 0.3735351562 0.0234375000 0.0380859375
1 0.2890625000 0.3491210938 0.0253906250 0.0419921875
2 0.4008789062 0.3134765625 0.1787109375 0.2265625000
3 0.6777343750 0.2402343750 0.2363281250 0.4804687500
1 0.1655273438 0.2451171875 0.1455078125 0.0644531250
1 0.1645507812 0.3076171875 0.1474609375 0.0625000000
2 0.8901367188 0.1186523438 0.1318359375 0.2001953125
1 0.9838867188 0.0258789062 0.0322265625 0.0517578125
1 0.9843750000 0.1494140625 0.0312500000 0.0527343750
0 0.9702148438 0.4184570312 0.0537109375 0.0341796875
1 0.9770507812 0.4628906250 0.0400390625 0.0253906250
1 0.9692382812 0.4956054688 0.0517578125 0.0380859375
2 0.6728515625 0.5537109375 0.2011718750 0.1367187500
1 0.6669921875 0.6596679688 0.0332031250 0.0576171875
1 0.5458984375 0.6625976562 0.0839843750 0.0595703125
2 0.5000000000 0.5004882812 0.0546875000 0.0556640625
1 0.4990234375 0.5375976562 0.0390625000 0.0224609375
1 0.8544921875 0.8168945312 0.0566406250 0.0361328125
0 0.8564453125 0.8603515625 0.0585937500 0.0371093750
1 0.8540039062 0.9052734375 0.0556640625 0.0371093750
1 0.8945312500 0.9609375000 0.1367187500 0.0605468750
