3 0.5004882812 0.2377929688 0.2138671875 0.2978515625
3 0.7197265625 0.2001953125 0.2207031250 0.2285156250
0 0.5083007812 0.5146484375 0.0380859375 0.0527343750
1 0.5092773438 0.4291992188 0.0341796875 0.0537109375
1 0.5073242188 0.6054687500 0.0341796875 0.0507812500
1 0.7329101562 0.3354492188 0.0556640625 0.0341796875
1 0.7314453125 0.4331054688 0.0507812500 0.0322265625
0 0.7485351562 0.3862304688 0.0302734375 0.0537109375
1 0.7944335938 0.3364257812 0.0498046875 0.0322265625
3 0.3481445312 0.8198242188 0.3896484375 0.3603515625
0 0.6752929688 0.8842773438 0.0322265625 0.0576171875
0 0.6738281250 0.9609375000 0.0351562500 0.0527343750
1 0.8745117188 0.1562500000 0.0556640625 0.0351562500
1 0.9316406250 0.1572265625 0.0546875000 0.0351562500
1 0.9819335938 0.1572265625 0.0361328125 0.0351562500
1 0.8720703125 0.4804687500 0.0527343750 0.0332031250
1 0.9301757812 0.4809570312 0.0517578125 0.0341796875
1 0.9814453125 0.4814453125 0.0371093750 0.0351562500
1 0.6845703125 0.7456054688 0.2207031250 0.2177734375
1 0.8969726562 0.7519531250 0.2060546875 0.2070312500
1 0.8979492188 0.5800781250 0.0791015625 0.1542968750
0 0.7148437500 0.8867187500 0.0351562500 0.0566406250
0 0.7534179688 0.8852539062 0.0341796875 0.0556640625
0 0.7910156250 0.8847656250 0.0351562500 0.0527343750
0 0.7143554688 0.9624023438 0.0322265625 0.0576171875
0 0.9248046875 0.9394531250 0.0761718750 0.0429687500
1 0.8417968750 0.9384765625 0.0761718750 0.0390625000
1 0.8325195312 0.9804687500 0.0537109375 0.0351562500
0 0.7524414062 0.9624023438 0.0341796875 0.0595703125
