1 0.6274414062 0.0068359375 0.0400390625 0.0136718750
1 0.5898437500 0.0537109375 0.1464843750 0.0625000000
1 0.5903320312 0.1357421875 0.1435546875 0.0605468750
1 0.6240234375 0.1904296875 0.0527343750 0.0332031250
1 0.6235351562 0.2309570312 0.0517578125 0.0322265625
1 0.6279296875 0.2705078125 0.0371093750 0.0214843750
1 0.5878906250 0.3217773438 0.1425781250 0.0595703125
1 0.5888671875 0.4082031250 0.1464843750 0.0605468750
0 0.6918945312 0.0097656250 0.0517578125 0.0195312500
1 0.7700195312 0.0190429688 0.0322265625 0.0380859375
1 0.8242187500 0.0205078125 0.0312500000 0.0410156250
1 0.8745117188 0.0195312500 0.0322265625 0.0390625000
1 0.9277343750 0.0200195312 0.0332031250 0.0400390625
2 0.5009765625 0.2275390625 0.1835937500 0.1171875000
2 0.5004882812 0.5004882812 0.1806640625 0.1142578125
1 0.6235351562 0.4619140625 0.0556640625 0.0332031250
1 0.6215820312 0.5039062500 0.0537109375 0.0371093750
1 0.6259765625 0.5424804688 0.0410156250 0.0283203125
1 0.7275390625 0.6625976562 0.0351562500 0.0576171875
1 0.5888671875 0.5952148438 0.1445312500 0.0595703125
1 0.5888671875 0.6762695312 0.1464843750 0.0576171875
1 0.6225585938 0.7314453125 0.0537109375 0.0351562500
1 0.6230468750 0.7714843750 0.0566406250 0.0351562500
1 0.6269531250 0.8110351562 0.0410156250 0.0224609375
2 0.5000000000 0.7695312500 0.1835937500 0.1132812500
1 0.5883789062 0.8637695312 0.1435546875 0.0673828125
1 0.7055664062 0.8666992188 0.0830078125 0.0615234375
1 0.5078125000 0.9594726562 0.0195312500 0.0361328125
1 0.7304687500 0.9594726562 0.0253906250 0.0361328125
3 0.8891601562 0.7290039062 0.2216796875 0.5419921875
1 0.3842773438 0.9541015625 0.1455078125 0.0644531250
