0 0.0146484375 0.5830078125 0.0292968750 0.0527343750
0 0.0136718750 0.5263671875 0.0273437500 0.0527343750
1 0.1118164062 0.6259765625 0.0556640625 0.0351562500
1 0.1020507812 0.5429687500 0.0771484375 0.0429687500
1 0.0605468750 0.5078125000 0.0371093750 0.0234375000
3 0.5000000000 0.5000000000 0.2343750000 0.7382812500
2 0.7763671875 0.5795898438 0.1796875000 0.2294921875
1 0.6611328125 0.5419921875 0.0234375000 0.0449218750
1 0.6611328125 0.6430664062 0.0273437500 0.0458984375
1 0.6655273438 0.7211914062 0.0302734375 0.0556640625
1 0.8896484375 0.5454101562 0.0273437500 0.0380859375
1 0.8886718750 0.6435546875 0.0273437500 0.0429687500
1 0.7124023438 0.7167968750 0.0400390625 0.0273437500
2 0.7109375000 0.7587890625 0.0507812500 0.0546875000
1 0.6528320312 0.9023437500 0.0830078125 0.0566406250
1 0.4077148438 0.8842773438 0.0537109375 0.0322265625
1 0.5224609375 0.8842773438 0.0527343750 0.0341796875
2 0.4995117188 0.9531250000 0.2021484375 0.0937500000
0 0.0781250000 0.0151367188 0.0527343750 0.0302734375
0 0.0776367188 0.0742187500 0.0537109375 0.0332031250
1 0.2958984375 0.0996093750 0.0410156250 0.0253906250
2 0.1977539062 0.1245117188 0.1376953125 0.0888671875
0 0.0747070312 0.2001953125 0.0341796875 0.0566406250
0 0.0107421875 0.1982421875 0.0214843750 0.0527343750
1 0.0415039062 0.1958007812 0.0224609375 0.0400390625
1 0.0380859375 0.2700195312 0.0371093750 0.0205078125
0 0.2060546875 0.4287109375 0.0351562500 0.0585937500
0 0.2485351562 0.4291992188 0.0341796875 0.0595703125
0 0.2871093750 0.4282226562 0.0332031250 0.0556640625
0 0.3276367188 0.4287109375 0.0341796875 0.0546875000
1 0.3251953125 0.5893554688 0.0546875000 0.0341796875
1 0.3261718750 0.6293945312 0.0527343750 0.0341796875
2 0.2866210938 0.7275390625 0.1337890625 0.1621093750
0 0.0107421875 0.3144531250 0.0214843750 0.0546875000
0 0.0429687500 0.3144531250 0.0312500000 0.0546875000
0 0.0097656250 0.3715820312 0.0195312500 0.0478515625
0 0.0415039062 0.3725585938 0.0322265625 0.0517578125
0 0.0908203125 0.3232421875 0.0507812500 0.0332031250
0 0.0898437500 0.3627929688 0.0507812500 0.0341796875
1 0.0380859375 0.4155273438 0.0390625000 0.0244140625
2 0.0429687500 0.4589843750 0.0625000000 0.0644531250
