1 0.5136718750 0.0268554688 0.0566406250 0.0361328125
1 0.8203125000 0.0273437500 0.0390625000 0.0546875000
1 0.6811523438 0.0859375000 0.0537109375 0.0371093750
1 0.7753906250 0.0898437500 0.0332031250 0.0546875000
0 0.8139648438 0.0893554688 0.0341796875 0.0556640625
1 0.8510742188 0.0888671875 0.0341796875 0.0527343750
0 0.5156250000 0.0703125000 0.0585937500 0.0371093750
1 0.5131835938 0.1152343750 0.0556640625 0.0371093750
1 0.5537109375 0.1708984375 0.1367187500 0.0605468750
1 0.6962890625 0.1503906250 0.0839843750 0.0585937500
1 0.7988281250 0.1508789062 0.0839843750 0.0556640625
0 0.9013671875 0.2202148438 0.0527343750 0.0322265625
0 0.9599609375 0.2202148438 0.0507812500 0.0322265625
0 0.9589843750 0.2753906250 0.0527343750 0.0332031250
0 0.9028320312 0.2739257812 0.0517578125 0.0341796875
1 0.9023437500 0.3149414062 0.0527343750 0.0341796875
1 0.9086914062 0.4575195312 0.0869140625 0.0595703125
2 0.8164062500 0.4809570312 0.0878906250 0.1396484375
1 0.8374023438 0.5703125000 0.0380859375 0.0234375000
0 0.9594726562 0.5341796875 0.0517578125 0.0351562500
0 0.9018554688 0.5336914062 0.0517578125 0.0341796875
0 0.9008789062 0.5883789062 0.0517578125 0.0361328125
0 0.9594726562 0.5878906250 0.0517578125 0.0332031250
1 0.9028320312 0.6264648438 0.0537109375 0.0341796875
1 0.9106445312 0.7675781250 0.0810546875 0.0566406250
1 0.5322265625 0.9726562500 0.0546875000 0.0351562500
1 0.4746093750 0.9731445312 0.0527343750 0.0341796875
1 0.4169921875 0.9726562500 0.0546875000 0.0332031250
1 0.3593750000 0.9731445312 0.0546875000 0.0341796875
1 0.3017578125 0.9726562500 0.0546875000 0.0351562500
1 0.2441406250 0.9726562500 0.0546875000 0.0332031250
1 0.1845703125 0.9731445312 0.0527343750 0.0322265625
1 0.1259765625 0.9731445312 0.0546875000 0.0361328125
