1 0.1972656250 0.0463867188 0.0566406250 0.0361328125
1 0.5395507812 0.0131835938 0.0263671875 0.0263671875
1 0.5039062500 0.0380859375 0.0390625000 0.0722656250
0 0.3637695312 0.0107421875 0.0517578125 0.0214843750
1 0.3647460938 0.1054687500 0.0537109375 0.0371093750
1 0.4589843750 0.1093750000 0.0332031250 0.0546875000
0 0.4975585938 0.1088867188 0.0341796875 0.0556640625
1 0.5346679688 0.1083984375 0.0341796875 0.0527343750
0 0.1992187500 0.0898437500 0.0585937500 0.0371093750
1 0.1967773438 0.1347656250 0.0556640625 0.0371093750
1 0.2373046875 0.1904296875 0.1367187500 0.0605468750
1 0.3798828125 0.1699218750 0.0839843750 0.0585937500
1 0.4824218750 0.1704101562 0.0839843750 0.0556640625
0 0.5849609375 0.2397460938 0.0527343750 0.0322265625
0 0.6435546875 0.2397460938 0.0507812500 0.0322265625
0 0.6425781250 0.2949218750 0.0527343750 0.0332031250
0 0.5864257812 0.2934570312 0.0517578125 0.0341796875
1 0.5859375000 0.3344726562 0.0527343750 0.0341796875
1 0.7226562500 0.4169921875 0.0546875000 0.0332031250
1 0.5922851562 0.4770507812 0.0869140625 0.0595703125
2 0.5000000000 0.5004882812 0.0878906250 0.1396484375
1 0.5209960938 0.5898437500 0.0380859375 0.0234375000
0 0.6430664062 0.5537109375 0.0517578125 0.0351562500
0 0.5854492188 0.5532226562 0.0517578125 0.0341796875
0 0.5844726562 0.6079101562 0.0517578125 0.0361328125
0 0.6430664062 0.6074218750 0.0517578125 0.0332031250
1 0.5864257812 0.6459960938 0.0537109375 0.0341796875
1 0.7211914062 0.7299804688 0.0537109375 0.0341796875
1 0.5942382812 0.7871093750 0.0810546875 0.0566406250
3 0.8803710938 0.6381835938 0.2392578125 0.3115234375
3 0.8779296875 0.3256835938 0.2441406250 0.3173828125
1 0.2158203125 0.9873046875 0.0546875000 0.0253906250
1 0.1582031250 0.9877929688 0.0527343750 0.0244140625
1 0.1005859375 0.9877929688 0.0546875000 0.0244140625
1 0.0429687500 0.9877929688 0.0546875000 0.0244140625
