0 0.9418945312 0.1689453125 0.0576171875 0.0371093750
3 0.9213867188 0.1206054688 0.1435546875 0.0517578125
3 0.0878906250 0.2568359375 0.1757812500 0.5136718750
2 0.2700195312 0.1518554688 0.1318359375 0.2001953125
0 0.4848632812 0.0268554688 0.0302734375 0.0478515625
0 0.4843750000 0.0971679688 0.0332031250 0.0498046875
0 0.5249023438 0.0976562500 0.0322265625 0.0507812500
1 0.3647460938 0.0581054688 0.0341796875 0.0537109375
1 0.3657226562 0.1826171875 0.0341796875 0.0527343750
0 0.3974609375 0.2856445312 0.0527343750 0.0341796875
0 0.3955078125 0.3261718750 0.0527343750 0.0332031250
0 0.9794921875 0.4824218750 0.0390625000 0.0546875000
0 0.9350585938 0.4804687500 0.0361328125 0.0527343750
0 0.8906250000 0.4814453125 0.0351562500 0.0527343750
1 0.8491210938 0.4819335938 0.0361328125 0.0537109375
1 0.8398437500 0.4140625000 0.0429687500 0.0234375000
0 0.7524414062 0.4633789062 0.0322265625 0.0517578125
1 0.7441406250 0.5141601562 0.0527343750 0.0322265625
0 0.7133789062 0.4638671875 0.0341796875 0.0527343750
1 0.6445312500 0.5043945312 0.0390625000 0.0283203125
1 0.6606445312 0.4721679688 0.0576171875 0.0361328125
1 0.5844726562 0.3515625000 0.0341796875 0.0527343750
1 0.5527343750 0.3554687500 0.0253906250 0.0410156250
1 0.6484375000 0.3540039062 0.0820312500 0.0615234375
1 0.9375000000 0.5952148438 0.1250000000 0.0830078125
2 0.5000000000 0.5000000000 0.2363281250 0.2441406250
0 0.3500976562 0.4516601562 0.0537109375 0.0341796875
1 0.3569335938 0.4960937500 0.0400390625 0.0253906250
1 0.3491210938 0.5288085938 0.0517578125 0.0380859375
2 0.0766601562 0.5869140625 0.1533203125 0.1367187500
1 0.0468750000 0.6928710938 0.0332031250 0.0576171875
3 0.7998046875 0.7812500000 0.4003906250 0.3339843750
1 0.2343750000 0.8500976562 0.0566406250 0.0361328125
0 0.3925781250 0.6416015625 0.0351562500 0.0527343750
0 0.3920898438 0.6982421875 0.0322265625 0.0546875000
0 0.5771484375 0.6806640625 0.0156250000 0.0292968750
1 0.4677734375 0.6542968750 0.0214843750 0.0429687500
1 0.5478515625 0.6406250000 0.0546875000 0.0332031250
0 0.5522460938 0.6801757812 0.0126953125 0.0263671875
1 0.5151367188 0.6953125000 0.0205078125 0.0410156250
1 0.5146484375 0.7514648438 0.0234375000 0.0400390625
1 0.5629882812 0.7114257812 0.0361328125 0.0224609375
1 0.5664062500 0.7373046875 0.0273437500 0.0156250000
1 0.5766601562 0.8110351562 0.0263671875 0.0380859375
0 0.5532226562 0.7670898438 0.0166015625 0.0302734375
0 0.5771484375 0.7675781250 0.0156250000 0.0312500000
1 0.5410156250 0.8417968750 0.0390625000 0.0722656250
1 0.4008789062 0.7680664062 0.0517578125 0.0361328125
0 0.4008789062 0.8076171875 0.0517578125 0.0351562500
1 0.4018554688 0.9091796875 0.0537109375 0.0371093750
1 0.4960937500 0.9130859375 0.0332031250 0.0546875000
0 0.5346679688 0.9125976562 0.0341796875 0.0556640625
1 0.5717773438 0.9121093750 0.0341796875 0.0527343750
0 0.2363281250 0.8935546875 0.0585937500 0.0371093750
1 0.2338867188 0.9384765625 0.0556640625 0.0371093750
1 0.2744140625 0.9819335938 0.1367187500 0.0361328125
1 0.4169921875 0.9721679688 0.0839843750 0.0556640625
1 0.5195312500 0.9731445312 0.0839843750 0.0537109375
