1 0.4907226562 0.8969726562 0.0556640625 0.0341796875
1 0.1406250000 0.8959960938 0.0546875000 0.0361328125
0 0.0498046875 0.4975585938 0.0390625000 0.0595703125
1 0.0522460938 0.3828125000 0.0341796875 0.0566406250
0 0.1586914062 0.4082031250 0.0615234375 0.0351562500
0 0.2250976562 0.3554687500 0.0361328125 0.0527343750
0 0.2255859375 0.2988281250 0.0312500000 0.0527343750
1 0.1635742188 0.2485351562 0.0400390625 0.0263671875
0 0.1455078125 0.1982421875 0.0371093750 0.0546875000
1 0.0532226562 0.1977539062 0.0341796875 0.0537109375
1 0.3256835938 0.3984375000 0.0556640625 0.0351562500
1 0.3159179688 0.3154296875 0.0771484375 0.0429687500
1 0.2744140625 0.2802734375 0.0371093750 0.0234375000
3 0.7138671875 0.3208007812 0.2343750000 0.6416015625
2 0.9501953125 0.3520507812 0.0996093750 0.2294921875
1 0.8750000000 0.3144531250 0.0234375000 0.0449218750
1 0.8750000000 0.4155273438 0.0273437500 0.0458984375
1 0.8793945312 0.4936523438 0.0302734375 0.0556640625
1 0.9262695312 0.4892578125 0.0400390625 0.0273437500
2 0.9248046875 0.5312500000 0.0507812500 0.0546875000
1 0.8666992188 0.6748046875 0.0830078125 0.0566406250
1 0.6215820312 0.6567382812 0.0537109375 0.0322265625
1 0.7363281250 0.6567382812 0.0527343750 0.0341796875
2 0.7133789062 0.7485351562 0.2021484375 0.1396484375
1 0.2519531250 0.0424804688 0.0371093750 0.0205078125
0 0.4199218750 0.2011718750 0.0351562500 0.0585937500
0 0.4624023438 0.2016601562 0.0341796875 0.0595703125
0 0.5009765625 0.2006835938 0.0332031250 0.0556640625
0 0.5415039062 0.2011718750 0.0341796875 0.0546875000
1 0.5390625000 0.3618164062 0.0546875000 0.0341796875
1 0.5400390625 0.4018554688 0.0527343750 0.0341796875
2 0.5004882812 0.5000000000 0.1337890625 0.1621093750
1 0.1630859375 0.0175781250 0.0410156250 0.0273437500
0 0.0522460938 0.1254882812 0.0322265625 0.0576171875
0 0.2182617188 0.0869140625 0.0341796875 0.0546875000
0 0.2568359375 0.0869140625 0.0312500000 0.0546875000
0 0.2172851562 0.1440429688 0.0322265625 0.0478515625
0 0.2553710938 0.1450195312 0.0322265625 0.0517578125
0 0.3046875000 0.0957031250 0.0507812500 0.0332031250
0 0.3037109375 0.1352539062 0.0507812500 0.0341796875
1 0.1962890625 0.2036132812 0.0234375000 0.0419921875
1 0.2519531250 0.1879882812 0.0390625000 0.0244140625
2 0.2568359375 0.2314453125 0.0625000000 0.0644531250
