1 0.0659179688 0.8657226562 0.0556640625 0.0341796875
3 0.2890625000 0.3051757812 0.2343750000 0.6103515625
2 0.5654296875 0.3208007812 0.1796875000 0.2294921875
1 0.4501953125 0.2832031250 0.0234375000 0.0449218750
1 0.4501953125 0.3842773438 0.0273437500 0.0458984375
1 0.4545898438 0.4624023438 0.0302734375 0.0556640625
1 0.6787109375 0.2866210938 0.0273437500 0.0380859375
1 0.6777343750 0.3847656250 0.0273437500 0.0429687500
1 0.5014648438 0.4580078125 0.0400390625 0.0273437500
2 0.5000000000 0.5000000000 0.0507812500 0.0546875000
1 0.4418945312 0.6435546875 0.0830078125 0.0566406250
1 0.1967773438 0.6254882812 0.0537109375 0.0322265625
1 0.3115234375 0.6254882812 0.0527343750 0.0341796875
2 0.2885742188 0.7172851562 0.2021484375 0.1396484375
0 0.0375976562 0.1704101562 0.0341796875 0.0595703125
0 0.0761718750 0.1694335938 0.0332031250 0.0556640625
0 0.1166992188 0.1699218750 0.0341796875 0.0546875000
1 0.1142578125 0.3305664062 0.0546875000 0.0341796875
1 0.1152343750 0.3706054688 0.0527343750 0.0341796875
2 0.0756835938 0.4687500000 0.1337890625 0.1621093750
