0 0.5673828125 0.1640625000 0.0546875000 0.0292968750
0 0.6049804688 0.5488281250 0.0576171875 0.0371093750
3 0.5844726562 0.5004882812 0.1435546875 0.0517578125
1 0.1337890625 0.1245117188 0.1328125000 0.0634765625
3 0.5888671875 0.1245117188 0.1386718750 0.0673828125
3 0.5854492188 0.2285156250 0.0986328125 0.0371093750
0 0.1445312500 0.2216796875 0.0351562500 0.0527343750
0 0.1909179688 0.2236328125 0.0361328125 0.0527343750
0 0.2290039062 0.2226562500 0.0380859375 0.0566406250
0 0.1479492188 0.3164062500 0.0322265625 0.0546875000
0 0.1479492188 0.4067382812 0.0302734375 0.0478515625
0 0.1474609375 0.4770507812 0.0332031250 0.0498046875
0 0.1879882812 0.4775390625 0.0322265625 0.0507812500
1 0.0283203125 0.2221679688 0.0371093750 0.0556640625
1 0.0302734375 0.3364257812 0.0312500000 0.0517578125
1 0.0278320312 0.4379882812 0.0341796875 0.0537109375
1 0.0288085938 0.5625000000 0.0341796875 0.0527343750
0 0.0605468750 0.6655273438 0.0527343750 0.0341796875
0 0.0585937500 0.7060546875 0.0527343750 0.0332031250
0 0.6425781250 0.8623046875 0.0390625000 0.0546875000
0 0.5981445312 0.8603515625 0.0361328125 0.0527343750
0 0.5537109375 0.8613281250 0.0351562500 0.0527343750
1 0.5122070312 0.8618164062 0.0361328125 0.0537109375
1 0.5029296875 0.7939453125 0.0429687500 0.0234375000
0 0.4155273438 0.8432617188 0.0322265625 0.0517578125
1 0.4072265625 0.8940429688 0.0527343750 0.0322265625
0 0.3764648438 0.8437500000 0.0341796875 0.0527343750
1 0.3076171875 0.8842773438 0.0390625000 0.0283203125
1 0.3237304688 0.8520507812 0.0576171875 0.0361328125
1 0.2475585938 0.7314453125 0.0341796875 0.0527343750
1 0.2158203125 0.7353515625 0.0253906250 0.0410156250
1 0.3115234375 0.7338867188 0.0820312500 0.0615234375
1 0.6020507812 0.9667968750 0.1279296875 0.0664062500
2 0.1630859375 0.8789062500 0.2363281250 0.2421875000
0 0.0200195312 0.8315429688 0.0400390625 0.0341796875
1 0.0200195312 0.8759765625 0.0400390625 0.0253906250
1 0.0190429688 0.9086914062 0.0380859375 0.0380859375
