1 0.3129882812 0.0749511719 0.0732421875 0.0317382812
1 0.3122558594 0.1066894531 0.0737304688 0.0297851562
1 0.4160156250 0.1530761719 0.0722656250 0.0317382812
1 0.4316406250 0.1811523438 0.0263671875 0.0175781250
1 0.4321289062 0.2011718750 0.0273437500 0.0175781250
1 0.4338378906 0.2209472656 0.0200195312 0.0102539062
1 0.4150390625 0.2460937500 0.0732421875 0.0312500000
1 0.4152832031 0.2871093750 0.0717773438 0.0302734375
1 0.4321289062 0.3144531250 0.0263671875 0.0166015625
1 0.4318847656 0.3347167969 0.0258789062 0.0161132812
1 0.4340820312 0.3544921875 0.0185546875 0.0107421875
1 0.4140625000 0.3801269531 0.0712890625 0.0297851562
1 0.4145507812 0.4233398438 0.0732421875 0.0302734375
2 0.3713378906 0.1992187500 0.0903320312 0.0566406250
0 0.4663085938 0.1811523438 0.0273437500 0.0175781250
0 0.4660644531 0.2009277344 0.0268554688 0.0170898438
0 0.4660644531 0.2209472656 0.0258789062 0.0161132812
1 0.5051269531 0.2255859375 0.0161132812 0.0253906250
1 0.5322265625 0.2260742188 0.0156250000 0.0273437500
1 0.5573730469 0.2258300781 0.0161132812 0.0258789062
1 0.5839843750 0.2263183594 0.0166015625 0.0258789062
1 0.7727050781 0.1086425781 0.0737304688 0.0327148438
1 0.6762695312 0.1552734375 0.0712890625 0.0322265625
0 0.6250000000 0.1821289062 0.0253906250 0.0166015625
0 0.6247558594 0.2023925781 0.0268554688 0.0170898438
0 0.6242675781 0.2216796875 0.0258789062 0.0166015625
2 0.7214355469 0.2028808594 0.0942382812 0.0571289062
1 0.6779785156 0.2482910156 0.0678710938 0.0278320312
1 0.6582031250 0.2021484375 0.0253906250 0.0166015625
1 0.6589355469 0.2216796875 0.0258789062 0.0156250000
1 0.6564941406 0.1816406250 0.0200195312 0.0126953125
0 0.9890136719 0.4492187500 0.0219726562 0.0146484375
3 0.0502929688 0.1542968750 0.0761718750 0.2148437500
3 0.5441894531 0.1303710938 0.2260742188 0.1611328125
1 0.6765136719 0.2895507812 0.0717773438 0.0292968750
1 0.7749023438 0.4294433594 0.0664062500 0.0317382812
1 0.6752929688 0.3825683594 0.0732421875 0.0336914062
2 0.7199707031 0.3352050781 0.0952148438 0.0581054688
1 0.6579589844 0.3554687500 0.0268554688 0.0166015625
1 0.6586914062 0.3356933594 0.0263671875 0.0170898438
1 0.6567382812 0.3149414062 0.0205078125 0.0126953125
2 0.3706054688 0.3330078125 0.0917968750 0.0585937500
2 0.3703613281 0.4694824219 0.0903320312 0.0571289062
1 0.4318847656 0.4501953125 0.0278320312 0.0166015625
1 0.4309082031 0.4711914062 0.0268554688 0.0185546875
1 0.4331054688 0.4904785156 0.0205078125 0.0141601562
1 0.4838867188 0.5505371094 0.0175781250 0.0288085938
1 0.4145507812 0.5168457031 0.0722656250 0.0297851562
1 0.4145507812 0.5573730469 0.0732421875 0.0288085938
1 0.4313964844 0.5849609375 0.0268554688 0.0175781250
1 0.4316406250 0.6049804688 0.0283203125 0.0175781250
1 0.4335937500 0.6247558594 0.0205078125 0.0112304688
2 0.3701171875 0.6040039062 0.0917968750 0.0566406250
1 0.4143066406 0.6511230469 0.0717773438 0.0336914062
1 0.4729003906 0.6525878906 0.0415039062 0.0307617188
1 0.3740234375 0.6989746094 0.0097656250 0.0180664062
1 0.4853515625 0.6989746094 0.0126953125 0.0180664062
1 0.4853515625 0.7604980469 0.0117187500 0.0190429688
1 0.3740234375 0.7482910156 0.0126953125 0.0209960938
2 0.4299316406 0.7304687500 0.0893554688 0.1132812500
3 0.5683593750 0.6311035156 0.1181640625 0.3657226562
1 0.3122558594 0.6962890625 0.0727539062 0.0322265625
1 0.3117675781 0.7275390625 0.0737304688 0.0312500000
2 0.6748046875 0.5283203125 0.0664062500 0.1005859375
2 0.6745605469 0.6330566406 0.0659179688 0.1000976562
1 0.6489257812 0.4641113281 0.0175781250 0.0278320312
0 0.7802734375 0.4780273438 0.0175781250 0.0263671875
0 0.8034667969 0.4790039062 0.0180664062 0.0263671875
0 0.8225097656 0.4785156250 0.0190429688 0.0283203125
0 0.7819824219 0.5253906250 0.0161132812 0.0273437500
0 0.7819824219 0.5705566406 0.0151367188 0.0239257812
0 0.7817382812 0.6057128906 0.0166015625 0.0249023438
0 0.8020019531 0.6059570312 0.0161132812 0.0253906250
1 0.7221679688 0.4782714844 0.0185546875 0.0278320312
1 0.7231445312 0.5354003906 0.0156250000 0.0258789062
1 0.7219238281 0.5861816406 0.0170898438 0.0268554688
1 0.7224121094 0.6484375000 0.0170898438 0.0263671875
0 0.7382812500 0.6999511719 0.0263671875 0.0170898438
0 0.7373046875 0.7202148438 0.0263671875 0.0166015625
0 0.9848632812 0.7978515625 0.0175781250 0.0263671875
1 0.9641113281 0.7980957031 0.0180664062 0.0268554688
1 0.9594726562 0.7641601562 0.0214843750 0.0117187500
0 0.9157714844 0.7888183594 0.0161132812 0.0258789062
1 0.9116210938 0.8142089844 0.0263671875 0.0161132812
0 0.8962402344 0.7890625000 0.0170898438 0.0263671875
1 0.8618164062 0.8093261719 0.0195312500 0.0141601562
1 0.8698730469 0.7932128906 0.0288085938 0.0180664062
1 0.8317871094 0.7329101562 0.0170898438 0.0263671875
1 0.8159179688 0.7348632812 0.0126953125 0.0205078125
1 0.8637695312 0.7341308594 0.0410156250 0.0307617188
2 0.7895507812 0.8071289062 0.1181640625 0.1220703125
0 0.7145996094 0.7829589844 0.0268554688 0.0170898438
1 0.7180175781 0.8051757812 0.0200195312 0.0126953125
1 0.7141113281 0.8215332031 0.0258789062 0.0190429688
2 0.5659179688 0.8505859375 0.1005859375 0.0683593750
1 0.5629882812 0.9035644531 0.0166015625 0.0288085938
1 0.5024414062 0.9050292969 0.0419921875 0.0297851562
2 0.4794921875 0.8239746094 0.0273437500 0.0278320312
1 0.4790039062 0.8425292969 0.0195312500 0.0112304688
3 0.9196777344 0.9321289062 0.1606445312 0.1357421875
1 0.6567382812 0.9821777344 0.0283203125 0.0180664062
0 0.7358398438 0.8779296875 0.0175781250 0.0263671875
0 0.7355957031 0.9062500000 0.0161132812 0.0273437500
0 0.8281250000 0.8974609375 0.0078125000 0.0146484375
1 0.7734375000 0.8842773438 0.0107421875 0.0214843750
1 0.8134765625 0.8774414062 0.0273437500 0.0166015625
0 0.8156738281 0.8972167969 0.0063476562 0.0131835938
1 0.7971191406 0.9047851562 0.0102539062 0.0205078125
1 0.7968750000 0.9328613281 0.0117187500 0.0200195312
1 0.8210449219 0.9128417969 0.0180664062 0.0112304688
1 0.8227539062 0.9257812500 0.0136718750 0.0078125000
1 0.8278808594 0.9626464844 0.0131835938 0.0190429688
0 0.8161621094 0.9406738281 0.0083007812 0.0151367188
0 0.8281250000 0.9409179688 0.0078125000 0.0156250000
1 0.8100585938 0.9780273438 0.0195312500 0.0361328125
1 0.7399902344 0.9411621094 0.0258789062 0.0180664062
0 0.7399902344 0.9609375000 0.0258789062 0.0175781250
