3 0.1328125000 0.2001953125 0.2207031250 0.2285156250
1 0.1459960938 0.3354492188 0.0556640625 0.0341796875
1 0.1445312500 0.4331054688 0.0507812500 0.0322265625
0 0.1616210938 0.3862304688 0.0302734375 0.0537109375
1 0.2075195312 0.3364257812 0.0498046875 0.0322265625
0 0.0883789062 0.8842773438 0.0322265625 0.0576171875
0 0.0869140625 0.9609375000 0.0351562500 0.0527343750
1 0.2875976562 0.1562500000 0.0556640625 0.0351562500
1 0.3447265625 0.1572265625 0.0546875000 0.0351562500
1 0.4033203125 0.1572265625 0.0527343750 0.0351562500
1 0.4599609375 0.1567382812 0.0527343750 0.0322265625
1 0.5180664062 0.1572265625 0.0537109375 0.0332031250
1 0.5776367188 0.1572265625 0.0556640625 0.0351562500
1 0.6362304688 0.1577148438 0.0537109375 0.0341796875
1 0.6938476562 0.1572265625 0.0537109375 0.0351562500
1 0.2851562500 0.4804687500 0.0527343750 0.0332031250
1 0.3432617188 0.4809570312 0.0517578125 0.0341796875
1 0.4023437500 0.4814453125 0.0527343750 0.0351562500
1 0.4599609375 0.4814453125 0.0527343750 0.0351562500
1 0.5180664062 0.4824218750 0.0537109375 0.0371093750
1 0.5766601562 0.4819335938 0.0537109375 0.0361328125
1 0.6337890625 0.4809570312 0.0527343750 0.0341796875
1 0.6923828125 0.4824218750 0.0546875000 0.0371093750
1 0.1040039062 0.7456054688 0.2080078125 0.2177734375
1 0.3134765625 0.7519531250 0.2128906250 0.2070312500
1 0.5273437500 0.7509765625 0.2011718750 0.2070312500
1 0.5253906250 0.9326171875 0.2011718750 0.1347656250
1 0.3110351562 0.5800781250 0.0791015625 0.1542968750
1 0.4301757812 0.5791015625 0.0751953125 0.1640625000
1 0.5483398438 0.5830078125 0.0751953125 0.1582031250
1 0.6655273438 0.5810546875 0.0771484375 0.1582031250
3 0.5000000000 0.3188476562 0.4824218750 0.2392578125
3 0.8608398438 0.3071289062 0.1416015625 0.4287109375
0 0.1279296875 0.8867187500 0.0351562500 0.0566406250
0 0.1665039062 0.8852539062 0.0341796875 0.0556640625
0 0.2041015625 0.8847656250 0.0351562500 0.0527343750
0 0.1274414062 0.9624023438 0.0322265625 0.0576171875
0 0.3378906250 0.9394531250 0.0761718750 0.0429687500
1 0.2548828125 0.9384765625 0.0761718750 0.0390625000
1 0.2456054688 0.9804687500 0.0537109375 0.0351562500
0 0.1655273438 0.9624023438 0.0341796875 0.0595703125
1 0.4248046875 0.9008789062 0.0312500000 0.0556640625
1 0.6035156250 0.8491210938 0.0351562500 0.0205078125
1 0.6040039062 0.8793945312 0.0380859375 0.0224609375
1 0.6333007812 0.6953125000 0.0166015625 0.0371093750
0 0.6313476562 0.8144531250 0.0166015625 0.0371093750
