1 0.9238281250 0.0190429688 0.0390625000 0.0283203125
2 0.7792968750 0.0683593750 0.2363281250 0.1367187500
1 0.6362304688 0.0117187500 0.0400390625 0.0234375000
1 0.6284179688 0.0434570312 0.0517578125 0.0380859375
2 0.3320312500 0.1015625000 0.2011718750 0.1367187500
1 0.3261718750 0.2075195312 0.0332031250 0.0576171875
1 0.2050781250 0.2104492188 0.0839843750 0.0595703125
2 0.1591796875 0.0483398438 0.0546875000 0.0556640625
1 0.1582031250 0.0854492188 0.0390625000 0.0224609375
1 0.5136718750 0.3647460938 0.0566406250 0.0361328125
0 0.6718750000 0.1562500000 0.0351562500 0.0527343750
0 0.6713867188 0.2128906250 0.0322265625 0.0546875000
0 0.8564453125 0.1953125000 0.0156250000 0.0292968750
1 0.7470703125 0.1689453125 0.0214843750 0.0429687500
1 0.8271484375 0.1552734375 0.0546875000 0.0332031250
0 0.8315429688 0.1948242188 0.0126953125 0.0263671875
1 0.7944335938 0.2099609375 0.0205078125 0.0410156250
1 0.7939453125 0.2661132812 0.0234375000 0.0400390625
1 0.8422851562 0.2260742188 0.0361328125 0.0224609375
1 0.8457031250 0.2519531250 0.0273437500 0.0156250000
1 0.8559570312 0.3256835938 0.0263671875 0.0380859375
0 0.8325195312 0.2817382812 0.0166015625 0.0302734375
0 0.8564453125 0.2822265625 0.0156250000 0.0312500000
1 0.8203125000 0.3564453125 0.0390625000 0.0722656250
1 0.6801757812 0.2827148438 0.0517578125 0.0361328125
0 0.6801757812 0.3222656250 0.0517578125 0.0351562500
1 0.6811523438 0.4238281250 0.0537109375 0.0371093750
1 0.7753906250 0.4277343750 0.0332031250 0.0546875000
0 0.8139648438 0.4272460938 0.0341796875 0.0556640625
1 0.8510742188 0.4267578125 0.0341796875 0.0527343750
0 0.5156250000 0.4082031250 0.0585937500 0.0371093750
1 0.5131835938 0.4531250000 0.0556640625 0.0371093750
1 0.5537109375 0.5087890625 0.1367187500 0.0605468750
1 0.6962890625 0.4882812500 0.0839843750 0.0585937500
1 0.7988281250 0.4887695312 0.0839843750 0.0556640625
0 0.9013671875 0.5581054688 0.0527343750 0.0322265625
0 0.9599609375 0.5581054688 0.0507812500 0.0322265625
0 0.9589843750 0.6132812500 0.0527343750 0.0332031250
0 0.9028320312 0.6118164062 0.0517578125 0.0341796875
1 0.9023437500 0.6528320312 0.0527343750 0.0341796875
1 0.9086914062 0.7954101562 0.0869140625 0.0595703125
2 0.8164062500 0.8188476562 0.0878906250 0.1396484375
1 0.8374023438 0.9082031250 0.0380859375 0.0234375000
0 0.9594726562 0.8720703125 0.0517578125 0.0351562500
0 0.9018554688 0.8715820312 0.0517578125 0.0341796875
0 0.9008789062 0.9262695312 0.0517578125 0.0361328125
0 0.9594726562 0.9257812500 0.0517578125 0.0332031250
1 0.9028320312 0.9643554688 0.0537109375 0.0341796875
