1 0.0205078125 0.0722656250 0.0410156250 0.0332031250
1 0.0200195312 0.1127929688 0.0400390625 0.0322265625
1 0.0185546875 0.1523437500 0.0371093750 0.0214843750
1 0.5034179688 0.0258789062 0.1435546875 0.0517578125
1 0.7001953125 0.3022460938 0.1328125000 0.0634765625
1 0.5009765625 0.2084960938 0.1464843750 0.0673828125
2 0.5903320312 0.1137695312 0.1904296875 0.1162109375
1 0.4663085938 0.1542968750 0.0537109375 0.0332031250
1 0.4677734375 0.1147460938 0.0527343750 0.0341796875
1 0.4638671875 0.0732421875 0.0410156250 0.0253906250
1 0.0209960938 0.3437500000 0.0419921875 0.0332031250
1 0.0195312500 0.3857421875 0.0390625000 0.0371093750
1 0.0185546875 0.4243164062 0.0371093750 0.0283203125
1 0.1181640625 0.5444335938 0.0351562500 0.0576171875
1 0.0200195312 0.6132812500 0.0400390625 0.0351562500
1 0.0209960938 0.6533203125 0.0419921875 0.0351562500
1 0.0190429688 0.6928710938 0.0380859375 0.0224609375
1 0.0961914062 0.7485351562 0.0830078125 0.0615234375
1 0.1210937500 0.8413085938 0.0253906250 0.0361328125
1 0.1210937500 0.9643554688 0.0234375000 0.0380859375
2 0.0498046875 0.8955078125 0.0996093750 0.2089843750
3 0.2871093750 0.6699218750 0.2363281250 0.6601562500
2 0.5000000000 0.5000000000 0.1328125000 0.2011718750
2 0.4995117188 0.7094726562 0.1318359375 0.2001953125
1 0.4482421875 0.3715820312 0.0351562500 0.0556640625
0 0.7109375000 0.3994140625 0.0351562500 0.0527343750
0 0.7573242188 0.4013671875 0.0361328125 0.0527343750
0 0.7954101562 0.4003906250 0.0380859375 0.0566406250
0 0.7143554688 0.4941406250 0.0322265625 0.0546875000
0 0.7143554688 0.5844726562 0.0302734375 0.0478515625
0 0.7138671875 0.6547851562 0.0332031250 0.0498046875
0 0.7543945312 0.6552734375 0.0322265625 0.0507812500
1 0.5947265625 0.3999023438 0.0371093750 0.0556640625
1 0.5966796875 0.5141601562 0.0312500000 0.0517578125
1 0.5942382812 0.6157226562 0.0341796875 0.0537109375
1 0.5952148438 0.7402343750 0.0341796875 0.0527343750
0 0.6269531250 0.8432617188 0.0527343750 0.0341796875
0 0.6250000000 0.8837890625 0.0527343750 0.0332031250
1 0.8139648438 0.9091796875 0.0341796875 0.0527343750
1 0.7822265625 0.9130859375 0.0253906250 0.0410156250
1 0.8779296875 0.9116210938 0.0820312500 0.0615234375
