1 0.1923828125 0.0849609375 0.1464843750 0.0605468750
1 0.9130859375 0.0971679688 0.1328125000 0.0634765625
1 0.7138671875 0.0185546875 0.1464843750 0.0371093750
2 0.1040039062 0.1772460938 0.1806640625 0.1142578125
1 0.2270507812 0.1386718750 0.0556640625 0.0332031250
1 0.2250976562 0.1806640625 0.0537109375 0.0371093750
1 0.2294921875 0.2192382812 0.0410156250 0.0283203125
1 0.3310546875 0.3393554688 0.0351562500 0.0576171875
1 0.1923828125 0.2719726562 0.1445312500 0.0595703125
1 0.1923828125 0.3530273438 0.1464843750 0.0576171875
1 0.2260742188 0.4082031250 0.0537109375 0.0351562500
1 0.2265625000 0.4482421875 0.0566406250 0.0351562500
1 0.2304687500 0.4877929688 0.0410156250 0.0224609375
2 0.1035156250 0.4462890625 0.1835937500 0.1132812500
1 0.1918945312 0.5405273438 0.1435546875 0.0673828125
1 0.3090820312 0.5434570312 0.0830078125 0.0615234375
1 0.1113281250 0.6362304688 0.0195312500 0.0361328125
1 0.3339843750 0.6362304688 0.0253906250 0.0361328125
1 0.3339843750 0.7592773438 0.0234375000 0.0380859375
1 0.1113281250 0.7348632812 0.0253906250 0.0419921875
2 0.2231445312 0.6992187500 0.1787109375 0.2265625000
3 0.5000000000 0.5004882812 0.2363281250 0.7314453125
2 0.7128906250 0.2949218750 0.1328125000 0.2011718750
2 0.7124023438 0.5043945312 0.1318359375 0.2001953125
1 0.6611328125 0.1665039062 0.0351562500 0.0556640625
0 0.9238281250 0.1943359375 0.0351562500 0.0527343750
0 0.9702148438 0.1962890625 0.0361328125 0.0527343750
0 0.9272460938 0.2890625000 0.0322265625 0.0546875000
0 0.9272460938 0.3793945312 0.0302734375 0.0478515625
0 0.9267578125 0.4497070312 0.0332031250 0.0498046875
0 0.9672851562 0.4501953125 0.0322265625 0.0507812500
1 0.8076171875 0.1948242188 0.0371093750 0.0556640625
1 0.8095703125 0.3090820312 0.0312500000 0.0517578125
1 0.8071289062 0.4106445312 0.0341796875 0.0537109375
1 0.8081054688 0.5351562500 0.0341796875 0.0527343750
0 0.8398437500 0.6381835938 0.0527343750 0.0341796875
0 0.8378906250 0.6787109375 0.0527343750 0.0332031250
1 0.9912109375 0.7080078125 0.0175781250 0.0410156250
2 0.9121093750 0.8525390625 0.1757812500 0.2441406250
0 0.7924804688 0.8041992188 0.0537109375 0.0341796875
1 0.7993164062 0.8486328125 0.0400390625 0.0253906250
1 0.7915039062 0.8813476562 0.0517578125 0.0380859375
2 0.4951171875 0.9355468750 0.2011718750 0.1289062500
2 0.3222656250 0.8862304688 0.0546875000 0.0556640625
1 0.3212890625 0.9233398438 0.0390625000 0.0224609375
0 0.8349609375 0.9838867188 0.0351562500 0.0322265625
