3 0.4194335938 0.1987304688 0.3896484375 0.3974609375
0 0.7465820312 0.0844726562 0.0322265625 0.0576171875
0 0.7451171875 0.1611328125 0.0351562500 0.0527343750
0 0.7861328125 0.0869140625 0.0351562500 0.0566406250
0 0.8247070312 0.0854492188 0.0341796875 0.0556640625
0 0.8623046875 0.0849609375 0.0351562500 0.0527343750
0 0.7856445312 0.1625976562 0.0322265625 0.0576171875
0 0.9790039062 0.1396484375 0.0419921875 0.0429687500
1 0.9130859375 0.1386718750 0.0761718750 0.0390625000
1 0.9038085938 0.1806640625 0.0537109375 0.0351562500
0 0.8237304688 0.1625976562 0.0341796875 0.0595703125
1 0.7465820312 0.2226562500 0.0341796875 0.0546875000
1 0.7851562500 0.2148437500 0.0273437500 0.0410156250
1 0.9858398438 0.2021484375 0.0283203125 0.0566406250
1 0.9863281250 0.2500000000 0.0273437500 0.0234375000
1 0.9843750000 0.2856445312 0.0312500000 0.0283203125
1 0.9853515625 0.3203125000 0.0292968750 0.0292968750
1 0.9858398438 0.3647460938 0.0283203125 0.0537109375
1 0.9858398438 0.4287109375 0.0283203125 0.0546875000
2 0.8818359375 0.2880859375 0.1523437500 0.1855468750
1 0.7534179688 0.2919921875 0.0244140625 0.0351562500
1 0.7534179688 0.3618164062 0.0224609375 0.0380859375
0 0.7211914062 0.2958984375 0.0302734375 0.0507812500
0 0.7207031250 0.3540039062 0.0312500000 0.0517578125
0 0.6831054688 0.3564453125 0.0322265625 0.0546875000
0 0.6816406250 0.2958984375 0.0312500000 0.0585937500
1 0.7832031250 0.3828125000 0.0195312500 0.0390625000
2 0.8403320312 0.5405273438 0.1416015625 0.1240234375
0 0.7441406250 0.4335937500 0.0312500000 0.0605468750
0 0.7822265625 0.4326171875 0.0351562500 0.0566406250
0 0.8212890625 0.4321289062 0.0332031250 0.0556640625
0 0.8598632812 0.4316406250 0.0341796875 0.0546875000
0 0.7192382812 0.4970703125 0.0556640625 0.0332031250
0 0.7187500000 0.5556640625 0.0507812500 0.0312500000
0 0.7192382812 0.6127929688 0.0537109375 0.0283203125
0 0.7172851562 0.6708984375 0.0517578125 0.0332031250
0 0.7177734375 0.7309570312 0.0527343750 0.0322265625
3 0.4174804688 0.7001953125 0.3935546875 0.5625000000
1 0.7851562500 0.6401367188 0.0351562500 0.0556640625
1 0.9248046875 0.6582031250 0.0527343750 0.0371093750
1 0.9790039062 0.6699218750 0.0419921875 0.0546875000
1 0.8505859375 0.6411132812 0.0820312500 0.0576171875
1 0.9750976562 0.5927734375 0.0322265625 0.0527343750
1 0.9750976562 0.5307617188 0.0341796875 0.0576171875
1 0.9375000000 0.5312500000 0.0332031250 0.0546875000
1 0.9375000000 0.5927734375 0.0332031250 0.0527343750
1 0.7954101562 0.6992187500 0.0537109375 0.0332031250
1 0.8559570312 0.6982421875 0.0556640625 0.0371093750
2 0.8471679688 0.8085937500 0.1552734375 0.1835937500
1 0.9536132812 0.7778320312 0.0380859375 0.0556640625
0 0.7182617188 0.7890625000 0.0537109375 0.0332031250
0 0.7187500000 0.8461914062 0.0527343750 0.0322265625
0 0.7182617188 0.9062500000 0.0537109375 0.0332031250
1 0.9365234375 0.9316406250 0.0410156250 0.0253906250
2 0.8383789062 0.9560546875 0.1376953125 0.0878906250
1 0.5449218750 0.9912109375 0.0546875000 0.0175781250
