0 0.5673828125 0.4355468750 0.0546875000 0.0292968750
0 0.6049804688 0.8203125000 0.0576171875 0.0371093750
3 0.5844726562 0.7719726562 0.1435546875 0.0517578125
1 0.1337890625 0.3959960938 0.1328125000 0.0634765625
2 0.0595703125 0.2075195312 0.1191406250 0.1162109375
3 0.5888671875 0.3959960938 0.1386718750 0.0673828125
3 0.5854492188 0.5000000000 0.0986328125 0.0371093750
0 0.1445312500 0.4931640625 0.0351562500 0.0527343750
0 0.1909179688 0.4951171875 0.0361328125 0.0527343750
0 0.2290039062 0.4941406250 0.0380859375 0.0566406250
0 0.1479492188 0.5878906250 0.0322265625 0.0546875000
0 0.1479492188 0.6782226562 0.0302734375 0.0478515625
0 0.1474609375 0.7485351562 0.0332031250 0.0498046875
0 0.1879882812 0.7490234375 0.0322265625 0.0507812500
1 0.0283203125 0.4936523438 0.0371093750 0.0556640625
1 0.0302734375 0.6079101562 0.0312500000 0.0517578125
1 0.0278320312 0.7094726562 0.0341796875 0.0537109375
1 0.0288085938 0.8339843750 0.0341796875 0.0527343750
0 0.0605468750 0.9370117188 0.0527343750 0.0341796875
0 0.0585937500 0.9775390625 0.0527343750 0.0332031250
