0 0.4067382812 0.0444335938 0.0322265625 0.0576171875
0 0.4052734375 0.1210937500 0.0351562500 0.0527343750
1 0.8437500000 0.1240234375 0.2011718750 0.1972656250
1 0.8408203125 0.3339843750 0.2031250000 0.2070312500
1 0.8383789062 0.5522460938 0.2080078125 0.1923828125
0 0.4462890625 0.0468750000 0.0351562500 0.0566406250
0 0.4848632812 0.0454101562 0.0341796875 0.0556640625
0 0.5224609375 0.0449218750 0.0351562500 0.0527343750
0 0.4458007812 0.1225585938 0.0322265625 0.0576171875
0 0.6562500000 0.0996093750 0.0761718750 0.0429687500
1 0.5732421875 0.0986328125 0.0761718750 0.0390625000
1 0.5639648438 0.1406250000 0.0537109375 0.0351562500
0 0.4838867188 0.1225585938 0.0341796875 0.0595703125
1 0.4067382812 0.1826171875 0.0341796875 0.0546875000
1 0.4453125000 0.1748046875 0.0273437500 0.0410156250
1 0.7431640625 0.0610351562 0.0312500000 0.0556640625
1 0.6484375000 0.1621093750 0.0332031250 0.0566406250
1 0.7216796875 0.2578125000 0.0722656250 0.0371093750
1 0.7221679688 0.2153320312 0.0732421875 0.0380859375
1 0.6508789062 0.2099609375 0.0361328125 0.0234375000
1 0.6499023438 0.2456054688 0.0419921875 0.0283203125
1 0.6499023438 0.2802734375 0.0380859375 0.0292968750
1 0.6489257812 0.3247070312 0.0341796875 0.0537109375
1 0.6479492188 0.3886718750 0.0322265625 0.0546875000
1 0.6972656250 0.4042968750 0.0566406250 0.0839843750
2 0.5419921875 0.2480468750 0.1523437500 0.1855468750
1 0.4135742188 0.2519531250 0.0244140625 0.0351562500
1 0.4135742188 0.3217773438 0.0224609375 0.0380859375
0 0.3813476562 0.2558593750 0.0302734375 0.0507812500
0 0.3808593750 0.3139648438 0.0312500000 0.0517578125
0 0.3432617188 0.3164062500 0.0322265625 0.0546875000
0 0.3417968750 0.2558593750 0.0312500000 0.0585937500
1 0.4433593750 0.3427734375 0.0195312500 0.0390625000
2 0.5004882812 0.5004882812 0.1416015625 0.1240234375
0 0.4042968750 0.3935546875 0.0312500000 0.0605468750
0 0.4423828125 0.3925781250 0.0351562500 0.0566406250
0 0.4814453125 0.3920898438 0.0332031250 0.0556640625
0 0.5200195312 0.3916015625 0.0341796875 0.0546875000
0 0.3793945312 0.4570312500 0.0556640625 0.0332031250
0 0.3789062500 0.5156250000 0.0507812500 0.0312500000
0 0.3793945312 0.5727539062 0.0537109375 0.0283203125
0 0.3774414062 0.6308593750 0.0517578125 0.0332031250
0 0.3779296875 0.6909179688 0.0527343750 0.0322265625
3 0.1372070312 0.6601562500 0.2744140625 0.5625000000
1 0.4453125000 0.6000976562 0.0351562500 0.0556640625
1 0.5849609375 0.6181640625 0.0527343750 0.0371093750
1 0.6601562500 0.6298828125 0.0839843750 0.0546875000
1 0.5107421875 0.6010742188 0.0820312500 0.0576171875
1 0.6352539062 0.5527343750 0.0322265625 0.0527343750
1 0.6352539062 0.4907226562 0.0341796875 0.0576171875
1 0.5976562500 0.4912109375 0.0332031250 0.0546875000
1 0.5976562500 0.5527343750 0.0332031250 0.0527343750
0 0.7080078125 0.5625000000 0.0722656250 0.0410156250
0 0.7070312500 0.4956054688 0.0683593750 0.0400390625
1 0.4555664062 0.6591796875 0.0537109375 0.0332031250
1 0.5161132812 0.6582031250 0.0556640625 0.0371093750
2 0.5073242188 0.7685546875 0.1552734375 0.1835937500
1 0.7021484375 0.7700195312 0.0214843750 0.0458984375
1 0.6137695312 0.7377929688 0.0380859375 0.0556640625
1 0.8369140625 0.7001953125 0.0410156250 0.0273437500
2 0.8193359375 0.7812500000 0.2011718750 0.1367187500
0 0.3784179688 0.7490234375 0.0537109375 0.0332031250
0 0.3789062500 0.8061523438 0.0527343750 0.0322265625
0 0.3784179688 0.8662109375 0.0537109375 0.0332031250
1 0.5966796875 0.8916015625 0.0410156250 0.0253906250
2 0.4985351562 0.9165039062 0.1376953125 0.0888671875
0 0.3754882812 0.9819335938 0.0341796875 0.0361328125
0 0.3071289062 0.9819335938 0.0302734375 0.0361328125
1 0.3422851562 0.9838867188 0.0224609375 0.0322265625
1 0.2739257812 0.9824218750 0.0244140625 0.0351562500
1 0.2050781250 0.9589843750 0.0546875000 0.0332031250
0 0.1391601562 0.9848632812 0.0361328125 0.0302734375
1 0.9497070312 0.2807617188 0.0146484375 0.0380859375
1 0.9204101562 0.4350585938 0.0302734375 0.0166015625
1 0.9204101562 0.4658203125 0.0341796875 0.0195312500
1 0.9218750000 0.0097656250 0.0351562500 0.0195312500
1 0.9223632812 0.0395507812 0.0380859375 0.0224609375
