1 0.8291015625 0.0468750000 0.1464843750 0.0605468750
2 0.7407226562 0.1391601562 0.1806640625 0.1142578125
1 0.8637695312 0.1005859375 0.0556640625 0.0332031250
1 0.8618164062 0.1425781250 0.0537109375 0.0371093750
1 0.8662109375 0.1811523438 0.0410156250 0.0283203125
1 0.9677734375 0.3012695312 0.0351562500 0.0576171875
1 0.8291015625 0.2338867188 0.1445312500 0.0595703125
1 0.8291015625 0.3149414062 0.1464843750 0.0576171875
1 0.8627929688 0.3701171875 0.0537109375 0.0351562500
1 0.8632812500 0.4101562500 0.0566406250 0.0351562500
1 0.8671875000 0.4497070312 0.0410156250 0.0224609375
2 0.7402343750 0.4082031250 0.1835937500 0.1132812500
1 0.8286132812 0.5024414062 0.1435546875 0.0673828125
1 0.9458007812 0.5053710938 0.0830078125 0.0615234375
1 0.7480468750 0.5981445312 0.0195312500 0.0361328125
1 0.9707031250 0.5981445312 0.0253906250 0.0361328125
1 0.9707031250 0.7211914062 0.0234375000 0.0380859375
1 0.7480468750 0.6967773438 0.0253906250 0.0419921875
2 0.8598632812 0.6611328125 0.1787109375 0.2265625000
1 0.6245117188 0.5927734375 0.1455078125 0.0644531250
1 0.6235351562 0.6552734375 0.1474609375 0.0625000000
2 0.9589843750 0.8481445312 0.0546875000 0.0556640625
1 0.9580078125 0.8852539062 0.0390625000 0.0224609375
