1 0.2778320312 0.8188476562 0.0556640625 0.0341796875
0 0.0151367188 0.2773437500 0.0302734375 0.0527343750
0 0.0141601562 0.2207031250 0.0283203125 0.0527343750
1 0.1127929688 0.3203125000 0.0556640625 0.0351562500
1 0.1030273438 0.2373046875 0.0771484375 0.0429687500
1 0.0615234375 0.2021484375 0.0371093750 0.0234375000
3 0.5009765625 0.2817382812 0.2343750000 0.5634765625
2 0.7773437500 0.2739257812 0.1796875000 0.2294921875
1 0.6621093750 0.2363281250 0.0234375000 0.0449218750
1 0.6621093750 0.3374023438 0.0273437500 0.0458984375
1 0.6665039062 0.4155273438 0.0302734375 0.0556640625
1 0.8906250000 0.2397460938 0.0273437500 0.0380859375
1 0.8896484375 0.3378906250 0.0273437500 0.0429687500
1 0.7133789062 0.4111328125 0.0400390625 0.0273437500
2 0.7119140625 0.4531250000 0.0507812500 0.0546875000
1 0.6538085938 0.5966796875 0.0830078125 0.0566406250
1 0.4086914062 0.5786132812 0.0537109375 0.0322265625
1 0.5234375000 0.5786132812 0.0527343750 0.0341796875
2 0.5004882812 0.6704101562 0.2021484375 0.1396484375
0 0.2070312500 0.1230468750 0.0351562500 0.0585937500
0 0.2495117188 0.1235351562 0.0341796875 0.0595703125
0 0.2880859375 0.1225585938 0.0332031250 0.0556640625
0 0.3286132812 0.1230468750 0.0341796875 0.0546875000
1 0.3261718750 0.2836914062 0.0546875000 0.0341796875
1 0.3271484375 0.3237304688 0.0527343750 0.0341796875
2 0.2875976562 0.4218750000 0.1337890625 0.1621093750
0 0.0439453125 0.0180664062 0.0312500000 0.0361328125
0 0.0102539062 0.0659179688 0.0205078125 0.0478515625
0 0.0424804688 0.0668945312 0.0322265625 0.0517578125
0 0.0917968750 0.0175781250 0.0507812500 0.0332031250
0 0.0908203125 0.0571289062 0.0507812500 0.0341796875
1 0.0390625000 0.1098632812 0.0390625000 0.0244140625
2 0.0439453125 0.1533203125 0.0625000000 0.0644531250
