1 0.5214843750 0.0781250000 0.2031250000 0.1562500000
1 0.5190429688 0.2709960938 0.2080078125 0.1923828125
1 0.3295898438 0.0434570312 0.0341796875 0.0537109375
1 0.3286132812 0.1074218750 0.0322265625 0.0546875000
1 0.3779296875 0.1230468750 0.0566406250 0.0839843750
1 0.0942382812 0.0405273438 0.0224609375 0.0380859375
0 0.0615234375 0.0327148438 0.0312500000 0.0517578125
0 0.0239257812 0.0351562500 0.0322265625 0.0546875000
1 0.1240234375 0.0615234375 0.0195312500 0.0390625000
2 0.1811523438 0.2192382812 0.1416015625 0.1240234375
0 0.0849609375 0.1123046875 0.0312500000 0.0605468750
0 0.1230468750 0.1113281250 0.0351562500 0.0566406250
0 0.1621093750 0.1108398438 0.0332031250 0.0556640625
0 0.2006835938 0.1103515625 0.0341796875 0.0546875000
0 0.0600585938 0.1757812500 0.0556640625 0.0332031250
0 0.0595703125 0.2343750000 0.0507812500 0.0312500000
0 0.0600585938 0.2915039062 0.0537109375 0.0283203125
0 0.0581054688 0.3496093750 0.0517578125 0.0332031250
0 0.0585937500 0.4096679688 0.0527343750 0.0322265625
1 0.1259765625 0.3188476562 0.0351562500 0.0556640625
1 0.2656250000 0.3369140625 0.0527343750 0.0371093750
1 0.3408203125 0.3486328125 0.0839843750 0.0546875000
1 0.1914062500 0.3198242188 0.0820312500 0.0576171875
1 0.3159179688 0.2714843750 0.0322265625 0.0527343750
1 0.3159179688 0.2094726562 0.0341796875 0.0576171875
1 0.2783203125 0.2099609375 0.0332031250 0.0546875000
1 0.2783203125 0.2714843750 0.0332031250 0.0527343750
0 0.3886718750 0.2812500000 0.0722656250 0.0410156250
0 0.3876953125 0.2143554688 0.0683593750 0.0400390625
1 0.1362304688 0.3779296875 0.0537109375 0.0332031250
1 0.1967773438 0.3769531250 0.0556640625 0.0371093750
2 0.1879882812 0.4873046875 0.1552734375 0.1835937500
1 0.3828125000 0.4887695312 0.0214843750 0.0458984375
1 0.2944335938 0.4565429688 0.0380859375 0.0556640625
1 0.5175781250 0.4189453125 0.0410156250 0.0273437500
2 0.5000000000 0.5000000000 0.2011718750 0.1367187500
0 0.0590820312 0.4677734375 0.0537109375 0.0332031250
0 0.0595703125 0.5249023438 0.0527343750 0.0322265625
0 0.0590820312 0.5849609375 0.0537109375 0.0332031250
1 0.2773437500 0.6103515625 0.0410156250 0.0253906250
2 0.1791992188 0.6352539062 0.1376953125 0.0888671875
0 0.0561523438 0.7109375000 0.0341796875 0.0566406250
1 0.0229492188 0.7065429688 0.0224609375 0.0400390625
1 0.0195312500 0.7807617188 0.0371093750 0.0205078125
0 0.1875000000 0.9394531250 0.0351562500 0.0585937500
0 0.2299804688 0.9399414062 0.0341796875 0.0595703125
0 0.2685546875 0.9389648438 0.0332031250 0.0556640625
0 0.3090820312 0.9394531250 0.0341796875 0.0546875000
0 0.0244140625 0.8251953125 0.0312500000 0.0546875000
0 0.0229492188 0.8833007812 0.0322265625 0.0517578125
0 0.0722656250 0.8339843750 0.0507812500 0.0332031250
0 0.0712890625 0.8735351562 0.0507812500 0.0341796875
1 0.0195312500 0.9262695312 0.0390625000 0.0244140625
2 0.0278320312 0.9687500000 0.0556640625 0.0625000000
1 0.6010742188 0.1538085938 0.0302734375 0.0166015625
1 0.6010742188 0.1845703125 0.0341796875 0.0195312500
