1 0.0678710938 0.4511718750 0.0322265625 0.0507812500
1 0.1220703125 0.4521484375 0.0312500000 0.0546875000
1 0.1723632812 0.4516601562 0.0322265625 0.0517578125
1 0.2255859375 0.4526367188 0.0332031250 0.0517578125
1 0.6030273438 0.2172851562 0.1474609375 0.0654296875
1 0.4101562500 0.3105468750 0.1425781250 0.0644531250
0 0.3076171875 0.3642578125 0.0507812500 0.0332031250
0 0.3071289062 0.4047851562 0.0537109375 0.0341796875
0 0.3061523438 0.4433593750 0.0517578125 0.0332031250
2 0.5004882812 0.4057617188 0.1884765625 0.1142578125
1 0.4135742188 0.4965820312 0.1357421875 0.0556640625
1 0.3740234375 0.4042968750 0.0507812500 0.0332031250
1 0.3754882812 0.4433593750 0.0517578125 0.0312500000
1 0.3706054688 0.3632812500 0.0400390625 0.0253906250
3 0.1860351562 0.2607421875 0.3720703125 0.3222656250
1 0.4106445312 0.5791015625 0.1435546875 0.0585937500
1 0.6074218750 0.8588867188 0.1328125000 0.0634765625
1 0.4082031250 0.7651367188 0.1464843750 0.0673828125
2 0.4975585938 0.6704101562 0.1904296875 0.1162109375
1 0.3735351562 0.7109375000 0.0537109375 0.0332031250
1 0.3750000000 0.6713867188 0.0527343750 0.0341796875
1 0.3710937500 0.6298828125 0.0410156250 0.0253906250
1 0.3554687500 0.9282226562 0.0351562500 0.0556640625
0 0.6181640625 0.9560546875 0.0351562500 0.0527343750
0 0.6645507812 0.9580078125 0.0361328125 0.0527343750
0 0.7026367188 0.9570312500 0.0380859375 0.0566406250
1 0.5019531250 0.9565429688 0.0371093750 0.0556640625
