0 0.3725585938 0.0124511719 0.0175781250 0.0249023438
1 0.5917968750 0.0312500000 0.1005859375 0.0625000000
1 0.5903320312 0.1181640625 0.1015625000 0.1035156250
1 0.5891113281 0.2272949219 0.1040039062 0.0961914062
0 0.3928222656 0.0134277344 0.0161132812 0.0268554688
0 0.4980468750 0.0058593750 0.0380859375 0.0117187500
1 0.4565429688 0.0051269531 0.0380859375 0.0102539062
1 0.4519042969 0.0214843750 0.0268554688 0.0175781250
0 0.4118652344 0.0136718750 0.0170898438 0.0273437500
1 0.3732910156 0.0424804688 0.0170898438 0.0273437500
1 0.3925781250 0.0385742188 0.0136718750 0.0205078125
1 0.4941406250 0.0322265625 0.0166015625 0.0283203125
1 0.5307617188 0.0800781250 0.0361328125 0.0185546875
1 0.5310058594 0.0588378906 0.0366210938 0.0190429688
1 0.4953613281 0.0561523438 0.0180664062 0.0117187500
1 0.4948730469 0.0739746094 0.0209960938 0.0141601562
1 0.4948730469 0.0913085938 0.0190429688 0.0146484375
1 0.4943847656 0.1135253906 0.0170898438 0.0268554688
1 0.4938964844 0.1455078125 0.0161132812 0.0273437500
1 0.5185546875 0.1533203125 0.0283203125 0.0419921875
2 0.4409179688 0.0751953125 0.0761718750 0.0927734375
1 0.3767089844 0.0771484375 0.0122070312 0.0175781250
1 0.3767089844 0.1120605469 0.0112304688 0.0190429688
0 0.3605957031 0.0791015625 0.0151367188 0.0253906250
0 0.3603515625 0.1081542969 0.0156250000 0.0258789062
0 0.3415527344 0.1093750000 0.0161132812 0.0273437500
0 0.3408203125 0.0791015625 0.0156250000 0.0292968750
1 0.3916015625 0.1225585938 0.0097656250 0.0195312500
2 0.4201660156 0.2014160156 0.0708007812 0.0620117188
0 0.3720703125 0.1479492188 0.0156250000 0.0302734375
0 0.3911132812 0.1474609375 0.0175781250 0.0283203125
0 0.4106445312 0.1472167969 0.0166015625 0.0278320312
0 0.4299316406 0.1469726562 0.0170898438 0.0273437500
0 0.3596191406 0.1796875000 0.0278320312 0.0166015625
0 0.3593750000 0.2089843750 0.0253906250 0.0156250000
0 0.3596191406 0.2375488281 0.0268554688 0.0141601562
0 0.3586425781 0.2666015625 0.0258789062 0.0166015625
0 0.3588867188 0.2966308594 0.0263671875 0.0161132812
3 0.2087402344 0.2812500000 0.1967773438 0.2812500000
1 0.3925781250 0.2512207031 0.0175781250 0.0278320312
1 0.4624023438 0.2602539062 0.0263671875 0.0185546875
1 0.5000000000 0.2661132812 0.0419921875 0.0273437500
1 0.4252929688 0.2517089844 0.0410156250 0.0288085938
1 0.4875488281 0.2275390625 0.0161132812 0.0263671875
1 0.4875488281 0.1965332031 0.0170898438 0.0288085938
1 0.4687500000 0.1967773438 0.0166015625 0.0273437500
1 0.4687500000 0.2275390625 0.0166015625 0.0263671875
0 0.5239257812 0.2324218750 0.0361328125 0.0205078125
0 0.5234375000 0.1989746094 0.0341796875 0.0200195312
1 0.3977050781 0.2807617188 0.0268554688 0.0166015625
1 0.4279785156 0.2802734375 0.0278320312 0.0185546875
2 0.4235839844 0.3354492188 0.0776367188 0.0917968750
1 0.5209960938 0.3361816406 0.0107421875 0.0229492188
1 0.4768066406 0.3200683594 0.0190429688 0.0278320312
1 0.5883789062 0.3012695312 0.0205078125 0.0136718750
2 0.5795898438 0.3417968750 0.1005859375 0.0683593750
1 0.4587402344 0.9094238281 0.0278320312 0.0170898438
1 0.2836914062 0.9089355469 0.0273437500 0.0180664062
1 0.1652832031 0.9653320312 0.0278320312 0.0175781250
3 0.1247558594 0.8583984375 0.0522460938 0.2089843750
0 0.1657714844 0.8378906250 0.0268554688 0.0166015625
0 0.1652832031 0.8166503906 0.0258789062 0.0170898438
0 0.2001953125 0.7907714844 0.0263671875 0.0180664062
0 0.1655273438 0.7485351562 0.0273437500 0.0166015625
3 0.2111816406 0.7124023438 0.0268554688 0.0234375000
0 0.2382812500 0.7097167969 0.0195312500 0.0297851562
1 0.2395019531 0.6523437500 0.0170898438 0.0283203125
3 0.1542968750 0.5981445312 0.1386718750 0.1376953125
0 0.2927246094 0.6650390625 0.0307617188 0.0175781250
0 0.3259277344 0.6386718750 0.0180664062 0.0263671875
0 0.3261718750 0.6103515625 0.0156250000 0.0263671875
1 0.2951660156 0.5852050781 0.0200195312 0.0131835938
0 0.2861328125 0.5600585938 0.0185546875 0.0273437500
1 0.2399902344 0.5598144531 0.0170898438 0.0268554688
1 0.3762207031 0.6601562500 0.0278320312 0.0175781250
1 0.3713378906 0.6186523438 0.0385742188 0.0214843750
1 0.3505859375 0.6010742188 0.0185546875 0.0117187500
3 0.5703125000 0.5971679688 0.1171875000 0.3691406250
2 0.7084960938 0.6369628906 0.0898437500 0.1147460938
1 0.6508789062 0.6181640625 0.0117187500 0.0224609375
1 0.6508789062 0.6687011719 0.0136718750 0.0229492188
1 0.6530761719 0.7077636719 0.0151367188 0.0278320312
1 0.7651367188 0.6198730469 0.0136718750 0.0190429688
1 0.7646484375 0.6689453125 0.0136718750 0.0214843750
1 0.6765136719 0.7055664062 0.0200195312 0.0136718750
2 0.6757812500 0.7265625000 0.0253906250 0.0273437500
1 0.6467285156 0.7983398438 0.0415039062 0.0283203125
1 0.5241699219 0.7893066406 0.0268554688 0.0161132812
1 0.5815429688 0.7893066406 0.0263671875 0.0170898438
2 0.5700683594 0.8352050781 0.1010742188 0.0698242188
0 0.3591308594 0.3256835938 0.0268554688 0.0166015625
0 0.3593750000 0.3542480469 0.0263671875 0.0161132812
0 0.3591308594 0.3842773438 0.0268554688 0.0166015625
1 0.4682617188 0.3969726562 0.0205078125 0.0126953125
2 0.4191894531 0.4094238281 0.0688476562 0.0444335938
0 0.3576660156 0.4472656250 0.0170898438 0.0283203125
0 0.3234863281 0.4462890625 0.0151367188 0.0263671875
1 0.3410644531 0.4450683594 0.0112304688 0.0200195312
1 0.3068847656 0.4443359375 0.0122070312 0.0214843750
1 0.2724609375 0.4306640625 0.0273437500 0.0166015625
1 0.3393554688 0.4821777344 0.0185546875 0.0102539062
0 0.4233398438 0.5615234375 0.0175781250 0.0292968750
0 0.4445800781 0.5617675781 0.0170898438 0.0297851562
0 0.4638671875 0.5612792969 0.0166015625 0.0278320312
0 0.4841308594 0.5615234375 0.0170898438 0.0273437500
1 0.4829101562 0.6418457031 0.0273437500 0.0170898438
1 0.4833984375 0.6618652344 0.0263671875 0.0170898438
2 0.4636230469 0.7109375000 0.0668945312 0.0810546875
1 0.1926269531 0.4514160156 0.0180664062 0.0278320312
1 0.2773437500 0.4514160156 0.0380859375 0.0200195312
0 0.2395019531 0.4506835938 0.0180664062 0.0292968750
1 0.2949218750 0.4697265625 0.0205078125 0.0136718750
3 0.2102050781 0.5322265625 0.0249023438 0.0224609375
0 0.2395019531 0.5236816406 0.0161132812 0.0288085938
0 0.3225097656 0.5043945312 0.0170898438 0.0273437500
0 0.3417968750 0.5043945312 0.0156250000 0.0273437500
0 0.3220214844 0.5329589844 0.0161132812 0.0239257812
0 0.3410644531 0.5334472656 0.0161132812 0.0258789062
0 0.3657226562 0.5087890625 0.0253906250 0.0166015625
0 0.3652343750 0.5285644531 0.0253906250 0.0170898438
1 0.3115234375 0.5627441406 0.0117187500 0.0209960938
1 0.3393554688 0.5549316406 0.0195312500 0.0122070312
2 0.3417968750 0.5766601562 0.0312500000 0.0322265625
1 0.6447753906 0.0915527344 0.0073242188 0.0190429688
1 0.6301269531 0.1687011719 0.0151367188 0.0083007812
1 0.6301269531 0.1840820312 0.0170898438 0.0097656250
