1 0.2421875000 0.0166015625 0.0214843750 0.0332031250
2 0.3593750000 0.0449218750 0.2011718750 0.0898437500
3 0.3408203125 0.5322265625 0.2343750000 0.7382812500
2 0.6171875000 0.6118164062 0.1796875000 0.2294921875
1 0.5019531250 0.5742187500 0.0234375000 0.0449218750
1 0.5019531250 0.6752929688 0.0273437500 0.0458984375
1 0.5063476562 0.7534179688 0.0302734375 0.0556640625
1 0.7304687500 0.5776367188 0.0273437500 0.0380859375
1 0.7294921875 0.6757812500 0.0273437500 0.0429687500
1 0.5532226562 0.7490234375 0.0400390625 0.0273437500
2 0.5517578125 0.7910156250 0.0507812500 0.0546875000
1 0.4936523438 0.9345703125 0.0830078125 0.0566406250
1 0.2485351562 0.9165039062 0.0537109375 0.0322265625
1 0.3632812500 0.9165039062 0.0527343750 0.0341796875
1 0.1367187500 0.1318359375 0.0410156250 0.0253906250
2 0.0537109375 0.1567382812 0.1074218750 0.0888671875
0 0.0468750000 0.4609375000 0.0351562500 0.0585937500
0 0.0893554688 0.4614257812 0.0341796875 0.0595703125
0 0.1279296875 0.4604492188 0.0332031250 0.0556640625
0 0.1684570312 0.4609375000 0.0341796875 0.0546875000
1 0.1660156250 0.6215820312 0.0546875000 0.0341796875
1 0.1669921875 0.6616210938 0.0527343750 0.0341796875
2 0.1274414062 0.7597656250 0.1337890625 0.1621093750
