1 0.0429687500 0.1572265625 0.0527343750 0.0351562500
1 0.0996093750 0.1567382812 0.0527343750 0.0322265625
1 0.1577148438 0.1572265625 0.0537109375 0.0332031250
1 0.2172851562 0.1572265625 0.0556640625 0.0351562500
1 0.2758789062 0.1577148438 0.0537109375 0.0341796875
1 0.3334960938 0.1572265625 0.0537109375 0.0351562500
1 0.0419921875 0.4814453125 0.0527343750 0.0351562500
1 0.0996093750 0.4814453125 0.0527343750 0.0351562500
1 0.1577148438 0.4824218750 0.0537109375 0.0371093750
1 0.2163085938 0.4819335938 0.0537109375 0.0361328125
1 0.2734375000 0.4809570312 0.0527343750 0.0341796875
1 0.3320312500 0.4824218750 0.0546875000 0.0371093750
1 0.1669921875 0.7509765625 0.2011718750 0.2070312500
1 0.1650390625 0.9326171875 0.2011718750 0.1347656250
1 0.0698242188 0.5791015625 0.0751953125 0.1640625000
1 0.1879882812 0.5830078125 0.0751953125 0.1582031250
1 0.3051757812 0.5810546875 0.0771484375 0.1582031250
3 0.1904296875 0.3188476562 0.3808593750 0.2392578125
3 0.5004882812 0.3071289062 0.1416015625 0.4287109375
3 0.6816406250 0.3085937500 0.1523437500 0.4296875000
1 0.0644531250 0.9008789062 0.0312500000 0.0556640625
1 0.2431640625 0.8491210938 0.0351562500 0.0205078125
1 0.2436523438 0.8793945312 0.0380859375 0.0224609375
1 0.2729492188 0.6953125000 0.0166015625 0.0371093750
0 0.2709960938 0.8144531250 0.0166015625 0.0371093750
