1 0.0356445312 0.1572265625 0.0556640625 0.0351562500
1 0.0942382812 0.1577148438 0.0537109375 0.0341796875
1 0.1518554688 0.1572265625 0.0537109375 0.0351562500
1 0.0346679688 0.4819335938 0.0537109375 0.0361328125
1 0.0917968750 0.4809570312 0.0527343750 0.0341796875
1 0.1503906250 0.4824218750 0.0546875000 0.0371093750
1 0.0219726562 0.5830078125 0.0439453125 0.1582031250
1 0.1235351562 0.5810546875 0.0771484375 0.1582031250
3 0.3188476562 0.3071289062 0.1416015625 0.4287109375
3 0.5000000000 0.3085937500 0.1523437500 0.4296875000
1 0.0615234375 0.8491210938 0.0351562500 0.0205078125
1 0.0620117188 0.8793945312 0.0380859375 0.0224609375
1 0.0913085938 0.6953125000 0.0166015625 0.0371093750
0 0.0893554688 0.8144531250 0.0166015625 0.0371093750
