0 0.3315429688 0.9794921875 0.0537109375 0.0332031250
0 0.3305664062 0.9370117188 0.0517578125 0.0341796875
0 0.4003906250 0.8852539062 0.0527343750 0.0361328125
0 0.3310546875 0.8007812500 0.0546875000 0.0332031250
3 0.4223632812 0.7285156250 0.0537109375 0.0468750000
0 0.4765625000 0.7231445312 0.0390625000 0.0595703125
1 0.4790039062 0.6083984375 0.0341796875 0.0566406250
3 0.3085937500 0.5000000000 0.2773437500 0.2753906250
0 0.5854492188 0.6337890625 0.0615234375 0.0351562500
0 0.6518554688 0.5810546875 0.0361328125 0.0527343750
0 0.6523437500 0.5244140625 0.0312500000 0.0527343750
1 0.5903320312 0.4741210938 0.0400390625 0.0263671875
0 0.5722656250 0.4238281250 0.0371093750 0.0546875000
1 0.4799804688 0.4233398438 0.0341796875 0.0537109375
1 0.7524414062 0.6240234375 0.0556640625 0.0351562500
1 0.7426757812 0.5410156250 0.0771484375 0.0429687500
1 0.7011718750 0.5058593750 0.0371093750 0.0234375000
0 0.7187500000 0.0141601562 0.0527343750 0.0283203125
0 0.7182617188 0.0722656250 0.0537109375 0.0332031250
1 0.9365234375 0.0976562500 0.0410156250 0.0253906250
2 0.8383789062 0.1225585938 0.1376953125 0.0888671875
0 0.7153320312 0.1982421875 0.0341796875 0.0566406250
0 0.6469726562 0.1962890625 0.0302734375 0.0527343750
1 0.6821289062 0.1938476562 0.0224609375 0.0400390625
1 0.6137695312 0.1923828125 0.0244140625 0.0429687500
1 0.5449218750 0.1650390625 0.0546875000 0.0332031250
1 0.6787109375 0.2680664062 0.0371093750 0.0205078125
0 0.8466796875 0.4267578125 0.0351562500 0.0585937500
0 0.8891601562 0.4272460938 0.0341796875 0.0595703125
0 0.9277343750 0.4262695312 0.0332031250 0.0556640625
0 0.9682617188 0.4267578125 0.0341796875 0.0546875000
1 0.9658203125 0.5874023438 0.0546875000 0.0341796875
1 0.9667968750 0.6274414062 0.0527343750 0.0341796875
2 0.9272460938 0.7255859375 0.1337890625 0.1621093750
1 0.3852539062 0.2065429688 0.0361328125 0.0556640625
1 0.5546875000 0.2065429688 0.0761718750 0.0400390625
0 0.4790039062 0.2050781250 0.0361328125 0.0585937500
1 0.5898437500 0.2431640625 0.0410156250 0.0273437500
3 0.4204101562 0.3681640625 0.0498046875 0.0449218750
0 0.4790039062 0.3510742188 0.0322265625 0.0576171875
0 0.6450195312 0.3125000000 0.0341796875 0.0546875000
0 0.6835937500 0.3125000000 0.0312500000 0.0546875000
0 0.6440429688 0.3696289062 0.0322265625 0.0478515625
0 0.6821289062 0.3706054688 0.0322265625 0.0517578125
0 0.7314453125 0.3212890625 0.0507812500 0.0332031250
0 0.7304687500 0.3608398438 0.0507812500 0.0341796875
1 0.6230468750 0.4291992188 0.0234375000 0.0419921875
1 0.6787109375 0.4135742188 0.0390625000 0.0244140625
2 0.6835937500 0.4570312500 0.0625000000 0.0644531250
