0 0.0771484375 0.0107421875 0.0527343750 0.0214843750
0 0.0751953125 0.0449218750 0.0527343750 0.0332031250
0 0.6591796875 0.2011718750 0.0390625000 0.0546875000
0 0.6147460938 0.1992187500 0.0361328125 0.0527343750
0 0.5703125000 0.2001953125 0.0351562500 0.0527343750
1 0.5288085938 0.2006835938 0.0361328125 0.0537109375
1 0.5195312500 0.1328125000 0.0429687500 0.0234375000
0 0.4321289062 0.1821289062 0.0322265625 0.0517578125
1 0.4238281250 0.2329101562 0.0527343750 0.0322265625
0 0.3930664062 0.1826171875 0.0341796875 0.0527343750
1 0.3242187500 0.2231445312 0.0390625000 0.0283203125
1 0.3403320312 0.1909179688 0.0576171875 0.0361328125
1 0.2641601562 0.0703125000 0.0341796875 0.0527343750
1 0.2324218750 0.0742187500 0.0253906250 0.0410156250
1 0.3281250000 0.0727539062 0.0820312500 0.0615234375
1 0.6186523438 0.3139648438 0.1279296875 0.0830078125
2 0.1796875000 0.2187500000 0.2363281250 0.2441406250
0 0.0297851562 0.1704101562 0.0537109375 0.0341796875
1 0.0366210938 0.2148437500 0.0400390625 0.0253906250
1 0.0288085938 0.2475585938 0.0517578125 0.0380859375
3 0.5004882812 0.5000000000 0.4423828125 0.3339843750
0 0.0722656250 0.3603515625 0.0351562500 0.0527343750
0 0.0717773438 0.4169921875 0.0322265625 0.0546875000
0 0.2568359375 0.3994140625 0.0156250000 0.0292968750
1 0.1474609375 0.3730468750 0.0214843750 0.0429687500
1 0.2275390625 0.3593750000 0.0546875000 0.0332031250
0 0.2319335938 0.3989257812 0.0126953125 0.0263671875
1 0.1948242188 0.4140625000 0.0205078125 0.0410156250
1 0.1943359375 0.4702148438 0.0234375000 0.0400390625
1 0.2426757812 0.4301757812 0.0361328125 0.0224609375
1 0.2460937500 0.4560546875 0.0273437500 0.0156250000
1 0.2563476562 0.5297851562 0.0263671875 0.0380859375
0 0.2329101562 0.4858398438 0.0166015625 0.0302734375
0 0.2568359375 0.4863281250 0.0156250000 0.0312500000
1 0.2207031250 0.5605468750 0.0390625000 0.0722656250
1 0.0805664062 0.4868164062 0.0517578125 0.0361328125
0 0.0805664062 0.5263671875 0.0517578125 0.0351562500
1 0.0815429688 0.6279296875 0.0537109375 0.0371093750
1 0.1757812500 0.6318359375 0.0332031250 0.0546875000
0 0.2143554688 0.6313476562 0.0341796875 0.0556640625
1 0.2514648438 0.6308593750 0.0341796875 0.0527343750
1 0.0966796875 0.6923828125 0.0839843750 0.0585937500
1 0.1992187500 0.6928710938 0.0839843750 0.0556640625
0 0.3017578125 0.7622070312 0.0527343750 0.0322265625
0 0.3603515625 0.7622070312 0.0507812500 0.0322265625
0 0.3593750000 0.8173828125 0.0527343750 0.0332031250
0 0.3032226562 0.8159179688 0.0517578125 0.0341796875
1 0.3027343750 0.8569335938 0.0527343750 0.0341796875
1 0.4394531250 0.9394531250 0.0546875000 0.0332031250
1 0.3090820312 0.9848632812 0.0869140625 0.0302734375
3 0.6015625000 0.8447265625 0.2578125000 0.3105468750
