2 0.0605468750 0.0522460938 0.1210937500 0.1044921875
0 0.5673828125 0.5400390625 0.0546875000 0.0292968750
0 0.6049804688 0.9248046875 0.0576171875 0.0371093750
3 0.5844726562 0.8764648438 0.1435546875 0.0517578125
1 0.1337890625 0.5004882812 0.1328125000 0.0634765625
2 0.0595703125 0.3120117188 0.1191406250 0.1162109375
3 0.5888671875 0.5004882812 0.1386718750 0.0673828125
3 0.5854492188 0.6044921875 0.0986328125 0.0371093750
0 0.1445312500 0.5976562500 0.0351562500 0.0527343750
0 0.1909179688 0.5996093750 0.0361328125 0.0527343750
0 0.2290039062 0.5986328125 0.0380859375 0.0566406250
0 0.1479492188 0.6923828125 0.0322265625 0.0546875000
0 0.1479492188 0.7827148438 0.0302734375 0.0478515625
0 0.1474609375 0.8530273438 0.0332031250 0.0498046875
0 0.1879882812 0.8535156250 0.0322265625 0.0507812500
1 0.0283203125 0.5981445312 0.0371093750 0.0556640625
1 0.0302734375 0.7124023438 0.0312500000 0.0517578125
1 0.0278320312 0.8139648438 0.0341796875 0.0537109375
1 0.0288085938 0.9384765625 0.0341796875 0.0527343750
