3 0.4838867188 0.1596679688 0.4423828125 0.3193359375
0 0.0556640625 0.0195312500 0.0351562500 0.0390625000
0 0.0551757812 0.0693359375 0.0322265625 0.0546875000
0 0.2402343750 0.0517578125 0.0156250000 0.0292968750
1 0.1308593750 0.0253906250 0.0214843750 0.0429687500
1 0.2109375000 0.0141601562 0.0546875000 0.0283203125
0 0.2153320312 0.0512695312 0.0126953125 0.0263671875
1 0.1782226562 0.0664062500 0.0205078125 0.0410156250
1 0.1777343750 0.1225585938 0.0234375000 0.0400390625
1 0.2260742188 0.0825195312 0.0361328125 0.0224609375
1 0.2294921875 0.1083984375 0.0273437500 0.0156250000
1 0.2397460938 0.1821289062 0.0263671875 0.0380859375
0 0.2163085938 0.1381835938 0.0166015625 0.0302734375
0 0.2402343750 0.1386718750 0.0156250000 0.0312500000
1 0.2041015625 0.2128906250 0.0390625000 0.0722656250
1 0.0639648438 0.1391601562 0.0517578125 0.0361328125
0 0.0639648438 0.1787109375 0.0517578125 0.0351562500
1 0.0649414062 0.2802734375 0.0537109375 0.0371093750
1 0.1591796875 0.2841796875 0.0332031250 0.0546875000
0 0.1977539062 0.2836914062 0.0341796875 0.0556640625
1 0.2348632812 0.2832031250 0.0341796875 0.0527343750
1 0.0800781250 0.3447265625 0.0839843750 0.0585937500
1 0.1826171875 0.3452148438 0.0839843750 0.0556640625
0 0.2851562500 0.4145507812 0.0527343750 0.0322265625
0 0.3437500000 0.4145507812 0.0507812500 0.0322265625
0 0.3427734375 0.4697265625 0.0527343750 0.0332031250
0 0.2866210938 0.4682617188 0.0517578125 0.0341796875
1 0.2861328125 0.5092773438 0.0527343750 0.0341796875
1 0.4228515625 0.5917968750 0.0546875000 0.0332031250
1 0.2924804688 0.6518554688 0.0869140625 0.0595703125
2 0.2001953125 0.6752929688 0.0878906250 0.1396484375
1 0.2211914062 0.7646484375 0.0380859375 0.0234375000
0 0.3432617188 0.7285156250 0.0517578125 0.0351562500
0 0.2856445312 0.7280273438 0.0517578125 0.0341796875
0 0.2846679688 0.7827148438 0.0517578125 0.0361328125
0 0.3432617188 0.7822265625 0.0517578125 0.0332031250
1 0.2866210938 0.8208007812 0.0537109375 0.0341796875
1 0.4213867188 0.9047851562 0.0537109375 0.0341796875
1 0.2944335938 0.9619140625 0.0810546875 0.0566406250
3 0.5893554688 0.8129882812 0.2568359375 0.3115234375
3 0.5849609375 0.5004882812 0.2578125000 0.3173828125
