0 0.5673828125 0.0986328125 0.0546875000 0.0292968750
0 0.6049804688 0.4833984375 0.0576171875 0.0371093750
3 0.5844726562 0.4350585938 0.1435546875 0.0517578125
1 0.1337890625 0.0590820312 0.1328125000 0.0634765625
3 0.5888671875 0.0590820312 0.1386718750 0.0673828125
3 0.5854492188 0.1630859375 0.0986328125 0.0371093750
0 0.1445312500 0.1562500000 0.0351562500 0.0527343750
0 0.1909179688 0.1582031250 0.0361328125 0.0527343750
0 0.2290039062 0.1572265625 0.0380859375 0.0566406250
0 0.1479492188 0.2509765625 0.0322265625 0.0546875000
0 0.1479492188 0.3413085938 0.0302734375 0.0478515625
0 0.1474609375 0.4116210938 0.0332031250 0.0498046875
0 0.1879882812 0.4121093750 0.0322265625 0.0507812500
1 0.0283203125 0.1567382812 0.0371093750 0.0556640625
1 0.0302734375 0.2709960938 0.0312500000 0.0517578125
1 0.0278320312 0.3725585938 0.0341796875 0.0537109375
1 0.0288085938 0.4970703125 0.0341796875 0.0527343750
0 0.0605468750 0.6000976562 0.0527343750 0.0341796875
0 0.0585937500 0.6406250000 0.0527343750 0.0332031250
0 0.6425781250 0.7968750000 0.0390625000 0.0546875000
0 0.5981445312 0.7949218750 0.0361328125 0.0527343750
0 0.5537109375 0.7958984375 0.0351562500 0.0527343750
1 0.5122070312 0.7963867188 0.0361328125 0.0537109375
1 0.5029296875 0.7285156250 0.0429687500 0.0234375000
0 0.4155273438 0.7778320312 0.0322265625 0.0517578125
1 0.4072265625 0.8286132812 0.0527343750 0.0322265625
0 0.3764648438 0.7783203125 0.0341796875 0.0527343750
1 0.3076171875 0.8188476562 0.0390625000 0.0283203125
1 0.3237304688 0.7866210938 0.0576171875 0.0361328125
1 0.2475585938 0.6660156250 0.0341796875 0.0527343750
1 0.2158203125 0.6699218750 0.0253906250 0.0410156250
1 0.3115234375 0.6684570312 0.0820312500 0.0615234375
1 0.6020507812 0.9096679688 0.1279296875 0.0830078125
2 0.1630859375 0.8144531250 0.2363281250 0.2441406250
0 0.0200195312 0.7661132812 0.0400390625 0.0341796875
1 0.0200195312 0.8105468750 0.0400390625 0.0253906250
1 0.0190429688 0.8432617188 0.0380859375 0.0380859375
0 0.0556640625 0.9560546875 0.0351562500 0.0527343750
0 0.2402343750 0.9902343750 0.0156250000 0.0195312500
1 0.1308593750 0.9687500000 0.0214843750 0.0429687500
1 0.2109375000 0.9550781250 0.0546875000 0.0332031250
0 0.2153320312 0.9907226562 0.0126953125 0.0185546875
