1 0.3833007812 0.0473632812 0.1474609375 0.0595703125
1 0.5908203125 0.1401367188 0.1445312500 0.0634765625
1 0.6220703125 0.1962890625 0.0527343750 0.0351562500
1 0.6230468750 0.2363281250 0.0546875000 0.0351562500
1 0.6264648438 0.2758789062 0.0400390625 0.0205078125
1 0.5888671875 0.3261718750 0.1464843750 0.0625000000
1 0.5893554688 0.4082031250 0.1435546875 0.0605468750
1 0.6230468750 0.4628906250 0.0527343750 0.0332031250
1 0.6225585938 0.5034179688 0.0517578125 0.0322265625
1 0.6269531250 0.5429687500 0.0371093750 0.0214843750
1 0.5869140625 0.5942382812 0.1425781250 0.0595703125
1 0.5878906250 0.6806640625 0.1464843750 0.0605468750
2 0.5014648438 0.2324218750 0.1806640625 0.1132812500
0 0.6914062500 0.1962890625 0.0546875000 0.0351562500
0 0.6909179688 0.2358398438 0.0537109375 0.0341796875
0 0.6909179688 0.2758789062 0.0517578125 0.0322265625
1 0.7690429688 0.2851562500 0.0322265625 0.0507812500
1 0.8232421875 0.2861328125 0.0312500000 0.0546875000
1 0.8735351562 0.2856445312 0.0322265625 0.0517578125
1 0.9267578125 0.2866210938 0.0332031250 0.0517578125
3 0.8105468750 0.1279296875 0.3789062500 0.2558593750
2 0.5000000000 0.5000000000 0.1835937500 0.1171875000
2 0.4995117188 0.7729492188 0.1806640625 0.1142578125
1 0.6225585938 0.7343750000 0.0556640625 0.0332031250
1 0.6206054688 0.7763671875 0.0537109375 0.0371093750
1 0.6250000000 0.8149414062 0.0410156250 0.0283203125
1 0.7265625000 0.9350585938 0.0351562500 0.0576171875
1 0.5878906250 0.8676757812 0.1445312500 0.0595703125
1 0.5878906250 0.9487304688 0.1464843750 0.0576171875
