1 0.3837890625 0.1640625000 0.2011718750 0.1972656250
1 0.3808593750 0.3740234375 0.2031250000 0.2070312500
1 0.3784179688 0.5922851562 0.2080078125 0.1923828125
0 0.0249023438 0.0854492188 0.0341796875 0.0556640625
0 0.0625000000 0.0849609375 0.0351562500 0.0527343750
0 0.1962890625 0.1396484375 0.0761718750 0.0429687500
1 0.1132812500 0.1386718750 0.0761718750 0.0390625000
1 0.1040039062 0.1806640625 0.0537109375 0.0351562500
0 0.0239257812 0.1625976562 0.0341796875 0.0595703125
1 0.2832031250 0.1010742188 0.0312500000 0.0556640625
1 0.1884765625 0.2021484375 0.0332031250 0.0566406250
1 0.2617187500 0.2978515625 0.0722656250 0.0371093750
1 0.2622070312 0.2553710938 0.0732421875 0.0380859375
1 0.1909179688 0.2500000000 0.0361328125 0.0234375000
1 0.1899414062 0.2856445312 0.0419921875 0.0283203125
1 0.1899414062 0.3203125000 0.0380859375 0.0292968750
1 0.1889648438 0.3647460938 0.0341796875 0.0537109375
1 0.1879882812 0.4287109375 0.0322265625 0.0546875000
1 0.2373046875 0.4443359375 0.0566406250 0.0839843750
2 0.0820312500 0.2880859375 0.1523437500 0.1855468750
2 0.0556640625 0.5405273438 0.1113281250 0.1240234375
0 0.0214843750 0.4321289062 0.0332031250 0.0556640625
0 0.0600585938 0.4316406250 0.0341796875 0.0546875000
1 0.1250000000 0.6582031250 0.0527343750 0.0371093750
1 0.2001953125 0.6699218750 0.0839843750 0.0546875000
1 0.0507812500 0.6411132812 0.0820312500 0.0576171875
1 0.1752929688 0.5927734375 0.0322265625 0.0527343750
1 0.1752929688 0.5307617188 0.0341796875 0.0576171875
1 0.1376953125 0.5312500000 0.0332031250 0.0546875000
1 0.1376953125 0.5927734375 0.0332031250 0.0527343750
0 0.2480468750 0.6025390625 0.0722656250 0.0410156250
0 0.2470703125 0.5356445312 0.0683593750 0.0400390625
1 0.0561523438 0.6982421875 0.0556640625 0.0371093750
2 0.0625000000 0.8085937500 0.1250000000 0.1835937500
1 0.2421875000 0.8100585938 0.0214843750 0.0458984375
1 0.1538085938 0.7778320312 0.0380859375 0.0556640625
1 0.3769531250 0.7402343750 0.0410156250 0.0273437500
2 0.3593750000 0.8212890625 0.2011718750 0.1367187500
1 0.1367187500 0.9316406250 0.0410156250 0.0253906250
2 0.0537109375 0.9560546875 0.1074218750 0.0878906250
1 0.4897460938 0.3208007812 0.0146484375 0.0380859375
1 0.4604492188 0.4750976562 0.0302734375 0.0166015625
1 0.4604492188 0.5058593750 0.0341796875 0.0195312500
1 0.4619140625 0.0493164062 0.0351562500 0.0205078125
1 0.4624023438 0.0795898438 0.0380859375 0.0224609375
0 0.4897460938 0.0166015625 0.0166015625 0.0332031250
