1 0.1176757812 0.8188476562 0.0556640625 0.0341796875
3 0.3408203125 0.2817382812 0.2343750000 0.5634765625
2 0.6171875000 0.2739257812 0.1796875000 0.2294921875
1 0.5019531250 0.2363281250 0.0234375000 0.0449218750
1 0.5019531250 0.3374023438 0.0273437500 0.0458984375
1 0.5063476562 0.4155273438 0.0302734375 0.0556640625
1 0.7304687500 0.2397460938 0.0273437500 0.0380859375
1 0.7294921875 0.3378906250 0.0273437500 0.0429687500
1 0.5532226562 0.4111328125 0.0400390625 0.0273437500
2 0.5517578125 0.4531250000 0.0507812500 0.0546875000
1 0.4936523438 0.5966796875 0.0830078125 0.0566406250
1 0.2485351562 0.5786132812 0.0537109375 0.0322265625
1 0.3632812500 0.5786132812 0.0527343750 0.0341796875
2 0.3403320312 0.6704101562 0.2021484375 0.1396484375
0 0.0468750000 0.1230468750 0.0351562500 0.0585937500
0 0.0893554688 0.1235351562 0.0341796875 0.0595703125
0 0.1279296875 0.1225585938 0.0332031250 0.0556640625
0 0.1684570312 0.1230468750 0.0341796875 0.0546875000
1 0.1660156250 0.2836914062 0.0546875000 0.0341796875
1 0.1669921875 0.3237304688 0.0527343750 0.0341796875
2 0.1274414062 0.4218750000 0.1337890625 0.1621093750
