1 0.0556640625 0.1499023438 0.1113281250 0.0634765625
1 0.0551757812 0.2133789062 0.1103515625 0.0595703125
1 0.2441406250 0.3061523438 0.1445312500 0.0634765625
1 0.2753906250 0.3623046875 0.0527343750 0.0351562500
1 0.2763671875 0.4023437500 0.0546875000 0.0351562500
1 0.2797851562 0.4418945312 0.0400390625 0.0205078125
1 0.2421875000 0.4921875000 0.1464843750 0.0625000000
1 0.2426757812 0.5742187500 0.1435546875 0.0605468750
1 0.2763671875 0.6289062500 0.0527343750 0.0332031250
1 0.2758789062 0.6694335938 0.0517578125 0.0322265625
1 0.2802734375 0.7089843750 0.0371093750 0.0214843750
1 0.2402343750 0.7602539062 0.1425781250 0.0595703125
1 0.2412109375 0.8466796875 0.1464843750 0.0605468750
2 0.1547851562 0.3984375000 0.1806640625 0.1132812500
0 0.3447265625 0.3623046875 0.0546875000 0.0351562500
0 0.3442382812 0.4018554688 0.0537109375 0.0341796875
0 0.3442382812 0.4418945312 0.0517578125 0.0322265625
1 0.4223632812 0.4511718750 0.0322265625 0.0507812500
1 0.4765625000 0.4521484375 0.0312500000 0.0546875000
1 0.5268554688 0.4516601562 0.0322265625 0.0517578125
1 0.5800781250 0.4526367188 0.0332031250 0.0517578125
1 0.9418945312 0.2172851562 0.1162109375 0.0654296875
1 0.7646484375 0.3105468750 0.1425781250 0.0644531250
0 0.6621093750 0.3642578125 0.0507812500 0.0332031250
0 0.6616210938 0.4047851562 0.0537109375 0.0341796875
0 0.6606445312 0.4433593750 0.0517578125 0.0332031250
2 0.8549804688 0.4057617188 0.1884765625 0.1142578125
1 0.7680664062 0.4965820312 0.1357421875 0.0556640625
1 0.7285156250 0.4042968750 0.0507812500 0.0332031250
1 0.7299804688 0.4433593750 0.0517578125 0.0312500000
1 0.7250976562 0.3632812500 0.0400390625 0.0253906250
3 0.5004882812 0.2607421875 0.4521484375 0.3222656250
1 0.7651367188 0.5791015625 0.1435546875 0.0585937500
1 0.9477539062 0.8588867188 0.1044921875 0.0634765625
1 0.7626953125 0.7651367188 0.1464843750 0.0673828125
2 0.8520507812 0.6704101562 0.1904296875 0.1162109375
1 0.7280273438 0.7109375000 0.0537109375 0.0332031250
1 0.7294921875 0.6713867188 0.0527343750 0.0341796875
1 0.7255859375 0.6298828125 0.0410156250 0.0253906250
2 0.1533203125 0.6660156250 0.1835937500 0.1171875000
2 0.1528320312 0.9389648438 0.1806640625 0.1142578125
1 0.2758789062 0.9003906250 0.0556640625 0.0332031250
1 0.2739257812 0.9423828125 0.0537109375 0.0371093750
1 0.2783203125 0.9809570312 0.0410156250 0.0283203125
1 0.7099609375 0.9282226562 0.0351562500 0.0556640625
0 0.9726562500 0.9560546875 0.0351562500 0.0527343750
1 0.8564453125 0.9565429688 0.0371093750 0.0556640625
