1 0.2041015625 0.0273437500 0.0390625000 0.0546875000
1 0.0649414062 0.0859375000 0.0537109375 0.0371093750
1 0.1591796875 0.0898437500 0.0332031250 0.0546875000
0 0.1977539062 0.0893554688 0.0341796875 0.0556640625
1 0.2348632812 0.0888671875 0.0341796875 0.0527343750
1 0.0800781250 0.1503906250 0.0839843750 0.0585937500
1 0.1826171875 0.1508789062 0.0839843750 0.0556640625
0 0.2851562500 0.2202148438 0.0527343750 0.0322265625
0 0.3437500000 0.2202148438 0.0507812500 0.0322265625
0 0.3427734375 0.2753906250 0.0527343750 0.0332031250
0 0.2866210938 0.2739257812 0.0517578125 0.0341796875
1 0.2861328125 0.3149414062 0.0527343750 0.0341796875
1 0.4228515625 0.3974609375 0.0546875000 0.0332031250
1 0.2924804688 0.4575195312 0.0869140625 0.0595703125
2 0.2001953125 0.4809570312 0.0878906250 0.1396484375
1 0.2211914062 0.5703125000 0.0380859375 0.0234375000
0 0.3432617188 0.5341796875 0.0517578125 0.0351562500
0 0.2856445312 0.5336914062 0.0517578125 0.0341796875
0 0.2846679688 0.5883789062 0.0517578125 0.0361328125
0 0.3432617188 0.5878906250 0.0517578125 0.0332031250
1 0.2866210938 0.6264648438 0.0537109375 0.0341796875
1 0.4213867188 0.7104492188 0.0537109375 0.0341796875
1 0.2944335938 0.7675781250 0.0810546875 0.0566406250
3 0.5893554688 0.6186523438 0.2568359375 0.3115234375
3 0.5849609375 0.3061523438 0.2578125000 0.3173828125
