1 0.4072265625 0.0288085938 0.0527343750 0.0322265625
1 0.3076171875 0.0190429688 0.0390625000 0.0283203125
1 0.6020507812 0.1098632812 0.1279296875 0.0830078125
2 0.1630859375 0.0683593750 0.2363281250 0.1367187500
1 0.0200195312 0.0117187500 0.0400390625 0.0234375000
1 0.0190429688 0.0434570312 0.0380859375 0.0380859375
3 0.4838867188 0.2958984375 0.4423828125 0.3339843750
0 0.0556640625 0.1562500000 0.0351562500 0.0527343750
0 0.0551757812 0.2128906250 0.0322265625 0.0546875000
0 0.2402343750 0.1953125000 0.0156250000 0.0292968750
1 0.1308593750 0.1689453125 0.0214843750 0.0429687500
1 0.2109375000 0.1552734375 0.0546875000 0.0332031250
0 0.2153320312 0.1948242188 0.0126953125 0.0263671875
1 0.1782226562 0.2099609375 0.0205078125 0.0410156250
1 0.1777343750 0.2661132812 0.0234375000 0.0400390625
1 0.2260742188 0.2260742188 0.0361328125 0.0224609375
1 0.2294921875 0.2519531250 0.0273437500 0.0156250000
1 0.2397460938 0.3256835938 0.0263671875 0.0380859375
0 0.2163085938 0.2817382812 0.0166015625 0.0302734375
0 0.2402343750 0.2822265625 0.0156250000 0.0312500000
1 0.2041015625 0.3564453125 0.0390625000 0.0722656250
1 0.0639648438 0.2827148438 0.0517578125 0.0361328125
0 0.0639648438 0.3222656250 0.0517578125 0.0351562500
1 0.0649414062 0.4238281250 0.0537109375 0.0371093750
1 0.1591796875 0.4277343750 0.0332031250 0.0546875000
0 0.1977539062 0.4272460938 0.0341796875 0.0556640625
1 0.2348632812 0.4267578125 0.0341796875 0.0527343750
1 0.0800781250 0.4882812500 0.0839843750 0.0585937500
1 0.1826171875 0.4887695312 0.0839843750 0.0556640625
0 0.2851562500 0.5581054688 0.0527343750 0.0322265625
0 0.3437500000 0.5581054688 0.0507812500 0.0322265625
0 0.3427734375 0.6132812500 0.0527343750 0.0332031250
0 0.2866210938 0.6118164062 0.0517578125 0.0341796875
1 0.2861328125 0.6528320312 0.0527343750 0.0341796875
1 0.4228515625 0.7353515625 0.0546875000 0.0332031250
1 0.2924804688 0.7954101562 0.0869140625 0.0595703125
2 0.2001953125 0.8188476562 0.0878906250 0.1396484375
1 0.2211914062 0.9082031250 0.0380859375 0.0234375000
0 0.3432617188 0.8720703125 0.0517578125 0.0351562500
0 0.2856445312 0.8715820312 0.0517578125 0.0341796875
0 0.2846679688 0.9262695312 0.0517578125 0.0361328125
0 0.3432617188 0.9257812500 0.0517578125 0.0332031250
1 0.2866210938 0.9643554688 0.0537109375 0.0341796875
3 0.5893554688 0.9003906250 0.2568359375 0.1992187500
3 0.5849609375 0.6440429688 0.2578125000 0.3173828125
