1 0.0522460938 0.3061523438 0.1044921875 0.0634765625
1 0.0634765625 0.3623046875 0.0527343750 0.0351562500
1 0.0644531250 0.4023437500 0.0546875000 0.0351562500
1 0.0678710938 0.4418945312 0.0400390625 0.0205078125
1 0.0517578125 0.4921875000 0.1035156250 0.0625000000
1 0.0512695312 0.5742187500 0.1025390625 0.0605468750
1 0.0644531250 0.6289062500 0.0527343750 0.0332031250
1 0.0639648438 0.6694335938 0.0517578125 0.0322265625
1 0.0683593750 0.7089843750 0.0371093750 0.0214843750
1 0.0498046875 0.7602539062 0.0996093750 0.0595703125
1 0.0512695312 0.8466796875 0.1025390625 0.0605468750
0 0.1328125000 0.3623046875 0.0546875000 0.0351562500
0 0.1323242188 0.4018554688 0.0537109375 0.0341796875
0 0.1323242188 0.4418945312 0.0517578125 0.0322265625
1 0.2104492188 0.4511718750 0.0322265625 0.0507812500
1 0.2646484375 0.4521484375 0.0312500000 0.0546875000
1 0.3149414062 0.4516601562 0.0322265625 0.0517578125
1 0.3681640625 0.4526367188 0.0332031250 0.0517578125
1 0.7456054688 0.2172851562 0.1474609375 0.0654296875
1 0.5527343750 0.3105468750 0.1425781250 0.0644531250
0 0.4501953125 0.3642578125 0.0507812500 0.0332031250
0 0.4497070312 0.4047851562 0.0537109375 0.0341796875
0 0.4487304688 0.4433593750 0.0517578125 0.0332031250
2 0.6430664062 0.4057617188 0.1884765625 0.1142578125
1 0.5561523438 0.4965820312 0.1357421875 0.0556640625
1 0.5166015625 0.4042968750 0.0507812500 0.0332031250
1 0.5180664062 0.4433593750 0.0517578125 0.0312500000
1 0.5131835938 0.3632812500 0.0400390625 0.0253906250
3 0.2885742188 0.2607421875 0.4521484375 0.3222656250
1 0.5532226562 0.5791015625 0.1435546875 0.0585937500
1 0.7500000000 0.8588867188 0.1328125000 0.0634765625
1 0.5507812500 0.7651367188 0.1464843750 0.0673828125
2 0.6401367188 0.6704101562 0.1904296875 0.1162109375
1 0.5161132812 0.7109375000 0.0537109375 0.0332031250
1 0.5175781250 0.6713867188 0.0527343750 0.0341796875
1 0.5136718750 0.6298828125 0.0410156250 0.0253906250
1 0.0639648438 0.9003906250 0.0556640625 0.0332031250
1 0.0620117188 0.9423828125 0.0537109375 0.0371093750
1 0.0664062500 0.9809570312 0.0410156250 0.0283203125
1 0.4980468750 0.9282226562 0.0351562500 0.0556640625
0 0.7607421875 0.9560546875 0.0351562500 0.0527343750
0 0.8071289062 0.9580078125 0.0361328125 0.0527343750
0 0.8452148438 0.9570312500 0.0380859375 0.0566406250
1 0.6445312500 0.9565429688 0.0371093750 0.0556640625
