3 0.2858886719 0.1188964844 0.1069335938 0.1489257812
3 0.3955078125 0.1000976562 0.1103515625 0.1142578125
0 0.2897949219 0.2573242188 0.0190429688 0.0263671875
1 0.2902832031 0.2145996094 0.0170898438 0.0268554688
1 0.2893066406 0.3027343750 0.0170898438 0.0253906250
1 0.4020996094 0.1677246094 0.0278320312 0.0170898438
1 0.4013671875 0.2165527344 0.0253906250 0.0161132812
0 0.4099121094 0.1931152344 0.0151367188 0.0268554688
1 0.4328613281 0.1682128906 0.0249023438 0.0161132812
3 0.2097167969 0.4592285156 0.1948242188 0.2788085938
0 0.3732910156 0.4421386719 0.0161132812 0.0288085938
0 0.3725585938 0.4804687500 0.0175781250 0.0263671875
1 0.4729003906 0.0781250000 0.0278320312 0.0175781250
1 0.5014648438 0.0786132812 0.0273437500 0.0175781250
1 0.5307617188 0.0786132812 0.0263671875 0.0175781250
1 0.5590820312 0.0783691406 0.0263671875 0.0161132812
1 0.5881347656 0.0786132812 0.0268554688 0.0166015625
1 0.6179199219 0.0786132812 0.0278320312 0.0175781250
1 0.6472167969 0.0788574219 0.0268554688 0.0170898438
1 0.6760253906 0.0786132812 0.0268554688 0.0175781250
1 0.4716796875 0.2402343750 0.0263671875 0.0166015625
1 0.5007324219 0.2404785156 0.0258789062 0.0170898438
1 0.5302734375 0.2407226562 0.0263671875 0.0175781250
1 0.5590820312 0.2407226562 0.0263671875 0.0175781250
1 0.5881347656 0.2412109375 0.0268554688 0.0185546875
1 0.6174316406 0.2409667969 0.0268554688 0.0180664062
1 0.6459960938 0.2404785156 0.0263671875 0.0170898438
1 0.6752929688 0.2412109375 0.0273437500 0.0185546875
1 0.3779296875 0.3728027344 0.1103515625 0.1088867188
1 0.4858398438 0.3759765625 0.1064453125 0.1035156250
1 0.5927734375 0.3754882812 0.1005859375 0.1035156250
1 0.5917968750 0.4819335938 0.1005859375 0.0986328125
1 0.5903320312 0.5869140625 0.1015625000 0.1035156250
1 0.5891113281 0.6960449219 0.1040039062 0.0961914062
1 0.4846191406 0.2900390625 0.0395507812 0.0771484375
1 0.5441894531 0.2895507812 0.0375976562 0.0820312500
1 0.6032714844 0.2915039062 0.0375976562 0.0791015625
1 0.6618652344 0.2905273438 0.0385742188 0.0791015625
3 0.5791015625 0.1594238281 0.2412109375 0.1196289062
3 0.7595214844 0.1535644531 0.0708007812 0.2143554688
3 0.8500976562 0.1542968750 0.0761718750 0.2148437500
0 0.3930664062 0.4433593750 0.0175781250 0.0283203125
0 0.4123535156 0.4426269531 0.0170898438 0.0278320312
0 0.4311523438 0.4423828125 0.0175781250 0.0263671875
0 0.3928222656 0.4812011719 0.0161132812 0.0288085938
0 0.4980468750 0.4697265625 0.0380859375 0.0214843750
1 0.4565429688 0.4692382812 0.0380859375 0.0195312500
1 0.4519042969 0.4902343750 0.0268554688 0.0175781250
0 0.4118652344 0.4812011719 0.0170898438 0.0297851562
1 0.3732910156 0.5112304688 0.0170898438 0.0273437500
1 0.3925781250 0.5073242188 0.0136718750 0.0205078125
1 0.5415039062 0.4504394531 0.0156250000 0.0278320312
1 0.4941406250 0.5009765625 0.0166015625 0.0283203125
1 0.5307617188 0.5488281250 0.0361328125 0.0185546875
1 0.5310058594 0.5275878906 0.0366210938 0.0190429688
1 0.4953613281 0.5249023438 0.0180664062 0.0117187500
1 0.4948730469 0.5427246094 0.0209960938 0.0141601562
1 0.4948730469 0.5600585938 0.0190429688 0.0146484375
1 0.4943847656 0.5822753906 0.0170898438 0.0268554688
1 0.4938964844 0.6142578125 0.0161132812 0.0273437500
1 0.5185546875 0.6220703125 0.0283203125 0.0419921875
2 0.4409179688 0.5439453125 0.0761718750 0.0927734375
1 0.3767089844 0.5458984375 0.0122070312 0.0175781250
1 0.3767089844 0.5808105469 0.0112304688 0.0190429688
0 0.3605957031 0.5478515625 0.0151367188 0.0253906250
0 0.3603515625 0.5769042969 0.0156250000 0.0258789062
0 0.3415527344 0.5781250000 0.0161132812 0.0273437500
0 0.3408203125 0.5478515625 0.0156250000 0.0292968750
1 0.3916015625 0.5913085938 0.0097656250 0.0195312500
2 0.4201660156 0.6701660156 0.0708007812 0.0620117188
0 0.3720703125 0.6166992188 0.0156250000 0.0302734375
0 0.3911132812 0.6162109375 0.0175781250 0.0283203125
0 0.4106445312 0.6159667969 0.0166015625 0.0278320312
0 0.4299316406 0.6157226562 0.0170898438 0.0273437500
0 0.3596191406 0.6484375000 0.0278320312 0.0166015625
0 0.3593750000 0.6777343750 0.0253906250 0.0156250000
0 0.3596191406 0.7062988281 0.0268554688 0.0141601562
0 0.3586425781 0.7353515625 0.0258789062 0.0166015625
0 0.3588867188 0.7653808594 0.0263671875 0.0161132812
3 0.2087402344 0.7500000000 0.1967773438 0.2812500000
1 0.3925781250 0.7199707031 0.0175781250 0.0278320312
1 0.4624023438 0.7290039062 0.0263671875 0.0185546875
1 0.5000000000 0.7348632812 0.0419921875 0.0273437500
1 0.4252929688 0.7204589844 0.0410156250 0.0288085938
1 0.4875488281 0.6962890625 0.0161132812 0.0263671875
1 0.4875488281 0.6652832031 0.0170898438 0.0288085938
1 0.4687500000 0.6655273438 0.0166015625 0.0273437500
1 0.4687500000 0.6962890625 0.0166015625 0.0263671875
0 0.5239257812 0.7011718750 0.0361328125 0.0205078125
0 0.5234375000 0.6677246094 0.0341796875 0.0200195312
1 0.3977050781 0.7495117188 0.0268554688 0.0166015625
1 0.4279785156 0.7490234375 0.0278320312 0.0185546875
2 0.4235839844 0.8041992188 0.0776367188 0.0917968750
1 0.5209960938 0.8049316406 0.0107421875 0.0229492188
1 0.4768066406 0.7888183594 0.0190429688 0.0278320312
1 0.5883789062 0.7700195312 0.0205078125 0.0136718750
2 0.5795898438 0.8105468750 0.1005859375 0.0683593750
0 0.3591308594 0.7944335938 0.0268554688 0.0166015625
0 0.3593750000 0.8229980469 0.0263671875 0.0161132812
0 0.3591308594 0.8530273438 0.0268554688 0.0166015625
1 0.4682617188 0.8657226562 0.0205078125 0.0126953125
2 0.4191894531 0.8781738281 0.0688476562 0.0444335938
0 0.3576660156 0.9160156250 0.0170898438 0.0283203125
0 0.3234863281 0.9150390625 0.0151367188 0.0263671875
1 0.3410644531 0.9138183594 0.0112304688 0.0200195312
1 0.3068847656 0.9130859375 0.0122070312 0.0214843750
1 0.2724609375 0.8994140625 0.0273437500 0.0166015625
1 0.3393554688 0.9509277344 0.0185546875 0.0102539062
1 0.1926269531 0.9201660156 0.0180664062 0.0278320312
1 0.2773437500 0.9201660156 0.0380859375 0.0200195312
0 0.2395019531 0.9194335938 0.0180664062 0.0292968750
1 0.2949218750 0.9384765625 0.0205078125 0.0136718750
0 0.2395019531 0.9890136719 0.0161132812 0.0219726562
0 0.3225097656 0.9731445312 0.0170898438 0.0273437500
0 0.3417968750 0.9731445312 0.0156250000 0.0273437500
0 0.3657226562 0.9775390625 0.0253906250 0.0166015625
0 0.3652343750 0.9943847656 0.0253906250 0.0112304688
1 0.6447753906 0.5603027344 0.0073242188 0.0190429688
1 0.6301269531 0.6374511719 0.0151367188 0.0083007812
1 0.6301269531 0.6528320312 0.0170898438 0.0097656250
1 0.6308593750 0.4245605469 0.0175781250 0.0102539062
1 0.6311035156 0.4396972656 0.0190429688 0.0112304688
1 0.6457519531 0.3476562500 0.0083007812 0.0185546875
0 0.6447753906 0.4072265625 0.0083007812 0.0185546875
