1 0.9174804688 0.8940429688 0.0556640625 0.0341796875
1 0.5673828125 0.8930664062 0.0546875000 0.0361328125
3 0.2495117188 0.7915039062 0.1044921875 0.4169921875
0 0.3315429688 0.7509765625 0.0537109375 0.0332031250
0 0.3305664062 0.7084960938 0.0517578125 0.0341796875
0 0.4003906250 0.6567382812 0.0527343750 0.0361328125
0 0.3310546875 0.5722656250 0.0546875000 0.0332031250
3 0.4223632812 0.5000000000 0.0537109375 0.0468750000
0 0.4765625000 0.4946289062 0.0390625000 0.0595703125
1 0.4790039062 0.3798828125 0.0341796875 0.0566406250
3 0.3085937500 0.2714843750 0.2773437500 0.2753906250
0 0.5854492188 0.4052734375 0.0615234375 0.0351562500
0 0.6518554688 0.3525390625 0.0361328125 0.0527343750
0 0.6523437500 0.2958984375 0.0312500000 0.0527343750
1 0.5903320312 0.2456054688 0.0400390625 0.0263671875
0 0.5722656250 0.1953125000 0.0371093750 0.0546875000
1 0.4799804688 0.1948242188 0.0341796875 0.0537109375
1 0.7524414062 0.3955078125 0.0556640625 0.0351562500
1 0.7426757812 0.3125000000 0.0771484375 0.0429687500
1 0.7011718750 0.2773437500 0.0371093750 0.0234375000
1 0.6787109375 0.0395507812 0.0371093750 0.0205078125
0 0.8466796875 0.1982421875 0.0351562500 0.0585937500
0 0.8891601562 0.1987304688 0.0341796875 0.0595703125
0 0.9277343750 0.1977539062 0.0332031250 0.0556640625
0 0.9682617188 0.1982421875 0.0341796875 0.0546875000
1 0.9658203125 0.3588867188 0.0546875000 0.0341796875
1 0.9667968750 0.3989257812 0.0527343750 0.0341796875
2 0.9272460938 0.4970703125 0.1337890625 0.1621093750
1 0.5898437500 0.0146484375 0.0410156250 0.0273437500
3 0.4204101562 0.1396484375 0.0498046875 0.0449218750
0 0.4790039062 0.1225585938 0.0322265625 0.0576171875
0 0.6450195312 0.0839843750 0.0341796875 0.0546875000
0 0.6835937500 0.0839843750 0.0312500000 0.0546875000
0 0.6440429688 0.1411132812 0.0322265625 0.0478515625
0 0.6821289062 0.1420898438 0.0322265625 0.0517578125
0 0.7314453125 0.0927734375 0.0507812500 0.0332031250
0 0.7304687500 0.1323242188 0.0507812500 0.0341796875
1 0.6230468750 0.2006835938 0.0234375000 0.0419921875
1 0.6787109375 0.1850585938 0.0390625000 0.0244140625
2 0.6835937500 0.2285156250 0.0625000000 0.0644531250
