1 0.5068359375 0.0200195312 0.0410156250 0.0283203125
1 0.6083984375 0.1401367188 0.0351562500 0.0576171875
1 0.4697265625 0.0727539062 0.1445312500 0.0595703125
1 0.4697265625 0.1538085938 0.1464843750 0.0576171875
1 0.5034179688 0.2089843750 0.0537109375 0.0351562500
1 0.5039062500 0.2490234375 0.0566406250 0.0351562500
1 0.5078125000 0.2885742188 0.0410156250 0.0224609375
2 0.3808593750 0.2470703125 0.1835937500 0.1132812500
1 0.4692382812 0.3413085938 0.1435546875 0.0673828125
1 0.5864257812 0.3442382812 0.0830078125 0.0615234375
1 0.3886718750 0.4370117188 0.0195312500 0.0361328125
1 0.6113281250 0.4370117188 0.0253906250 0.0361328125
1 0.6113281250 0.5600585938 0.0234375000 0.0380859375
1 0.3886718750 0.5356445312 0.0253906250 0.0419921875
2 0.5004882812 0.5000000000 0.1787109375 0.2265625000
3 0.7773437500 0.3334960938 0.2363281250 0.6669921875
1 0.2651367188 0.4316406250 0.1455078125 0.0644531250
1 0.2641601562 0.4941406250 0.1474609375 0.0625000000
2 0.9619140625 0.0981445312 0.0761718750 0.1962890625
2 0.9619140625 0.3051757812 0.0761718750 0.2001953125
2 0.7724609375 0.7402343750 0.2011718750 0.1367187500
1 0.7666015625 0.8461914062 0.0332031250 0.0576171875
1 0.6455078125 0.8491210938 0.0839843750 0.0595703125
2 0.5996093750 0.6870117188 0.0546875000 0.0556640625
1 0.5986328125 0.7241210938 0.0390625000 0.0224609375
