1 0.7509765625 0.2836914062 0.0351562500 0.0615234375
1 0.7148437500 0.2836914062 0.0371093750 0.0615234375
1 0.6767578125 0.2836914062 0.0312500000 0.0576171875
1 0.4506835938 0.2485351562 0.0595703125 0.0341796875
0 0.4506835938 0.2822265625 0.0595703125 0.0312500000
1 0.4506835938 0.3154296875 0.0595703125 0.0332031250
1 0.4497070312 0.3583984375 0.0595703125 0.0273437500
1 0.3564453125 0.4091796875 0.0371093750 0.0644531250
1 0.3066406250 0.4082031250 0.0351562500 0.0625000000
1 0.1767578125 0.3627929688 0.0605468750 0.0361328125
1 0.1455078125 0.2905273438 0.0625000000 0.0322265625
1 0.1464843750 0.2612304688 0.0625000000 0.0341796875
0 0.1630859375 0.1845703125 0.0605468750 0.0312500000
3 0.5004882812 0.5004882812 0.0693359375 0.1337890625
1 0.1752929688 0.6357421875 0.0576171875 0.0332031250
1 0.1772460938 0.6708984375 0.0595703125 0.0332031250
1 0.1772460938 0.7070312500 0.0595703125 0.0351562500
1 0.1777343750 0.7431640625 0.0566406250 0.0332031250
1 0.1772460938 0.7807617188 0.0595703125 0.0302734375
1 0.7700195312 0.6386718750 0.0498046875 0.0546875000
1 0.7436523438 0.6630859375 0.0458984375 0.0507812500
1 0.7207031250 0.6884765625 0.0468750000 0.0527343750
1 0.6938476562 0.7177734375 0.0478515625 0.0566406250
1 0.6655273438 0.7441406250 0.0458984375 0.0546875000
1 0.6362304688 0.7690429688 0.0498046875 0.0517578125
1 0.6103515625 0.7924804688 0.0566406250 0.0556640625
1 0.5839843750 0.8183593750 0.0527343750 0.0527343750
1 0.5590820312 0.8461914062 0.0478515625 0.0556640625
1 0.5346679688 0.8710937500 0.0517578125 0.0546875000
1 0.5063476562 0.8964843750 0.0498046875 0.0566406250
1 0.4824218750 0.9218750000 0.0585937500 0.0585937500
1 0.7128906250 0.5834960938 0.0566406250 0.0576171875
1 0.6875000000 0.6093750000 0.0449218750 0.0546875000
1 0.6650390625 0.6391601562 0.0449218750 0.0498046875
1 0.6416015625 0.6674804688 0.0546875000 0.0595703125
1 0.6147460938 0.6948242188 0.0498046875 0.0537109375
1 0.5874023438 0.7192382812 0.0458984375 0.0556640625
1 0.5678710938 0.7509765625 0.0498046875 0.0488281250
1 0.5410156250 0.7734375000 0.0488281250 0.0449218750
1 0.5156250000 0.7998046875 0.0527343750 0.0507812500
1 0.4887695312 0.8256835938 0.0478515625 0.0478515625
1 0.4614257812 0.8520507812 0.0517578125 0.0615234375
1 0.4350585938 0.8793945312 0.0576171875 0.0615234375
2 0.3022460938 0.2602539062 0.1845703125 0.1826171875
