3 0.1127929688 0.2250976562 0.1943359375 0.3876953125
3 0.3569335938 0.2250976562 0.1982421875 0.3876953125
3 0.6040039062 0.2260742188 0.2041015625 0.3896484375
3 0.8471679688 0.2260742188 0.1943359375 0.3935546875
3 0.5000000000 0.5000000000 0.0742187500 0.1347656250
3 0.7197265625 0.9584960938 0.1367187500 0.0732421875
0 0.5136718750 0.7807617188 0.0371093750 0.0634765625
1 0.0937500000 0.9316406250 0.1015625000 0.0839843750
1 0.2968750000 0.9384765625 0.0351562500 0.0605468750
0 0.2382812500 0.9414062500 0.0664062500 0.0449218750
1 0.3247070312 0.8759765625 0.0302734375 0.0644531250
0 0.2919921875 0.8774414062 0.0292968750 0.0595703125
0 0.2768554688 0.8168945312 0.0322265625 0.0595703125
0 0.2138671875 0.8144531250 0.0273437500 0.0585937500
0 0.1162109375 0.8159179688 0.0332031250 0.0615234375
1 0.2456054688 0.8154296875 0.0341796875 0.0644531250
1 0.1855468750 0.8149414062 0.0351562500 0.0634765625
1 0.1489257812 0.8159179688 0.0341796875 0.0615234375
1 0.0971679688 0.8769531250 0.0615234375 0.0292968750
2 0.1860351562 0.8774414062 0.0458984375 0.0498046875
