3 0.5004882812 0.3325195312 0.8271484375 0.5947265625
3 0.6142578125 0.8569335938 0.7714843750 0.2587890625
1 0.0332031250 0.6181640625 0.0644531250 0.0371093750
1 0.0346679688 0.6567382812 0.0654296875 0.0341796875
1 0.0346679688 0.6918945312 0.0654296875 0.0380859375
1 0.0351562500 0.7358398438 0.0605468750 0.0322265625
1 0.1015625000 0.7368164062 0.0644531250 0.0341796875
1 0.0341796875 0.7744140625 0.0625000000 0.0292968750
1 0.0366210938 0.8090820312 0.0634765625 0.0380859375
1 0.0356445312 0.9536132812 0.0595703125 0.0361328125
1 0.0351562500 0.9868164062 0.0644531250 0.0263671875
