3 0.0507812500 0.2058105469 0.1015625000 0.2114257812
3 0.2153320312 0.1628417969 0.1171875000 0.0883789062
3 0.3937988281 0.1911621094 0.0971679688 0.1938476562
3 0.5158691406 0.1911621094 0.0991210938 0.1938476562
3 0.6394042969 0.1916503906 0.1020507812 0.1948242188
3 0.7609863281 0.1916503906 0.0971679688 0.1967773438
3 0.9167480469 0.2824707031 0.1665039062 0.3588867188
1 0.1665039062 0.2268066406 0.0322265625 0.0170898438
1 0.1975097656 0.2268066406 0.0258789062 0.0151367188
1 0.2541503906 0.2263183594 0.0327148438 0.0190429688
0 0.1406250000 0.2465820312 0.0322265625 0.0175781250
1 0.2802734375 0.2600097656 0.0166015625 0.0297851562
1 0.2973632812 0.2604980469 0.0166015625 0.0307617188
1 0.2807617188 0.2988281250 0.0175781250 0.0332031250
1 0.1462402344 0.3178710938 0.0180664062 0.0312500000
1 0.2941894531 0.3229980469 0.0297851562 0.0161132812
1 0.2941894531 0.3391113281 0.0297851562 0.0170898438
1 0.1677246094 0.3532714844 0.0083007812 0.0180664062
3 0.2011718750 0.4042968750 0.0693359375 0.0361328125
3 0.5874023438 0.3286132812 0.0371093750 0.0673828125
1 0.9711914062 0.6088867188 0.0185546875 0.0322265625
1 0.9462890625 0.6083984375 0.0175781250 0.0312500000
1 0.8813476562 0.5856933594 0.0302734375 0.0180664062
1 0.8657226562 0.5495605469 0.0312500000 0.0161132812
1 0.8662109375 0.5349121094 0.0312500000 0.0170898438
0 0.8745117188 0.4965820312 0.0302734375 0.0156250000
3 0.6972656250 0.5578613281 0.0683593750 0.0366210938
0 0.5942382812 0.4689941406 0.0185546875 0.0317382812
1 0.5214843750 0.6389160156 0.0458984375 0.0395507812
1 0.5229492188 0.5859375000 0.0488281250 0.0380859375
1 0.3842773438 0.5444335938 0.0507812500 0.0419921875
1 0.4858398438 0.5478515625 0.0175781250 0.0302734375
0 0.4565429688 0.5493164062 0.0332031250 0.0224609375
1 0.4997558594 0.5166015625 0.0151367188 0.0322265625
0 0.4833984375 0.5173339844 0.0146484375 0.0297851562
0 0.4758300781 0.4870605469 0.0161132812 0.0297851562
0 0.4443359375 0.4858398438 0.0136718750 0.0292968750
0 0.3955078125 0.4865722656 0.0166015625 0.0307617188
1 0.4602050781 0.4863281250 0.0170898438 0.0322265625
1 0.4301757812 0.4860839844 0.0175781250 0.0317382812
1 0.4118652344 0.4865722656 0.0170898438 0.0307617188
1 0.3859863281 0.5170898438 0.0307617188 0.0146484375
2 0.4304199219 0.5173339844 0.0229492188 0.0249023438
1 0.2429199219 0.5153808594 0.0190429688 0.0317382812
1 0.2634277344 0.5776367188 0.0297851562 0.0156250000
0 0.2143554688 0.5915527344 0.0126953125 0.0288085938
0 0.2014160156 0.5646972656 0.0170898438 0.0288085938
1 0.2009277344 0.5927734375 0.0170898438 0.0292968750
1 0.0244140625 0.5791015625 0.0292968750 0.0175781250
1 0.0241699219 0.5222167969 0.0307617188 0.0190429688
2 0.0236816406 0.5507812500 0.0170898438 0.0273437500
3 0.3146972656 0.6350097656 0.0385742188 0.0698242188
1 0.2961425781 0.8322753906 0.0288085938 0.0180664062
1 0.2956542969 0.8510742188 0.0297851562 0.0136718750
1 0.2956542969 0.9584960938 0.0278320312 0.0166015625
1 0.2963867188 0.9399414062 0.0283203125 0.0175781250
1 0.2956542969 0.9223632812 0.0297851562 0.0175781250
1 0.2951660156 0.9047851562 0.0307617188 0.0166015625
1 0.2951660156 0.8872070312 0.0307617188 0.0175781250
1 0.2956542969 0.8681640625 0.0297851562 0.0185546875
1 0.2956542969 0.9770507812 0.0317382812 0.0185546875
1 0.2944335938 0.9946289062 0.0302734375 0.0107421875
1 0.3657226562 0.7932128906 0.0166015625 0.0327148438
1 0.3833007812 0.7929687500 0.0166015625 0.0312500000
1 0.4018554688 0.7934570312 0.0146484375 0.0292968750
1 0.4191894531 0.7949218750 0.0161132812 0.0302734375
1 0.4365234375 0.7937011719 0.0185546875 0.0327148438
1 0.4555664062 0.7941894531 0.0175781250 0.0317382812
1 0.4731445312 0.7932128906 0.0166015625 0.0297851562
1 0.4914550781 0.7929687500 0.0180664062 0.0312500000
1 0.5087890625 0.7939453125 0.0166015625 0.0312500000
1 0.8806152344 0.7221679688 0.0288085938 0.0166015625
1 0.8815917969 0.7397460938 0.0297851562 0.0166015625
1 0.8815917969 0.7578125000 0.0297851562 0.0175781250
1 0.8818359375 0.7758789062 0.0283203125 0.0166015625
1 0.8815917969 0.7946777344 0.0297851562 0.0151367188
1 0.5620117188 0.9860839844 0.0175781250 0.0278320312
1 0.5791015625 0.9851074219 0.0175781250 0.0297851562
1 0.5979003906 0.9848632812 0.0190429688 0.0302734375
1 0.6179199219 0.9855957031 0.0170898438 0.0288085938
1 0.6352539062 0.9855957031 0.0175781250 0.0288085938
1 0.6533203125 0.9855957031 0.0175781250 0.0288085938
1 0.6718750000 0.9855957031 0.0175781250 0.0288085938
1 0.6887207031 0.9860839844 0.0151367188 0.0278320312
1 0.7070312500 0.9875488281 0.0126953125 0.0249023438
2 0.4401855469 0.9069824219 0.1821289062 0.1254882812
1 0.6127929688 0.7514648438 0.0263671875 0.0263671875
1 0.6257324219 0.7648925781 0.0258789062 0.0249023438
1 0.6376953125 0.7783203125 0.0244140625 0.0244140625
1 0.6533203125 0.7878417969 0.0234375000 0.0258789062
1 0.6660156250 0.8002929688 0.0263671875 0.0263671875
1 0.6796875000 0.8127441406 0.0234375000 0.0249023438
1 0.6916503906 0.8269042969 0.0249023438 0.0258789062
1 0.7053222656 0.8388671875 0.0239257812 0.0234375000
1 0.7175292969 0.8535156250 0.0249023438 0.0224609375
1 0.6386718750 0.7268066406 0.0263671875 0.0268554688
1 0.6506347656 0.7397460938 0.0249023438 0.0234375000
1 0.6633300781 0.7534179688 0.0258789062 0.0244140625
1 0.6772460938 0.7653808594 0.0253906250 0.0249023438
1 0.6882324219 0.7785644531 0.0278320312 0.0249023438
1 0.7011718750 0.7905273438 0.0253906250 0.0263671875
1 0.7150878906 0.8034667969 0.0258789062 0.0258789062
1 0.7268066406 0.8159179688 0.0229492188 0.0214843750
1 0.7404785156 0.8281250000 0.0219726562 0.0224609375
2 0.9440917969 0.5344238281 0.0922851562 0.0913085938
