1 0.7373046875 0.2924804688 0.0351562500 0.0615234375
1 0.7011718750 0.2924804688 0.0371093750 0.0615234375
1 0.6630859375 0.2924804688 0.0312500000 0.0576171875
1 0.4370117188 0.2573242188 0.0595703125 0.0341796875
0 0.4370117188 0.2910156250 0.0595703125 0.0312500000
1 0.4370117188 0.3242187500 0.0595703125 0.0332031250
1 0.4360351562 0.3671875000 0.0595703125 0.0273437500
1 0.3427734375 0.4179687500 0.0371093750 0.0644531250
1 0.2929687500 0.4169921875 0.0351562500 0.0625000000
1 0.1630859375 0.3715820312 0.0605468750 0.0361328125
1 0.1318359375 0.2993164062 0.0625000000 0.0322265625
1 0.1328125000 0.2700195312 0.0625000000 0.0341796875
0 0.1494140625 0.1933593750 0.0605468750 0.0312500000
3 0.4868164062 0.5092773438 0.0693359375 0.1337890625
1 0.1616210938 0.6445312500 0.0576171875 0.0332031250
1 0.1635742188 0.6796875000 0.0595703125 0.0332031250
1 0.1635742188 0.7158203125 0.0595703125 0.0351562500
1 0.1640625000 0.7519531250 0.0566406250 0.0332031250
1 0.1635742188 0.7895507812 0.0595703125 0.0302734375
1 0.7563476562 0.6474609375 0.0498046875 0.0546875000
1 0.7299804688 0.6718750000 0.0458984375 0.0507812500
1 0.7070312500 0.6972656250 0.0468750000 0.0527343750
1 0.6801757812 0.7265625000 0.0478515625 0.0566406250
1 0.6518554688 0.7529296875 0.0458984375 0.0546875000
1 0.6225585938 0.7778320312 0.0498046875 0.0517578125
1 0.5966796875 0.8012695312 0.0566406250 0.0556640625
1 0.5703125000 0.8271484375 0.0527343750 0.0527343750
1 0.5454101562 0.8549804688 0.0478515625 0.0556640625
1 0.5209960938 0.8798828125 0.0517578125 0.0546875000
1 0.4926757812 0.9052734375 0.0498046875 0.0566406250
1 0.4687500000 0.9306640625 0.0585937500 0.0585937500
1 0.6992187500 0.5922851562 0.0566406250 0.0576171875
1 0.6738281250 0.6181640625 0.0449218750 0.0546875000
1 0.6513671875 0.6479492188 0.0449218750 0.0498046875
1 0.6279296875 0.6762695312 0.0546875000 0.0595703125
1 0.6010742188 0.7036132812 0.0498046875 0.0537109375
1 0.5737304688 0.7280273438 0.0458984375 0.0556640625
1 0.5541992188 0.7597656250 0.0498046875 0.0488281250
1 0.5273437500 0.7822265625 0.0488281250 0.0449218750
1 0.5019531250 0.8085937500 0.0527343750 0.0507812500
1 0.4750976562 0.8344726562 0.0478515625 0.0478515625
1 0.4477539062 0.8608398438 0.0517578125 0.0615234375
1 0.4213867188 0.8881835938 0.0576171875 0.0615234375
2 0.2885742188 0.2690429688 0.1845703125 0.1826171875
