3 0.9870605469 0.7033691406 0.0258789062 0.0727539062
1 0.0817871094 0.3444824219 0.0297851562 0.0161132812
1 0.0820312500 0.3627929688 0.0312500000 0.0185546875
1 0.0820312500 0.3818359375 0.0312500000 0.0175781250
1 0.0815429688 0.3999023438 0.0302734375 0.0185546875
1 0.0817871094 0.4177246094 0.0297851562 0.0190429688
1 0.0815429688 0.4357910156 0.0302734375 0.0180664062
1 0.0817871094 0.4526367188 0.0297851562 0.0175781250
1 0.0827636719 0.4709472656 0.0297851562 0.0209960938
1 0.0832519531 0.4895019531 0.0307617188 0.0209960938
1 0.0812988281 0.5085449219 0.0327148438 0.0200195312
1 0.0822753906 0.5261230469 0.0307617188 0.0200195312
1 0.2395019531 0.1879882812 0.0161132812 0.0312500000
1 0.2568359375 0.1882324219 0.0185546875 0.0317382812
1 0.2756347656 0.1882324219 0.0180664062 0.0317382812
1 0.2937011719 0.1882324219 0.0180664062 0.0317382812
1 0.3117675781 0.1877441406 0.0180664062 0.0327148438
1 0.3295898438 0.1887207031 0.0185546875 0.0297851562
1 0.3471679688 0.1889648438 0.0185546875 0.0302734375
1 0.3830566406 0.1879882812 0.0151367188 0.0312500000
1 0.4020996094 0.1887207031 0.0170898438 0.0297851562
1 0.4196777344 0.1882324219 0.0151367188 0.0307617188
1 0.2106933594 0.3376464844 0.0288085938 0.0297851562
1 0.2243652344 0.3508300781 0.0249023438 0.0249023438
1 0.2368164062 0.3642578125 0.0273437500 0.0273437500
1 0.2492675781 0.3771972656 0.0249023438 0.0239257812
1 0.2629394531 0.3901367188 0.0239257812 0.0253906250
1 0.2768554688 0.4023437500 0.0273437500 0.0273437500
1 0.2900390625 0.4150390625 0.0263671875 0.0283203125
1 0.3032226562 0.4279785156 0.0263671875 0.0268554688
1 0.3156738281 0.4426269531 0.0307617188 0.0278320312
1 0.3264160156 0.4567871094 0.0258789062 0.0239257812
1 0.3381347656 0.4709472656 0.0249023438 0.0249023438
1 0.3508300781 0.4829101562 0.0239257812 0.0244140625
1 0.2333984375 0.3139648438 0.0273437500 0.0263671875
1 0.2475585938 0.3288574219 0.0273437500 0.0249023438
1 0.2600097656 0.3408203125 0.0268554688 0.0263671875
1 0.2729492188 0.3540039062 0.0283203125 0.0283203125
1 0.2871093750 0.3652343750 0.0273437500 0.0263671875
1 0.2978515625 0.3796386719 0.0273437500 0.0258789062
1 0.3120117188 0.3920898438 0.0263671875 0.0263671875
1 0.3247070312 0.4060058594 0.0273437500 0.0278320312
1 0.3366699219 0.4189453125 0.0297851562 0.0263671875
1 0.3522949219 0.4321289062 0.0239257812 0.0234375000
1 0.3659667969 0.4428710938 0.0249023438 0.0273437500
1 0.3793945312 0.4553222656 0.0273437500 0.0307617188
1 0.2983398438 0.0073242188 0.0283203125 0.0146484375
1 0.2851562500 0.0136718750 0.0263671875 0.0263671875
1 0.2727050781 0.0275878906 0.0239257812 0.0278320312
1 0.2604980469 0.0400390625 0.0258789062 0.0273437500
1 0.2463378906 0.0527343750 0.0249023438 0.0283203125
1 0.2343750000 0.0654296875 0.0292968750 0.0292968750
1 0.2509765625 0.0085449219 0.0263671875 0.0170898438
1 0.2375488281 0.0173339844 0.0239257812 0.0239257812
1 0.2238769531 0.0305175781 0.0258789062 0.0307617188
1 0.2106933594 0.0441894531 0.0288085938 0.0307617188
3 0.6132812500 0.6994628906 0.0361328125 0.0717773438
3 0.6833496094 0.6994628906 0.0317382812 0.0698242188
