3 0.5004882812 0.5004882812 0.1806640625 0.4482421875
3 0.7817382812 0.2377929688 0.2470703125 0.4228515625
3 0.4775390625 0.9033203125 0.1796875000 0.1933593750
0 0.9755859375 0.3193359375 0.0488281250 0.0351562500
1 0.9882812500 0.4619140625 0.0234375000 0.0625000000
1 0.7509765625 0.9833984375 0.0585937500 0.0332031250
1 0.7504882812 0.8706054688 0.0615234375 0.0380859375
0 0.6582031250 0.8359375000 0.0605468750 0.0332031250
0 0.6567382812 0.9912109375 0.0595703125 0.0175781250
2 0.7495117188 0.9277343750 0.0341796875 0.0546875000
