3 0.1772460938 0.1572265625 0.2470703125 0.3144531250
3 0.5283203125 0.0527343750 0.2343750000 0.1054687500
3 0.8852539062 0.1337890625 0.1943359375 0.2675781250
1 0.4306640625 0.1450195312 0.0644531250 0.0341796875
1 0.4926757812 0.1450195312 0.0517578125 0.0302734375
1 0.6059570312 0.1440429688 0.0654296875 0.0380859375
0 0.3789062500 0.1845703125 0.0644531250 0.0351562500
1 0.6582031250 0.2114257812 0.0332031250 0.0595703125
1 0.6923828125 0.2124023438 0.0332031250 0.0615234375
1 0.6591796875 0.2890625000 0.0351562500 0.0664062500
1 0.3901367188 0.3271484375 0.0361328125 0.0625000000
1 0.6860351562 0.3374023438 0.0595703125 0.0322265625
1 0.6860351562 0.3696289062 0.0595703125 0.0341796875
1 0.4331054688 0.3979492188 0.0166015625 0.0361328125
3 0.5000000000 0.5000000000 0.1386718750 0.0722656250
1 0.8662109375 0.7802734375 0.1015625000 0.0839843750
0 0.9863281250 0.6630859375 0.0273437500 0.0585937500
0 0.8886718750 0.6645507812 0.0332031250 0.0615234375
1 0.9580078125 0.6635742188 0.0351562500 0.0634765625
1 0.9213867188 0.6645507812 0.0341796875 0.0615234375
1 0.8696289062 0.7255859375 0.0615234375 0.0292968750
2 0.9584960938 0.7260742188 0.0458984375 0.0498046875
1 0.5834960938 0.7221679688 0.0380859375 0.0634765625
1 0.6245117188 0.8466796875 0.0595703125 0.0312500000
0 0.5263671875 0.8745117188 0.0253906250 0.0576171875
0 0.5004882812 0.8208007812 0.0341796875 0.0576171875
1 0.4995117188 0.8769531250 0.0341796875 0.0585937500
1 0.1464843750 0.8496093750 0.0585937500 0.0351562500
1 0.1459960938 0.7358398438 0.0615234375 0.0380859375
0 0.0537109375 0.7011718750 0.0605468750 0.0332031250
0 0.0522460938 0.8652343750 0.0595703125 0.0351562500
2 0.1450195312 0.7929687500 0.0341796875 0.0546875000
3 0.7270507812 0.9458007812 0.0771484375 0.1083984375
