3 0.3571777344 0.8691406250 0.2045898438 0.1845703125
3 0.0827636719 0.8686523438 0.1655273438 0.1865234375
1 0.2956542969 0.0229492188 0.0278320312 0.0166015625
1 0.2963867188 0.0065917969 0.0283203125 0.0131835938
1 0.2956542969 0.0415039062 0.0317382812 0.0185546875
1 0.2944335938 0.0632324219 0.0302734375 0.0190429688
1 0.2946777344 0.0820312500 0.0297851562 0.0175781250
1 0.2951660156 0.0991210938 0.0307617188 0.0175781250
1 0.2951660156 0.1166992188 0.0288085938 0.0175781250
1 0.2944335938 0.1350097656 0.0302734375 0.0151367188
1 0.2951660156 0.1530761719 0.0307617188 0.0180664062
1 0.2951660156 0.1723632812 0.0307617188 0.0175781250
1 0.2951660156 0.1896972656 0.0288085938 0.0170898438
1 0.2944335938 0.2070312500 0.0302734375 0.0175781250
1 0.3640136719 0.2509765625 0.0170898438 0.0312500000
1 0.3823242188 0.2509765625 0.0175781250 0.0322265625
1 0.3999023438 0.2497558594 0.0166015625 0.0317382812
1 0.4182128906 0.2504882812 0.0180664062 0.0332031250
1 0.4370117188 0.2500000000 0.0166015625 0.0302734375
1 0.4536132812 0.2502441406 0.0166015625 0.0327148438
1 0.4716796875 0.2497558594 0.0185546875 0.0317382812
1 0.4899902344 0.2495117188 0.0180664062 0.0322265625
1 0.5078125000 0.2497558594 0.0175781250 0.0317382812
1 0.8815917969 0.2087402344 0.0297851562 0.0161132812
1 0.8818359375 0.2270507812 0.0312500000 0.0185546875
1 0.8818359375 0.2460937500 0.0312500000 0.0175781250
1 0.8813476562 0.2641601562 0.0302734375 0.0185546875
1 0.8815917969 0.2819824219 0.0297851562 0.0190429688
1 0.8813476562 0.3000488281 0.0302734375 0.0180664062
1 0.8815917969 0.3168945312 0.0297851562 0.0175781250
1 0.8825683594 0.3352050781 0.0297851562 0.0209960938
1 0.8830566406 0.3537597656 0.0307617188 0.0209960938
1 0.8811035156 0.3728027344 0.0327148438 0.0200195312
1 0.8820800781 0.3903808594 0.0307617188 0.0200195312
1 0.5620117188 0.0527343750 0.0175781250 0.0322265625
1 0.5791015625 0.0520019531 0.0175781250 0.0346679688
1 0.5979003906 0.0527343750 0.0190429688 0.0371093750
1 0.6179199219 0.0510253906 0.0170898438 0.0307617188
1 0.6352539062 0.0517578125 0.0175781250 0.0322265625
1 0.6533203125 0.0524902344 0.0175781250 0.0336914062
1 0.6718750000 0.0522460938 0.0175781250 0.0332031250
1 0.6887207031 0.0529785156 0.0151367188 0.0327148438
1 0.7070312500 0.0532226562 0.0126953125 0.0273437500
2 0.4392089844 0.1325683594 0.1821289062 0.1293945312
1 0.7187500000 0.1921386719 0.0283203125 0.0278320312
1 0.7041015625 0.2048339844 0.0263671875 0.0288085938
1 0.6918945312 0.2182617188 0.0263671875 0.0263671875
1 0.6782226562 0.2294921875 0.0283203125 0.0263671875
1 0.6672363281 0.2446289062 0.0258789062 0.0292968750
1 0.6491699219 0.2573242188 0.0258789062 0.0283203125
1 0.6381835938 0.2707519531 0.0283203125 0.0258789062
1 0.6240234375 0.2836914062 0.0253906250 0.0253906250
1 0.6108398438 0.2961425781 0.0273437500 0.0297851562
1 0.6345214844 0.3190917969 0.0239257812 0.0268554688
1 0.6491699219 0.3068847656 0.0258789062 0.0278320312
1 0.6630859375 0.2929687500 0.0273437500 0.0263671875
1 0.6777343750 0.2792968750 0.0253906250 0.0283203125
1 0.6867675781 0.2656250000 0.0288085938 0.0273437500
1 0.7011718750 0.2539062500 0.0273437500 0.0263671875
1 0.7138671875 0.2409667969 0.0283203125 0.0278320312
1 0.7282714844 0.2294921875 0.0239257812 0.0263671875
1 0.7407226562 0.2165527344 0.0283203125 0.0278320312
1 0.7546386719 0.2023925781 0.0317382812 0.0258789062
