3 0.1435546875 0.3256835938 0.2343750000 0.1767578125
3 0.5004882812 0.3823242188 0.1943359375 0.3876953125
3 0.7446289062 0.3823242188 0.1982421875 0.3876953125
3 0.9448242188 0.3833007812 0.1103515625 0.3896484375
1 0.0458984375 0.4536132812 0.0644531250 0.0341796875
1 0.1079101562 0.4536132812 0.0517578125 0.0302734375
1 0.2211914062 0.4526367188 0.0654296875 0.0380859375
1 0.2734375000 0.5200195312 0.0332031250 0.0595703125
1 0.3076171875 0.5209960938 0.0332031250 0.0615234375
1 0.2744140625 0.5976562500 0.0351562500 0.0664062500
1 0.0117187500 0.6357421875 0.0234375000 0.0625000000
1 0.3012695312 0.6459960938 0.0595703125 0.0322265625
1 0.3012695312 0.6782226562 0.0595703125 0.0341796875
1 0.0483398438 0.7065429688 0.0166015625 0.0361328125
3 0.1152343750 0.8085937500 0.1386718750 0.0722656250
3 0.8876953125 0.6572265625 0.0742187500 0.1347656250
0 0.9013671875 0.9379882812 0.0371093750 0.0634765625
0 0.6645507812 0.9721679688 0.0322265625 0.0556640625
0 0.6015625000 0.9711914062 0.0273437500 0.0576171875
0 0.5039062500 0.9711914062 0.0332031250 0.0576171875
1 0.6333007812 0.9702148438 0.0341796875 0.0595703125
1 0.5732421875 0.9702148438 0.0351562500 0.0595703125
1 0.5366210938 0.9711914062 0.0341796875 0.0576171875
