3 0.1452636719 0.2824707031 0.2231445312 0.3588867188
3 0.4440917969 0.1740722656 0.2094726562 0.1459960938
3 0.8002929688 0.1662597656 0.3994140625 0.2973632812
3 0.8356933594 0.4284667969 0.3286132812 0.1293945312
0 0.2775878906 0.3208007812 0.0180664062 0.0312500000
1 0.2946777344 0.3215332031 0.0170898438 0.0307617188
1 0.3112792969 0.3215332031 0.0170898438 0.0327148438
0 0.3269042969 0.3220214844 0.0170898438 0.0317382812
2 0.4423828125 0.4179687500 0.2158203125 0.2158203125
0 0.5202636719 0.2788085938 0.0180664062 0.0332031250
1 0.5737304688 0.3090820312 0.0322265625 0.0185546875
1 0.5744628906 0.3283691406 0.0327148438 0.0170898438
1 0.5744628906 0.3459472656 0.0327148438 0.0190429688
1 0.5747070312 0.3679199219 0.0302734375 0.0161132812
1 0.6079101562 0.3684082031 0.0322265625 0.0170898438
1 0.5742187500 0.3872070312 0.0312500000 0.0146484375
1 0.5754394531 0.4045410156 0.0317382812 0.0190429688
1 0.5749511719 0.4768066406 0.0297851562 0.0180664062
1 0.5747070312 0.4956054688 0.0322265625 0.0175781250
1 0.3686523438 0.5461425781 0.0175781250 0.0307617188
1 0.3505859375 0.5461425781 0.0185546875 0.0307617188
1 0.3315429688 0.5461425781 0.0156250000 0.0288085938
1 0.2185058594 0.5285644531 0.0297851562 0.0170898438
0 0.2185058594 0.5454101562 0.0297851562 0.0156250000
1 0.2185058594 0.5620117188 0.0297851562 0.0166015625
1 0.2180175781 0.5834960938 0.0297851562 0.0136718750
1 0.1713867188 0.6088867188 0.0185546875 0.0322265625
1 0.1464843750 0.6083984375 0.0175781250 0.0312500000
1 0.0815429688 0.5856933594 0.0302734375 0.0180664062
1 0.0659179688 0.5495605469 0.0312500000 0.0161132812
1 0.0664062500 0.5349121094 0.0312500000 0.0170898438
0 0.0747070312 0.4965820312 0.0302734375 0.0156250000
3 0.2434082031 0.6545410156 0.0346679688 0.0668945312
1 0.0808105469 0.7221679688 0.0288085938 0.0166015625
1 0.0817871094 0.7397460938 0.0297851562 0.0166015625
1 0.0817871094 0.7578125000 0.0297851562 0.0175781250
1 0.0820312500 0.7758789062 0.0283203125 0.0166015625
1 0.0817871094 0.7946777344 0.0297851562 0.0151367188
1 0.2395019531 0.9860839844 0.0161132812 0.0278320312
1 0.2568359375 0.9860839844 0.0185546875 0.0278320312
1 0.2756347656 0.9860839844 0.0180664062 0.0278320312
1 0.2937011719 0.9860839844 0.0180664062 0.0278320312
1 0.3117675781 0.9855957031 0.0180664062 0.0288085938
1 0.3295898438 0.9868164062 0.0185546875 0.0263671875
1 0.3471679688 0.9868164062 0.0185546875 0.0263671875
1 0.3830566406 0.9860839844 0.0151367188 0.0278320312
1 0.4020996094 0.9868164062 0.0170898438 0.0263671875
1 0.4196777344 0.9863281250 0.0151367188 0.0273437500
1 0.3781738281 0.7236328125 0.0249023438 0.0273437500
1 0.3649902344 0.7358398438 0.0229492188 0.0253906250
1 0.3535156250 0.7485351562 0.0234375000 0.0263671875
1 0.3400878906 0.7631835938 0.0239257812 0.0283203125
1 0.3259277344 0.7763671875 0.0229492188 0.0273437500
1 0.3112792969 0.7888183594 0.0249023438 0.0258789062
1 0.2983398438 0.8005371094 0.0283203125 0.0278320312
1 0.2851562500 0.8134765625 0.0263671875 0.0263671875
1 0.2727050781 0.8273925781 0.0239257812 0.0278320312
1 0.2604980469 0.8398437500 0.0258789062 0.0273437500
1 0.2463378906 0.8525390625 0.0249023438 0.0283203125
1 0.2343750000 0.8652343750 0.0292968750 0.0292968750
1 0.3496093750 0.6960449219 0.0283203125 0.0288085938
1 0.3369140625 0.7089843750 0.0224609375 0.0273437500
1 0.3256835938 0.7238769531 0.0224609375 0.0249023438
1 0.3139648438 0.7380371094 0.0273437500 0.0297851562
1 0.3005371094 0.7517089844 0.0249023438 0.0268554688
1 0.2868652344 0.7639160156 0.0229492188 0.0278320312
1 0.2770996094 0.7797851562 0.0249023438 0.0244140625
1 0.2636718750 0.7910156250 0.0244140625 0.0224609375
1 0.2509765625 0.8041992188 0.0263671875 0.0253906250
1 0.2375488281 0.8171386719 0.0239257812 0.0239257812
1 0.2238769531 0.8303222656 0.0258789062 0.0307617188
1 0.2106933594 0.8439941406 0.0288085938 0.0307617188
2 0.1442871094 0.5344238281 0.0922851562 0.0913085938
3 0.5612792969 0.5590820312 0.0395507812 0.0292968750
3 0.6044921875 0.6291503906 0.0371093750 0.0405273438
3 0.6445312500 0.6311035156 0.0390625000 0.0385742188
3 0.6857910156 0.5588378906 0.0415039062 0.0258789062
3 0.7272949219 0.5568847656 0.0405273438 0.0258789062
