1 0.9628906250 0.3715820312 0.0605468750 0.0361328125
1 0.9316406250 0.2993164062 0.0625000000 0.0322265625
1 0.9326171875 0.2700195312 0.0625000000 0.0341796875
0 0.9492187500 0.1933593750 0.0605468750 0.0312500000
3 0.5947265625 0.3159179688 0.1367187500 0.0732421875
0 0.3886718750 0.1381835938 0.0371093750 0.0634765625
1 0.2431640625 0.4780273438 0.0917968750 0.0791015625
1 0.2460937500 0.3720703125 0.0976562500 0.0761718750
1 0.1718750000 0.2958984375 0.0351562500 0.0605468750
0 0.1132812500 0.2988281250 0.0664062500 0.0449218750
1 0.1997070312 0.2333984375 0.0302734375 0.0644531250
0 0.1669921875 0.2348632812 0.0292968750 0.0595703125
0 0.1518554688 0.1743164062 0.0322265625 0.0595703125
0 0.0888671875 0.1718750000 0.0273437500 0.0585937500
1 0.1206054688 0.1728515625 0.0341796875 0.0644531250
1 0.0605468750 0.1723632812 0.0351562500 0.0634765625
1 0.0239257812 0.1733398438 0.0341796875 0.0615234375
2 0.0610351562 0.2348632812 0.0458984375 0.0498046875
1 0.0092773438 0.7871093750 0.0185546875 0.0585937500
1 0.0385742188 0.7900390625 0.0322265625 0.0605468750
1 0.0732421875 0.7875976562 0.0371093750 0.0654296875
1 0.1113281250 0.7885742188 0.0351562500 0.0634765625
1 0.1464843750 0.7866210938 0.0332031250 0.0595703125
1 0.1831054688 0.7861328125 0.0361328125 0.0625000000
1 0.2177734375 0.7880859375 0.0332031250 0.0625000000
1 0.9614257812 0.6445312500 0.0576171875 0.0332031250
1 0.9633789062 0.6796875000 0.0595703125 0.0332031250
1 0.9633789062 0.7158203125 0.0595703125 0.0351562500
1 0.9638671875 0.7519531250 0.0566406250 0.0332031250
1 0.9633789062 0.7895507812 0.0595703125 0.0302734375
1 0.4257812500 0.7031250000 0.0527343750 0.0527343750
1 0.4516601562 0.7299804688 0.0517578125 0.0498046875
1 0.4755859375 0.7568359375 0.0488281250 0.0488281250
1 0.5068359375 0.7758789062 0.0468750000 0.0517578125
1 0.5322265625 0.8007812500 0.0527343750 0.0527343750
1 0.5595703125 0.8256835938 0.0468750000 0.0498046875
1 0.5834960938 0.8540039062 0.0498046875 0.0517578125
1 0.6108398438 0.8779296875 0.0478515625 0.0468750000
1 0.6352539062 0.9072265625 0.0498046875 0.0449218750
1 0.4775390625 0.6538085938 0.0527343750 0.0537109375
1 0.5014648438 0.6796875000 0.0498046875 0.0468750000
1 0.5268554688 0.7070312500 0.0517578125 0.0488281250
1 0.5546875000 0.7309570312 0.0507812500 0.0498046875
1 0.5766601562 0.7573242188 0.0556640625 0.0498046875
1 0.6025390625 0.7812500000 0.0507812500 0.0527343750
1 0.6303710938 0.8071289062 0.0517578125 0.0517578125
1 0.6538085938 0.8320312500 0.0458984375 0.0429687500
1 0.6811523438 0.8564453125 0.0439453125 0.0449218750
