3 0.7358398438 0.2397460938 0.5283203125 0.2587890625
2 0.1147460938 0.2187500000 0.2294921875 0.4316406250
1 0.2763671875 0.0097656250 0.0644531250 0.0195312500
1 0.2778320312 0.0395507812 0.0654296875 0.0341796875
1 0.2778320312 0.0747070312 0.0654296875 0.0380859375
1 0.2783203125 0.1186523438 0.0605468750 0.0322265625
1 0.3447265625 0.1196289062 0.0644531250 0.0341796875
1 0.2773437500 0.1572265625 0.0625000000 0.0292968750
1 0.2797851562 0.1918945312 0.0634765625 0.0380859375
1 0.2788085938 0.3364257812 0.0595703125 0.0361328125
1 0.2783203125 0.3740234375 0.0644531250 0.0351562500
3 0.2514648438 0.5009765625 0.0791015625 0.0585937500
3 0.3378906250 0.6411132812 0.0742187500 0.0810546875
3 0.4179687500 0.6450195312 0.0781250000 0.0771484375
3 0.5004882812 0.5004882812 0.0830078125 0.0517578125
3 0.5834960938 0.4965820312 0.0810546875 0.0517578125
