3 0.9870605469 0.5676269531 0.0258789062 0.0727539062
1 0.0817871094 0.2087402344 0.0297851562 0.0161132812
1 0.0820312500 0.2270507812 0.0312500000 0.0185546875
1 0.0820312500 0.2460937500 0.0312500000 0.0175781250
1 0.0815429688 0.2641601562 0.0302734375 0.0185546875
1 0.0817871094 0.2819824219 0.0297851562 0.0190429688
1 0.0815429688 0.3000488281 0.0302734375 0.0180664062
1 0.0817871094 0.3168945312 0.0297851562 0.0175781250
1 0.0827636719 0.3352050781 0.0297851562 0.0209960938
1 0.0832519531 0.3537597656 0.0307617188 0.0209960938
1 0.0812988281 0.3728027344 0.0327148438 0.0200195312
1 0.0822753906 0.3903808594 0.0307617188 0.0200195312
1 0.2395019531 0.0522460938 0.0161132812 0.0312500000
1 0.2568359375 0.0524902344 0.0185546875 0.0317382812
1 0.2756347656 0.0524902344 0.0180664062 0.0317382812
1 0.2937011719 0.0524902344 0.0180664062 0.0317382812
1 0.3117675781 0.0520019531 0.0180664062 0.0327148438
1 0.3295898438 0.0529785156 0.0185546875 0.0297851562
1 0.3471679688 0.0532226562 0.0185546875 0.0302734375
1 0.3830566406 0.0522460938 0.0151367188 0.0312500000
1 0.4020996094 0.0529785156 0.0170898438 0.0297851562
1 0.4196777344 0.0524902344 0.0151367188 0.0307617188
1 0.2106933594 0.2019042969 0.0288085938 0.0297851562
1 0.2243652344 0.2150878906 0.0249023438 0.0249023438
1 0.2368164062 0.2285156250 0.0273437500 0.0273437500
1 0.2492675781 0.2414550781 0.0249023438 0.0239257812
1 0.2629394531 0.2543945312 0.0239257812 0.0253906250
1 0.2768554688 0.2666015625 0.0273437500 0.0273437500
1 0.2900390625 0.2792968750 0.0263671875 0.0283203125
1 0.3032226562 0.2922363281 0.0263671875 0.0268554688
1 0.3156738281 0.3068847656 0.0307617188 0.0278320312
1 0.3264160156 0.3210449219 0.0258789062 0.0239257812
1 0.3381347656 0.3352050781 0.0249023438 0.0249023438
1 0.3508300781 0.3471679688 0.0239257812 0.0244140625
1 0.2333984375 0.1782226562 0.0273437500 0.0263671875
1 0.2475585938 0.1931152344 0.0273437500 0.0249023438
1 0.2600097656 0.2050781250 0.0268554688 0.0263671875
1 0.2729492188 0.2182617188 0.0283203125 0.0283203125
1 0.2871093750 0.2294921875 0.0273437500 0.0263671875
1 0.2978515625 0.2438964844 0.0273437500 0.0258789062
1 0.3120117188 0.2563476562 0.0263671875 0.0263671875
1 0.3247070312 0.2702636719 0.0273437500 0.0278320312
1 0.3366699219 0.2832031250 0.0297851562 0.0263671875
1 0.3522949219 0.2963867188 0.0239257812 0.0234375000
1 0.3659667969 0.3071289062 0.0249023438 0.0273437500
1 0.3793945312 0.3195800781 0.0273437500 0.0307617188
3 0.6132812500 0.5637207031 0.0361328125 0.0717773438
3 0.6833496094 0.5637207031 0.0317382812 0.0698242188
