1 0.2011718750 0.0634765625 0.0351562500 0.0664062500
1 0.2280273438 0.1118164062 0.0595703125 0.0322265625
1 0.2280273438 0.1440429688 0.0595703125 0.0341796875
3 0.0556640625 0.2744140625 0.1113281250 0.0722656250
3 0.8144531250 0.1230468750 0.0742187500 0.1347656250
0 0.8281250000 0.4038085938 0.0371093750 0.0634765625
1 0.6826171875 0.7436523438 0.0917968750 0.0791015625
1 0.6855468750 0.6376953125 0.0976562500 0.0761718750
1 0.4082031250 0.5546875000 0.1015625000 0.0839843750
1 0.6113281250 0.5615234375 0.0351562500 0.0605468750
0 0.5527343750 0.5644531250 0.0664062500 0.0449218750
1 0.6391601562 0.4990234375 0.0302734375 0.0644531250
0 0.6064453125 0.5004882812 0.0292968750 0.0595703125
0 0.5913085938 0.4399414062 0.0322265625 0.0595703125
0 0.5283203125 0.4375000000 0.0273437500 0.0585937500
0 0.4306640625 0.4389648438 0.0332031250 0.0615234375
1 0.5600585938 0.4384765625 0.0341796875 0.0644531250
1 0.5000000000 0.4379882812 0.0351562500 0.0634765625
1 0.4633789062 0.4389648438 0.0341796875 0.0615234375
1 0.4116210938 0.5000000000 0.0615234375 0.0292968750
2 0.5004882812 0.5004882812 0.0458984375 0.0498046875
1 0.1254882812 0.4965820312 0.0380859375 0.0634765625
1 0.1665039062 0.6210937500 0.0595703125 0.0312500000
0 0.0683593750 0.6489257812 0.0253906250 0.0576171875
0 0.0424804688 0.5952148438 0.0341796875 0.0576171875
1 0.0415039062 0.6513671875 0.0341796875 0.0585937500
3 0.2690429688 0.7358398438 0.0771484375 0.1396484375
1 0.8652343750 0.9687500000 0.0527343750 0.0527343750
1 0.8911132812 0.9853515625 0.0517578125 0.0292968750
1 0.9169921875 0.9194335938 0.0527343750 0.0537109375
1 0.9409179688 0.9453125000 0.0498046875 0.0468750000
1 0.9663085938 0.9726562500 0.0517578125 0.0488281250
