0 0.7670898438 0.0732421875 0.0361328125 0.0625000000
1 0.8012695312 0.0747070312 0.0341796875 0.0615234375
1 0.8344726562 0.0747070312 0.0341796875 0.0654296875
0 0.8657226562 0.0756835938 0.0341796875 0.0634765625
1 0.9492187500 0.5239257812 0.0351562500 0.0615234375
1 0.9130859375 0.5239257812 0.0371093750 0.0615234375
1 0.8750000000 0.5239257812 0.0312500000 0.0576171875
1 0.6489257812 0.4887695312 0.0595703125 0.0341796875
0 0.6489257812 0.5224609375 0.0595703125 0.0312500000
1 0.6489257812 0.5556640625 0.0595703125 0.0332031250
1 0.6479492188 0.5986328125 0.0595703125 0.0273437500
1 0.5546875000 0.6494140625 0.0371093750 0.0644531250
1 0.5048828125 0.6484375000 0.0351562500 0.0625000000
1 0.3750000000 0.6030273438 0.0605468750 0.0361328125
1 0.3437500000 0.5307617188 0.0625000000 0.0322265625
1 0.3447265625 0.5014648438 0.0625000000 0.0341796875
0 0.3613281250 0.4248046875 0.0605468750 0.0312500000
3 0.6987304688 0.7407226562 0.0693359375 0.1337890625
3 0.0375976562 0.5473632812 0.0751953125 0.0732421875
1 0.3735351562 0.8759765625 0.0576171875 0.0332031250
1 0.3754882812 0.9111328125 0.0595703125 0.0332031250
1 0.3754882812 0.9472656250 0.0595703125 0.0351562500
1 0.3759765625 0.9833984375 0.0566406250 0.0332031250
1 0.9682617188 0.8789062500 0.0498046875 0.0546875000
1 0.9418945312 0.9033203125 0.0458984375 0.0507812500
1 0.9189453125 0.9287109375 0.0468750000 0.0527343750
1 0.8920898438 0.9580078125 0.0478515625 0.0566406250
1 0.8637695312 0.9785156250 0.0458984375 0.0429687500
1 0.9111328125 0.8237304688 0.0566406250 0.0576171875
1 0.8857421875 0.8496093750 0.0449218750 0.0546875000
1 0.8632812500 0.8793945312 0.0449218750 0.0498046875
1 0.8398437500 0.9077148438 0.0546875000 0.0595703125
1 0.8129882812 0.9350585938 0.0498046875 0.0537109375
1 0.7856445312 0.9594726562 0.0458984375 0.0556640625
1 0.7661132812 0.9833984375 0.0498046875 0.0332031250
2 0.5004882812 0.5004882812 0.1845703125 0.1826171875
