3 0.2802734375 0.0546875000 0.0742187500 0.1093750000
1 0.9902343750 0.6015625000 0.0195312500 0.0625000000
1 0.8681640625 0.5561523438 0.0605468750 0.0361328125
1 0.8369140625 0.4838867188 0.0625000000 0.0322265625
1 0.8378906250 0.4545898438 0.0625000000 0.0341796875
0 0.8544921875 0.3779296875 0.0605468750 0.0312500000
3 0.5000000000 0.5004882812 0.1367187500 0.0732421875
0 0.2939453125 0.3227539062 0.0371093750 0.0634765625
1 0.1484375000 0.6625976562 0.0917968750 0.0791015625
1 0.1513671875 0.5566406250 0.0976562500 0.0761718750
1 0.0771484375 0.4804687500 0.0351562500 0.0605468750
0 0.0258789062 0.4833984375 0.0517578125 0.0449218750
1 0.1049804688 0.4179687500 0.0302734375 0.0644531250
0 0.0722656250 0.4194335938 0.0292968750 0.0595703125
0 0.0571289062 0.3588867188 0.0322265625 0.0595703125
1 0.0258789062 0.3574218750 0.0341796875 0.0644531250
1 0.0170898438 0.9707031250 0.0341796875 0.0585937500
1 0.0517578125 0.9707031250 0.0332031250 0.0585937500
1 0.0883789062 0.9697265625 0.0361328125 0.0605468750
1 0.1230468750 0.9707031250 0.0332031250 0.0585937500
1 0.8666992188 0.8291015625 0.0576171875 0.0332031250
1 0.8686523438 0.8642578125 0.0595703125 0.0332031250
1 0.8686523438 0.9003906250 0.0595703125 0.0351562500
1 0.8691406250 0.9365234375 0.0566406250 0.0332031250
1 0.8686523438 0.9741210938 0.0595703125 0.0302734375
1 0.3310546875 0.8876953125 0.0527343750 0.0527343750
1 0.3569335938 0.9145507812 0.0517578125 0.0498046875
1 0.3808593750 0.9414062500 0.0488281250 0.0488281250
1 0.4121093750 0.9604492188 0.0468750000 0.0517578125
1 0.4375000000 0.9794921875 0.0527343750 0.0410156250
1 0.3828125000 0.8383789062 0.0527343750 0.0537109375
1 0.4067382812 0.8642578125 0.0498046875 0.0468750000
1 0.4321289062 0.8916015625 0.0517578125 0.0488281250
1 0.4599609375 0.9155273438 0.0507812500 0.0498046875
1 0.4819335938 0.9418945312 0.0556640625 0.0498046875
1 0.5078125000 0.9658203125 0.0507812500 0.0527343750
1 0.5356445312 0.9829101562 0.0517578125 0.0341796875
2 0.9506835938 0.4536132812 0.0986328125 0.1826171875
