3 0.2563476562 0.3823242188 0.1943359375 0.3876953125
3 0.5004882812 0.3823242188 0.1982421875 0.3876953125
3 0.7475585938 0.3833007812 0.2041015625 0.3896484375
3 0.9467773438 0.3833007812 0.1064453125 0.3935546875
1 0.0292968750 0.5200195312 0.0332031250 0.0595703125
1 0.0634765625 0.5209960938 0.0332031250 0.0615234375
1 0.0302734375 0.5976562500 0.0351562500 0.0664062500
1 0.0571289062 0.6459960938 0.0595703125 0.0322265625
1 0.0571289062 0.6782226562 0.0595703125 0.0341796875
3 0.6435546875 0.6572265625 0.0742187500 0.1347656250
0 0.6572265625 0.9379882812 0.0371093750 0.0634765625
0 0.4204101562 0.9721679688 0.0322265625 0.0556640625
0 0.3574218750 0.9711914062 0.0273437500 0.0576171875
0 0.2597656250 0.9711914062 0.0332031250 0.0576171875
1 0.3891601562 0.9702148438 0.0341796875 0.0595703125
1 0.3291015625 0.9702148438 0.0351562500 0.0595703125
1 0.2924804688 0.9711914062 0.0341796875 0.0576171875
