3 0.7287597656 0.2133789062 0.1909179688 0.4267578125
3 0.7766113281 0.5698242188 0.0424804688 0.0722656250
3 0.6901855469 0.5676269531 0.0395507812 0.0727539062
3 0.7768554688 0.6528320312 0.0419921875 0.0419921875
1 0.0085449219 0.0520019531 0.0170898438 0.0327148438
1 0.0258789062 0.0529785156 0.0185546875 0.0297851562
1 0.0434570312 0.0532226562 0.0185546875 0.0302734375
1 0.0793457031 0.0522460938 0.0151367188 0.0312500000
1 0.0983886719 0.0529785156 0.0170898438 0.0297851562
1 0.1159667969 0.0524902344 0.0151367188 0.0307617188
1 0.0136718750 0.3068847656 0.0273437500 0.0278320312
1 0.0227050781 0.3210449219 0.0258789062 0.0239257812
1 0.0344238281 0.3352050781 0.0249023438 0.0249023438
1 0.0471191406 0.3471679688 0.0239257812 0.0244140625
1 0.0107421875 0.2563476562 0.0214843750 0.0263671875
1 0.0209960938 0.2702636719 0.0273437500 0.0278320312
1 0.0329589844 0.2832031250 0.0297851562 0.0263671875
1 0.0485839844 0.2963867188 0.0239257812 0.0234375000
1 0.0622558594 0.3071289062 0.0249023438 0.0273437500
1 0.0756835938 0.3195800781 0.0273437500 0.0307617188
3 0.3095703125 0.5637207031 0.0361328125 0.0717773438
3 0.3796386719 0.5637207031 0.0317382812 0.0698242188
