3 0.5004882812 0.3481445312 0.4189453125 0.2919921875
0 0.1674804688 0.6416015625 0.0361328125 0.0625000000
1 0.2016601562 0.6430664062 0.0341796875 0.0615234375
1 0.2348632812 0.6430664062 0.0341796875 0.0654296875
0 0.2661132812 0.6440429688 0.0341796875 0.0634765625
2 0.4970703125 0.8100585938 0.4316406250 0.3798828125
0 0.6528320312 0.5576171875 0.0361328125 0.0664062500
1 0.7597656250 0.6181640625 0.0644531250 0.0371093750
1 0.7612304688 0.6567382812 0.0654296875 0.0341796875
1 0.7612304688 0.6918945312 0.0654296875 0.0380859375
1 0.7617187500 0.7358398438 0.0605468750 0.0322265625
1 0.8281250000 0.7368164062 0.0644531250 0.0341796875
1 0.7607421875 0.7744140625 0.0625000000 0.0292968750
1 0.7631835938 0.8090820312 0.0634765625 0.0380859375
1 0.7622070312 0.9536132812 0.0595703125 0.0361328125
1 0.7617187500 0.9868164062 0.0644531250 0.0263671875
