3 0.1489257812 0.4116210938 0.2470703125 0.4228515625
3 0.5000000000 0.3256835938 0.2343750000 0.1767578125
3 0.8569335938 0.3823242188 0.1943359375 0.3876953125
1 0.4023437500 0.4536132812 0.0644531250 0.0341796875
1 0.4643554688 0.4536132812 0.0517578125 0.0302734375
1 0.5776367188 0.4526367188 0.0654296875 0.0380859375
0 0.3505859375 0.4931640625 0.0644531250 0.0351562500
1 0.6298828125 0.5200195312 0.0332031250 0.0595703125
1 0.6640625000 0.5209960938 0.0332031250 0.0615234375
1 0.6308593750 0.5976562500 0.0351562500 0.0664062500
1 0.3618164062 0.6357421875 0.0361328125 0.0625000000
1 0.6577148438 0.6459960938 0.0595703125 0.0322265625
1 0.6577148438 0.6782226562 0.0595703125 0.0341796875
1 0.4047851562 0.7065429688 0.0166015625 0.0361328125
3 0.4716796875 0.8085937500 0.1386718750 0.0722656250
0 0.9580078125 0.9711914062 0.0273437500 0.0576171875
0 0.8603515625 0.9711914062 0.0332031250 0.0576171875
1 0.9863281250 0.9702148438 0.0273437500 0.0595703125
1 0.9296875000 0.9702148438 0.0351562500 0.0595703125
1 0.8930664062 0.9711914062 0.0341796875 0.0576171875
