3 0.2192382812 0.6743164062 0.1806640625 0.4482421875
3 0.5004882812 0.4116210938 0.2470703125 0.4228515625
3 0.8515625000 0.3256835938 0.2343750000 0.1767578125
1 0.7539062500 0.4536132812 0.0644531250 0.0341796875
1 0.8159179688 0.4536132812 0.0517578125 0.0302734375
1 0.9291992188 0.4526367188 0.0654296875 0.0380859375
0 0.7021484375 0.4931640625 0.0644531250 0.0351562500
1 0.9814453125 0.5200195312 0.0332031250 0.0595703125
1 0.9824218750 0.5976562500 0.0351562500 0.0664062500
1 0.7133789062 0.6357421875 0.0361328125 0.0625000000
1 0.7563476562 0.7065429688 0.0166015625 0.0361328125
3 0.8232421875 0.8085937500 0.1386718750 0.0722656250
