3 0.6943359375 0.2436523438 0.6113281250 0.2587890625
1 0.1933593750 0.0117187500 0.0644531250 0.0234375000
1 0.1948242188 0.0434570312 0.0654296875 0.0341796875
1 0.1948242188 0.0786132812 0.0654296875 0.0380859375
1 0.1953125000 0.1225585938 0.0605468750 0.0322265625
1 0.2617187500 0.1235351562 0.0644531250 0.0341796875
1 0.1943359375 0.1611328125 0.0625000000 0.0292968750
1 0.1967773438 0.1958007812 0.0634765625 0.0380859375
1 0.1958007812 0.3403320312 0.0595703125 0.0361328125
1 0.1953125000 0.3779296875 0.0644531250 0.0351562500
3 0.1684570312 0.5048828125 0.0791015625 0.0585937500
3 0.2548828125 0.6450195312 0.0742187500 0.0810546875
3 0.3349609375 0.6489257812 0.0781250000 0.0771484375
3 0.4174804688 0.5043945312 0.0830078125 0.0517578125
3 0.5004882812 0.5004882812 0.0810546875 0.0517578125
