3 0.1403808594 0.1740722656 0.2094726562 0.1459960938
3 0.5036621094 0.1662597656 0.4135742188 0.2973632812
3 0.7668457031 0.2497558594 0.0737304688 0.0375976562
3 0.5891113281 0.4284667969 0.4428710938 0.1293945312
3 0.7287597656 0.8041992188 0.1909179688 0.3916015625
1 0.0080566406 0.3215332031 0.0161132812 0.0327148438
0 0.0231933594 0.3220214844 0.0170898438 0.0317382812
2 0.1386718750 0.4179687500 0.2158203125 0.2158203125
0 0.2165527344 0.2788085938 0.0180664062 0.0332031250
1 0.2700195312 0.3090820312 0.0322265625 0.0185546875
1 0.2707519531 0.3283691406 0.0327148438 0.0170898438
1 0.2707519531 0.3459472656 0.0327148438 0.0190429688
1 0.2709960938 0.3679199219 0.0302734375 0.0161132812
1 0.3041992188 0.3684082031 0.0322265625 0.0170898438
1 0.2705078125 0.3872070312 0.0312500000 0.0146484375
1 0.2717285156 0.4045410156 0.0317382812 0.0190429688
1 0.2712402344 0.4768066406 0.0297851562 0.0180664062
1 0.2709960938 0.4956054688 0.0322265625 0.0175781250
1 0.0649414062 0.5461425781 0.0175781250 0.0307617188
1 0.0468750000 0.5461425781 0.0185546875 0.0307617188
1 0.0278320312 0.5461425781 0.0156250000 0.0288085938
1 0.0085449219 0.9855957031 0.0170898438 0.0288085938
1 0.0258789062 0.9868164062 0.0185546875 0.0263671875
1 0.0434570312 0.9868164062 0.0185546875 0.0263671875
1 0.0793457031 0.9860839844 0.0151367188 0.0278320312
1 0.0983886719 0.9868164062 0.0170898438 0.0263671875
1 0.1159667969 0.9863281250 0.0151367188 0.0273437500
1 0.0744628906 0.7236328125 0.0249023438 0.0273437500
1 0.0612792969 0.7358398438 0.0229492188 0.0253906250
1 0.0498046875 0.7485351562 0.0234375000 0.0263671875
1 0.0363769531 0.7631835938 0.0239257812 0.0283203125
1 0.0222167969 0.7763671875 0.0229492188 0.0273437500
1 0.0100097656 0.7888183594 0.0200195312 0.0258789062
1 0.0458984375 0.6960449219 0.0283203125 0.0288085938
1 0.0332031250 0.7089843750 0.0224609375 0.0273437500
1 0.0219726562 0.7238769531 0.0224609375 0.0249023438
1 0.0119628906 0.7380371094 0.0239257812 0.0297851562
3 0.7644042969 0.3220214844 0.0786132812 0.0708007812
3 0.2575683594 0.5590820312 0.0395507812 0.0292968750
3 0.3007812500 0.6291503906 0.0371093750 0.0405273438
3 0.3408203125 0.6311035156 0.0390625000 0.0385742188
3 0.3820800781 0.5588378906 0.0415039062 0.0258789062
3 0.4235839844 0.5568847656 0.0405273438 0.0258789062
