0 0.0317382812 0.0288085938 0.0341796875 0.0576171875
2 0.2626953125 0.2177734375 0.4316406250 0.4316406250
1 0.5253906250 0.0092773438 0.0644531250 0.0185546875
1 0.5268554688 0.0385742188 0.0654296875 0.0341796875
1 0.5268554688 0.0737304688 0.0654296875 0.0380859375
1 0.5273437500 0.1176757812 0.0605468750 0.0322265625
1 0.5937500000 0.1186523438 0.0644531250 0.0341796875
1 0.5263671875 0.1562500000 0.0625000000 0.0292968750
1 0.5288085938 0.1909179688 0.0634765625 0.0380859375
1 0.5278320312 0.3354492188 0.0595703125 0.0361328125
1 0.5273437500 0.3730468750 0.0644531250 0.0351562500
1 0.1152343750 0.4741210938 0.0351562500 0.0615234375
1 0.0791015625 0.4741210938 0.0371093750 0.0615234375
1 0.0410156250 0.4741210938 0.0312500000 0.0576171875
1 0.1342773438 0.8291015625 0.0498046875 0.0546875000
1 0.1079101562 0.8535156250 0.0458984375 0.0507812500
1 0.0849609375 0.8789062500 0.0468750000 0.0527343750
1 0.0581054688 0.9082031250 0.0478515625 0.0566406250
1 0.0297851562 0.9345703125 0.0458984375 0.0546875000
1 0.0126953125 0.9594726562 0.0253906250 0.0517578125
1 0.0771484375 0.7739257812 0.0566406250 0.0576171875
1 0.0517578125 0.7998046875 0.0449218750 0.0546875000
1 0.0292968750 0.8295898438 0.0449218750 0.0498046875
1 0.0166015625 0.8579101562 0.0332031250 0.0595703125
3 0.5004882812 0.5000000000 0.0791015625 0.0585937500
3 0.5869140625 0.6401367188 0.0742187500 0.0810546875
3 0.6669921875 0.6440429688 0.0781250000 0.0771484375
3 0.7495117188 0.4995117188 0.0830078125 0.0517578125
3 0.8325195312 0.4956054688 0.0810546875 0.0517578125
