3 0.5034179688 0.0791015625 0.4189453125 0.1582031250
0 0.1704101562 0.3056640625 0.0361328125 0.0625000000
1 0.2045898438 0.3071289062 0.0341796875 0.0615234375
1 0.2377929688 0.3071289062 0.0341796875 0.0654296875
0 0.2690429688 0.3081054688 0.0341796875 0.0634765625
2 0.5000000000 0.5000000000 0.4316406250 0.4316406250
0 0.6557617188 0.2216796875 0.0361328125 0.0664062500
1 0.7626953125 0.2822265625 0.0644531250 0.0371093750
1 0.7641601562 0.3208007812 0.0654296875 0.0341796875
1 0.7641601562 0.3559570312 0.0654296875 0.0380859375
1 0.7646484375 0.3999023438 0.0605468750 0.0322265625
1 0.8310546875 0.4008789062 0.0644531250 0.0341796875
1 0.7636718750 0.4384765625 0.0625000000 0.0292968750
1 0.7661132812 0.4731445312 0.0634765625 0.0380859375
1 0.7651367188 0.6176757812 0.0595703125 0.0361328125
1 0.7646484375 0.6552734375 0.0644531250 0.0351562500
1 0.3525390625 0.7563476562 0.0351562500 0.0615234375
1 0.3164062500 0.7563476562 0.0371093750 0.0615234375
1 0.2783203125 0.7563476562 0.0312500000 0.0576171875
1 0.0522460938 0.7211914062 0.0595703125 0.0341796875
0 0.0522460938 0.7548828125 0.0595703125 0.0312500000
1 0.0522460938 0.7880859375 0.0595703125 0.0332031250
1 0.0512695312 0.8310546875 0.0595703125 0.0273437500
3 0.1020507812 0.9531250000 0.0693359375 0.0937500000
3 0.7377929688 0.7822265625 0.0791015625 0.0585937500
3 0.8242187500 0.9223632812 0.0742187500 0.0810546875
3 0.9042968750 0.9262695312 0.0781250000 0.0771484375
3 0.9726562500 0.7817382812 0.0546875000 0.0517578125
