1 0.2124023438 0.3510742188 0.0576171875 0.0361328125
1 0.2114257812 0.3886718750 0.0595703125 0.0273437500
1 0.2114257812 0.6035156250 0.0556640625 0.0332031250
1 0.2128906250 0.5664062500 0.0566406250 0.0351562500
1 0.2114257812 0.5312500000 0.0595703125 0.0351562500
1 0.2104492188 0.4960937500 0.0615234375 0.0332031250
1 0.2104492188 0.4609375000 0.0615234375 0.0351562500
1 0.2114257812 0.4228515625 0.0595703125 0.0371093750
1 0.2114257812 0.6406250000 0.0634765625 0.0371093750
1 0.2089843750 0.6840820312 0.0605468750 0.0380859375
1 0.2094726562 0.7216796875 0.0595703125 0.0351562500
1 0.2104492188 0.7558593750 0.0615234375 0.0351562500
1 0.2104492188 0.7910156250 0.0576171875 0.0351562500
1 0.2089843750 0.8276367188 0.0605468750 0.0302734375
1 0.2104492188 0.8637695312 0.0615234375 0.0361328125
1 0.2104492188 0.9023437500 0.0615234375 0.0351562500
1 0.2104492188 0.9370117188 0.0576171875 0.0341796875
1 0.2089843750 0.9716796875 0.0605468750 0.0351562500
1 0.3515625000 0.2729492188 0.0332031250 0.0654296875
1 0.3867187500 0.2724609375 0.0332031250 0.0625000000
1 0.4238281250 0.2734375000 0.0292968750 0.0585937500
1 0.4584960938 0.2763671875 0.0322265625 0.0605468750
1 0.4931640625 0.2739257812 0.0371093750 0.0654296875
1 0.5312500000 0.2749023438 0.0351562500 0.0634765625
1 0.5664062500 0.2729492188 0.0332031250 0.0595703125
1 0.6030273438 0.2724609375 0.0361328125 0.0625000000
1 0.6376953125 0.2744140625 0.0332031250 0.0625000000
1 0.7441406250 0.6630859375 0.0351562500 0.0644531250
1 0.7783203125 0.6616210938 0.0351562500 0.0693359375
1 0.8159179688 0.6630859375 0.0380859375 0.0742187500
1 0.8559570312 0.6596679688 0.0341796875 0.0615234375
1 0.8906250000 0.6611328125 0.0351562500 0.0644531250
1 0.9267578125 0.6625976562 0.0351562500 0.0673828125
1 0.9638671875 0.6621093750 0.0351562500 0.0664062500
1 0.9912109375 0.6635742188 0.0175781250 0.0654296875
2 0.5004882812 0.5004882812 0.3642578125 0.2509765625
2 0.4985351562 0.8227539062 0.3642578125 0.2587890625
1 0.8457031250 0.1894531250 0.0527343750 0.0527343750
1 0.8715820312 0.2163085938 0.0517578125 0.0498046875
1 0.8955078125 0.2431640625 0.0488281250 0.0488281250
1 0.9267578125 0.2622070312 0.0468750000 0.0517578125
1 0.9521484375 0.2871093750 0.0527343750 0.0527343750
1 0.9780273438 0.3120117188 0.0439453125 0.0498046875
1 0.8974609375 0.1401367188 0.0527343750 0.0537109375
1 0.9213867188 0.1660156250 0.0498046875 0.0468750000
1 0.9467773438 0.1933593750 0.0517578125 0.0488281250
1 0.9746093750 0.2172851562 0.0507812500 0.0498046875
1 0.9843750000 0.2436523438 0.0312500000 0.0498046875
