3 0.2319335938 0.3823242188 0.1982421875 0.3876953125
3 0.4790039062 0.3833007812 0.2041015625 0.3896484375
3 0.7221679688 0.3833007812 0.1943359375 0.3935546875
3 0.3750000000 0.6572265625 0.0742187500 0.1347656250
0 0.9492187500 0.9887695312 0.0605468750 0.0224609375
0 0.3886718750 0.9379882812 0.0371093750 0.0634765625
0 0.1518554688 0.9721679688 0.0322265625 0.0556640625
0 0.0888671875 0.9711914062 0.0273437500 0.0576171875
1 0.1206054688 0.9702148438 0.0341796875 0.0595703125
1 0.0605468750 0.9702148438 0.0351562500 0.0595703125
1 0.0239257812 0.9711914062 0.0341796875 0.0576171875
