1 0.2143554688 0.0288085938 0.0576171875 0.0361328125
1 0.2133789062 0.0664062500 0.0595703125 0.0273437500
1 0.2133789062 0.2812500000 0.0556640625 0.0332031250
1 0.2148437500 0.2441406250 0.0566406250 0.0351562500
1 0.2133789062 0.2089843750 0.0595703125 0.0351562500
1 0.2124023438 0.1738281250 0.0615234375 0.0332031250
1 0.2124023438 0.1386718750 0.0615234375 0.0351562500
1 0.2133789062 0.1005859375 0.0595703125 0.0371093750
1 0.2133789062 0.3183593750 0.0634765625 0.0371093750
1 0.2109375000 0.3618164062 0.0605468750 0.0380859375
1 0.2114257812 0.3994140625 0.0595703125 0.0351562500
1 0.2124023438 0.4335937500 0.0615234375 0.0351562500
1 0.2124023438 0.4687500000 0.0576171875 0.0351562500
1 0.2109375000 0.5053710938 0.0605468750 0.0302734375
1 0.2124023438 0.5415039062 0.0615234375 0.0361328125
1 0.2124023438 0.5800781250 0.0615234375 0.0351562500
1 0.2124023438 0.6147460938 0.0576171875 0.0341796875
1 0.2109375000 0.6494140625 0.0605468750 0.0351562500
1 0.3500976562 0.7373046875 0.0341796875 0.0625000000
1 0.3867187500 0.7373046875 0.0351562500 0.0644531250
1 0.4218750000 0.7348632812 0.0332031250 0.0634765625
1 0.4584960938 0.7363281250 0.0361328125 0.0664062500
1 0.4960937500 0.7353515625 0.0332031250 0.0605468750
1 0.5292968750 0.7358398438 0.0332031250 0.0654296875
1 0.5654296875 0.7348632812 0.0371093750 0.0634765625
1 0.6020507812 0.7343750000 0.0361328125 0.0644531250
1 0.6376953125 0.7348632812 0.0351562500 0.0634765625
1 0.7460937500 0.3408203125 0.0351562500 0.0644531250
1 0.7802734375 0.3393554688 0.0351562500 0.0693359375
1 0.8178710938 0.3408203125 0.0380859375 0.0742187500
1 0.8579101562 0.3374023438 0.0341796875 0.0615234375
1 0.8925781250 0.3388671875 0.0351562500 0.0644531250
1 0.9287109375 0.3403320312 0.0351562500 0.0673828125
1 0.9658203125 0.3398437500 0.0351562500 0.0664062500
1 0.9921875000 0.3413085938 0.0156250000 0.0654296875
2 0.5024414062 0.1782226562 0.3642578125 0.2509765625
2 0.5004882812 0.5004882812 0.3642578125 0.2587890625
1 0.9750976562 0.6943359375 0.0498046875 0.0527343750
1 0.9565429688 0.7246093750 0.0517578125 0.0585937500
1 0.9204101562 0.7500000000 0.0517578125 0.0566406250
1 0.8984375000 0.7768554688 0.0566406250 0.0517578125
1 0.8701171875 0.8027343750 0.0507812500 0.0507812500
1 0.8437500000 0.8276367188 0.0546875000 0.0595703125
1 0.8911132812 0.8735351562 0.0478515625 0.0537109375
1 0.9204101562 0.8491210938 0.0517578125 0.0556640625
1 0.9482421875 0.8212890625 0.0546875000 0.0527343750
1 0.9760742188 0.7939453125 0.0478515625 0.0566406250
1 0.9833984375 0.7666015625 0.0332031250 0.0546875000
