3 0.0532226562 0.3823242188 0.1064453125 0.3876953125
3 0.2534179688 0.3823242188 0.1982421875 0.3876953125
3 0.5004882812 0.3833007812 0.2041015625 0.3896484375
3 0.7436523438 0.3833007812 0.1943359375 0.3935546875
3 0.3964843750 0.6572265625 0.0742187500 0.1347656250
0 0.9702148438 0.9887695312 0.0595703125 0.0224609375
0 0.4101562500 0.9379882812 0.0371093750 0.0634765625
0 0.1733398438 0.9721679688 0.0322265625 0.0556640625
0 0.1103515625 0.9711914062 0.0273437500 0.0576171875
0 0.0146484375 0.9711914062 0.0292968750 0.0576171875
1 0.1420898438 0.9702148438 0.0341796875 0.0595703125
1 0.0820312500 0.9702148438 0.0351562500 0.0595703125
1 0.0454101562 0.9711914062 0.0341796875 0.0576171875
