1 0.1630859375 0.0092773438 0.0605468750 0.0185546875
1 0.1635742188 0.0356445312 0.0595703125 0.0380859375
1 0.1630859375 0.0717773438 0.0605468750 0.0361328125
1 0.1635742188 0.1054687500 0.0595703125 0.0351562500
1 0.1655273438 0.1420898438 0.0595703125 0.0419921875
1 0.1665039062 0.1791992188 0.0615234375 0.0419921875
1 0.1625976562 0.2172851562 0.0654296875 0.0400390625
1 0.1645507812 0.2524414062 0.0615234375 0.0400390625
1 0.5537109375 0.0161132812 0.0546875000 0.0322265625
1 0.5800781250 0.0302734375 0.0527343750 0.0566406250
1 0.6064453125 0.0561523438 0.0527343750 0.0537109375
1 0.6313476562 0.0854492188 0.0615234375 0.0556640625
1 0.6528320312 0.1137695312 0.0517578125 0.0478515625
1 0.6762695312 0.1420898438 0.0498046875 0.0498046875
1 0.7016601562 0.1660156250 0.0478515625 0.0488281250
1 0.6494140625 0.0200195312 0.0546875000 0.0400390625
1 0.6733398438 0.0380859375 0.0595703125 0.0527343750
1 0.7045898438 0.0644531250 0.0478515625 0.0468750000
1 0.7319335938 0.0859375000 0.0498046875 0.0546875000
1 0.7587890625 0.1108398438 0.0546875000 0.0615234375
