3 0.2734375000 0.0390625000 0.1386718750 0.0722656250
1 0.9140625000 0.5083007812 0.0917968750 0.0791015625
1 0.9169921875 0.4023437500 0.0976562500 0.0761718750
1 0.6396484375 0.3193359375 0.1015625000 0.0839843750
1 0.8427734375 0.3261718750 0.0351562500 0.0605468750
0 0.7841796875 0.3291015625 0.0664062500 0.0449218750
1 0.8706054688 0.2636718750 0.0302734375 0.0644531250
0 0.8378906250 0.2651367188 0.0292968750 0.0595703125
0 0.8227539062 0.2045898438 0.0322265625 0.0595703125
0 0.7597656250 0.2021484375 0.0273437500 0.0585937500
0 0.6621093750 0.2036132812 0.0332031250 0.0615234375
1 0.7915039062 0.2031250000 0.0341796875 0.0644531250
1 0.7314453125 0.2026367188 0.0351562500 0.0634765625
1 0.6948242188 0.2036132812 0.0341796875 0.0615234375
1 0.6430664062 0.2646484375 0.0615234375 0.0292968750
2 0.7319335938 0.2651367188 0.0458984375 0.0498046875
1 0.3569335938 0.2612304688 0.0380859375 0.0634765625
1 0.3979492188 0.3857421875 0.0595703125 0.0312500000
0 0.2998046875 0.4135742188 0.0253906250 0.0576171875
0 0.2739257812 0.3598632812 0.0341796875 0.0576171875
1 0.2729492188 0.4160156250 0.0341796875 0.0585937500
3 0.5004882812 0.5004882812 0.0771484375 0.1396484375
1 0.4633789062 0.8950195312 0.0576171875 0.0361328125
1 0.4624023438 0.9326171875 0.0595703125 0.0273437500
1 0.4624023438 0.9667968750 0.0595703125 0.0371093750
1 0.6025390625 0.8168945312 0.0332031250 0.0654296875
1 0.6376953125 0.8164062500 0.0332031250 0.0625000000
1 0.6748046875 0.8173828125 0.0292968750 0.0585937500
1 0.7094726562 0.8203125000 0.0322265625 0.0605468750
1 0.7441406250 0.8178710938 0.0371093750 0.0654296875
1 0.7822265625 0.8188476562 0.0351562500 0.0634765625
1 0.8173828125 0.8168945312 0.0332031250 0.0595703125
1 0.8540039062 0.8164062500 0.0361328125 0.0625000000
1 0.8886718750 0.8183593750 0.0332031250 0.0625000000
