2 0.1958007812 0.1469726562 0.3916015625 0.2939453125
1 0.4394531250 0.0166015625 0.0625000000 0.0292968750
1 0.4418945312 0.0512695312 0.0634765625 0.0380859375
1 0.4409179688 0.1958007812 0.0595703125 0.0361328125
1 0.4404296875 0.2333984375 0.0644531250 0.0351562500
1 0.0283203125 0.3344726562 0.0351562500 0.0615234375
1 0.0473632812 0.6894531250 0.0498046875 0.0546875000
1 0.0219726562 0.7138671875 0.0439453125 0.0507812500
3 0.4135742188 0.3603515625 0.0791015625 0.0585937500
3 0.5000000000 0.5004882812 0.0742187500 0.0810546875
3 0.5800781250 0.5043945312 0.0781250000 0.0771484375
3 0.6625976562 0.3598632812 0.0830078125 0.0517578125
3 0.7456054688 0.3559570312 0.0810546875 0.0517578125
