3 0.2514648438 0.1484375000 0.1806640625 0.2968750000
3 0.2260742188 0.9042968750 0.1669921875 0.1914062500
3 0.2285156250 0.4960937500 0.1796875000 0.2343750000
1 0.7456054688 0.0341796875 0.0361328125 0.0625000000
1 0.7885742188 0.1049804688 0.0166015625 0.0361328125
3 0.8554687500 0.2070312500 0.1386718750 0.0722656250
1 0.9389648438 0.4291992188 0.0380859375 0.0634765625
1 0.9750976562 0.5537109375 0.0498046875 0.0312500000
0 0.8818359375 0.5815429688 0.0253906250 0.0576171875
0 0.8559570312 0.5278320312 0.0341796875 0.0576171875
1 0.8549804688 0.5839843750 0.0341796875 0.0585937500
1 0.5019531250 0.5566406250 0.0585937500 0.0351562500
1 0.5014648438 0.4428710938 0.0615234375 0.0380859375
0 0.4091796875 0.4082031250 0.0605468750 0.0332031250
0 0.4077148438 0.5722656250 0.0595703125 0.0351562500
2 0.5004882812 0.5000000000 0.0341796875 0.0546875000
