3 0.6989746094 0.3371582031 0.0903320312 0.2241210938
3 0.8395996094 0.2058105469 0.1235351562 0.2114257812
3 0.7038574219 0.9440917969 0.1909179688 0.1118164062
3 0.7043457031 0.8542480469 0.0698242188 0.0366210938
3 0.6862792969 0.7609863281 0.0834960938 0.1118164062
3 0.6875000000 0.5488281250 0.0898437500 0.1171875000
1 0.9663085938 0.2268066406 0.0322265625 0.0170898438
1 0.9921875000 0.2268066406 0.0156250000 0.0151367188
0 0.9404296875 0.2465820312 0.0322265625 0.0175781250
1 0.9460449219 0.3178710938 0.0180664062 0.0312500000
1 0.9675292969 0.3532714844 0.0083007812 0.0180664062
1 0.8242187500 0.5791015625 0.0292968750 0.0175781250
1 0.8239746094 0.5222167969 0.0307617188 0.0190429688
0 0.7778320312 0.5048828125 0.0302734375 0.0166015625
0 0.7770996094 0.5869140625 0.0297851562 0.0175781250
2 0.8234863281 0.5507812500 0.0170898438 0.0273437500
