1 0.1743164062 0.2700892857 0.0673828125 0.0401785714
1 0.0649414062 0.2715773810 0.0673828125 0.0401785714
1 0.3715820312 0.1555059524 0.0341796875 0.0491071429
1 0.1855468750 0.6413690476 0.0351562500 0.0416666667
1 0.4599609375 0.8169642857 0.0371093750 0.0565476190
0 0.2133789062 0.7805059524 0.0283203125 0.0937500000
0 0.2763671875 0.8191964286 0.0625000000 0.0401785714
0 0.1000976562 0.8363095238 0.0654296875 0.0416666667
2 0.1206054688 0.7313988095 0.1064453125 0.1026785714
3 0.0683593750 0.5000000000 0.1347656250 0.1607142857
2 0.3393554688 0.4992559524 0.2392578125 0.4836309524
2 0.2690429688 0.1703869048 0.0419921875 0.0818452381
2 0.8061523438 0.4970238095 0.3876953125 0.6041666667
1 0.6455078125 0.2953869048 0.0351562500 0.0520833333
1 0.5996093750 0.5848214286 0.0332031250 0.0535714286
1 0.6323242188 0.6584821429 0.0322265625 0.0491071429
1 0.6879882812 0.7410714286 0.0302734375 0.0505952381
1 0.9794921875 0.7098214286 0.0332031250 0.0505952381
1 0.9213867188 0.1882440476 0.0322265625 0.0491071429
1 0.9760742188 0.2797619048 0.0322265625 0.0476190476
0 0.5258789062 0.1912202381 0.0302734375 0.0997023810
0 0.6206054688 0.7812500000 0.0654296875 0.0416666667
0 0.9433593750 0.7976190476 0.0292968750 0.0982142857
3 0.1782226562 0.5230654762 0.0810546875 0.1681547619
3 0.0444335938 0.7254464286 0.0400390625 0.1056547619
3 0.5087890625 0.0625000000 0.9824218750 0.1160714286
3 0.5117187500 0.9322916667 0.9765625000 0.1294642857
