1 0.1487500000 0.2700892857 0.0575000000 0.0401785714
1 0.0554166667 0.2715773810 0.0575000000 0.0401785714
1 0.3170833333 0.1555059524 0.0291666667 0.0491071429
1 0.1583333333 0.6413690476 0.0300000000 0.0416666667
1 0.3925000000 0.8169642857 0.0316666667 0.0565476190
0 0.1820833333 0.7805059524 0.0241666667 0.0937500000
0 0.2358333333 0.8191964286 0.0533333333 0.0401785714
0 0.0854166667 0.8363095238 0.0558333333 0.0416666667
2 0.1029166667 0.7313988095 0.0908333333 0.1026785714
3 0.0583333333 0.5000000000 0.1150000000 0.1607142857
2 0.2895833333 0.4992559524 0.2041666667 0.4836309524
2 0.2295833333 0.1703869048 0.0358333333 0.0818452381
2 0.6933333333 0.4970238095 0.3416666667 0.6041666667
1 0.5508333333 0.2953869048 0.0300000000 0.0520833333
1 0.5116666667 0.5848214286 0.0283333333 0.0535714286
1 0.5395833333 0.6584821429 0.0275000000 0.0491071429
1 0.5870833333 0.7410714286 0.0258333333 0.0505952381
1 0.8358333333 0.7098214286 0.0283333333 0.0505952381
1 0.7862500000 0.1882440476 0.0275000000 0.0491071429
1 0.8329166667 0.2797619048 0.0275000000 0.0476190476
0 0.4487500000 0.1912202381 0.0258333333 0.0997023810
0 0.5295833333 0.7812500000 0.0558333333 0.0416666667
0 0.9016666667 0.1584821429 0.0516666667 0.0461309524
0 0.9604166667 0.1584821429 0.0558333333 0.0461309524
0 0.8050000000 0.7976190476 0.0250000000 0.0982142857
0 0.9291666667 0.7254464286 0.0250000000 0.0967261905
1 0.9504166667 0.8273809524 0.0541666667 0.0625000000
1 0.9508333333 0.5997023810 0.0566666667 0.0625000000
1 0.9495833333 0.4836309524 0.0558333333 0.0595238095
1 0.9508333333 0.3809523810 0.0566666667 0.0684523810
1 0.9512500000 0.2648809524 0.0575000000 0.0654761905
1 0.8691666667 0.3400297619 0.0300000000 0.0461309524
3 0.1520833333 0.5230654762 0.0691666667 0.1681547619
3 0.0379166667 0.7254464286 0.0341666667 0.1056547619
3 0.5062500000 0.0625000000 0.9825000000 0.1160714286
3 0.5100000000 0.9322916667 0.9800000000 0.1294642857
