1 0.0268554688 0.6342773438 0.0537109375 0.1357421875
2 0.7622070312 0.9653320312 0.1357421875 0.0693359375
0 0.6298828125 0.9677734375 0.0781250000 0.0429687500
1 0.5185546875 0.8374023438 0.0800781250 0.1337890625
1 0.5166015625 0.6875000000 0.0722656250 0.1347656250
2 0.3754882812 0.8881835938 0.1376953125 0.1318359375
2 0.3686523438 0.6577148438 0.1337890625 0.1357421875
1 0.7241210938 0.6362304688 0.2001953125 0.1025390625
0 0.4121093750 0.5361328125 0.0839843750 0.0468750000
1 0.4101562500 0.4921875000 0.0800781250 0.0390625000
0 0.4101562500 0.4462890625 0.0839843750 0.0429687500
0 0.3325195312 0.4174804688 0.0771484375 0.0419921875
0 0.3110351562 0.3437500000 0.0419921875 0.0820312500
0 0.3520507812 0.3417968750 0.0341796875 0.0781250000
0 0.4101562500 0.3271484375 0.0800781250 0.0410156250
1 0.6542968750 0.4604492188 0.1152343750 0.2275390625
2 0.8549804688 0.1660156250 0.2900390625 0.3007812500
2 0.3969726562 0.1464843750 0.4052734375 0.2929687500
1 0.0800781250 0.1796875000 0.1210937500 0.2363281250
1 0.1782226562 0.3862304688 0.2001953125 0.1044921875
