0 0.1767578125 0.6201171875 0.0410156250 0.0195312500
2 0.1958007812 0.4445800781 0.0693359375 0.0708007812
1 0.2668457031 0.4580078125 0.0366210938 0.0673828125
2 0.2802734375 0.5595703125 0.1396484375 0.1005859375
1 0.3759765625 0.5183105469 0.0410156250 0.0229492188
0 0.3759765625 0.5422363281 0.0410156250 0.0190429688
0 0.4316406250 0.4846191406 0.0400390625 0.0219726562
0 0.4628906250 0.4819335938 0.0214843750 0.0419921875
0 0.4831542969 0.4819335938 0.0200195312 0.0419921875
0 0.5039062500 0.3613281250 0.0390625000 0.0214843750
0 0.5043945312 0.3852539062 0.0380859375 0.0214843750
0 0.5029296875 0.4106445312 0.0410156250 0.0224609375
0 0.5029296875 0.4335937500 0.0410156250 0.0244140625
0 0.5437011719 0.3608398438 0.0336914062 0.0224609375
0 0.5412597656 0.3857421875 0.0385742188 0.0224609375
0 0.5422363281 0.4101562500 0.0405273438 0.0214843750
0 0.5432128906 0.4340820312 0.0385742188 0.0273437500
1 0.6232910156 0.3884277344 0.0571289062 0.1147460938
1 0.7187500000 0.3598632812 0.1113281250 0.0576171875
1 0.7287597656 0.4406738281 0.1000976562 0.0493164062
1 0.8088378906 0.3171386719 0.0356445312 0.0678710938
0 0.8505859375 0.6086425781 0.0244140625 0.0424804688
0 0.9162597656 0.5805664062 0.0239257812 0.0419921875
0 0.9863281250 0.5795898438 0.0253906250 0.0419921875
2 0.9765625000 0.4440917969 0.0468750000 0.0659179688
0 0.9453125000 0.5039062500 0.0244140625 0.0419921875
2 0.9753417969 0.3288574219 0.0493164062 0.0678710938
0 0.9660644531 0.2087402344 0.0385742188 0.0209960938
0 0.9553222656 0.1718750000 0.0209960938 0.0410156250
0 0.9758300781 0.1708984375 0.0170898438 0.0390625000
1 0.8398437500 0.0898437500 0.0605468750 0.1181640625
1 0.0471191406 0.1005859375 0.0708007812 0.0400390625
1 0.1577148438 0.1010742188 0.0703125000 0.0410156250
1 0.3320312500 0.0732421875 0.0400390625 0.0683593750
1 0.3325195312 0.2226562500 0.0410156250 0.0722656250
2 0.5810546875 0.1403808594 0.3662109375 0.2807617188
1 0.8889160156 0.1931152344 0.1000976562 0.0522460938
2 0.1340332031 0.2573242188 0.2680664062 0.1875000000
