1 0.1430664062 0.2465820312 0.0712890625 0.1357421875
0 0.2265625000 0.8295898438 0.0488281250 0.0849609375
0 0.3579101562 0.7734375000 0.0478515625 0.0839843750
0 0.4980468750 0.7714843750 0.0507812500 0.0839843750
0 0.6962890625 0.7714843750 0.0410156250 0.0800781250
2 0.9057617188 0.8193359375 0.1884765625 0.1347656250
2 0.8872070312 0.6093750000 0.1357421875 0.1328125000
1 0.7578125000 0.6708984375 0.0761718750 0.0449218750
0 0.6840820312 0.6699218750 0.0732421875 0.0507812500
0 0.6093750000 0.6699218750 0.0781250000 0.0429687500
0 0.7548828125 0.6176757812 0.0859375000 0.0419921875
0 0.7548828125 0.5800781250 0.0781250000 0.0429687500
1 0.6435546875 0.4497070312 0.0800781250 0.1337890625
1 0.6416015625 0.2998046875 0.0722656250 0.1347656250
2 0.5004882812 0.5004882812 0.1376953125 0.1318359375
0 0.4160156250 0.6201171875 0.0488281250 0.0839843750
2 0.4936523438 0.2700195312 0.1337890625 0.1357421875
1 0.8491210938 0.2485351562 0.2001953125 0.1025390625
0 0.5371093750 0.1484375000 0.0839843750 0.0468750000
1 0.5351562500 0.1044921875 0.0800781250 0.0390625000
0 0.5351562500 0.0585937500 0.0839843750 0.0429687500
0 0.4575195312 0.0297851562 0.0771484375 0.0419921875
1 0.7792968750 0.0932617188 0.1152343750 0.1865234375
