2 0.1645507812 0.1284179688 0.1884765625 0.2568359375
0 0.0424804688 0.1542968750 0.0478515625 0.0800781250
0 0.8461914062 0.1474609375 0.0380859375 0.0820312500
1 0.8017578125 0.1474609375 0.0449218750 0.0859375000
0 0.7124023438 0.2070312500 0.0869140625 0.0468750000
1 0.7114257812 0.1259765625 0.0830078125 0.0468750000
0 0.7119140625 0.0820312500 0.0839843750 0.0468750000
1 0.6054687500 0.2089843750 0.0839843750 0.0429687500
2 0.5595703125 0.1127929688 0.1582031250 0.1298828125
1 0.3706054688 0.0717773438 0.1376953125 0.0712890625
1 0.3706054688 0.1445312500 0.1337890625 0.0800781250
1 0.3681640625 0.2099609375 0.0839843750 0.0410156250
0 0.0625000000 0.2846679688 0.0859375000 0.0439453125
1 0.0610351562 0.8007812500 0.1220703125 0.0761718750
1 0.3559570312 0.8027343750 0.1416015625 0.0800781250
1 0.5771484375 0.8037109375 0.1406250000 0.0820312500
1 0.9257812500 0.7480468750 0.0800781250 0.1367187500
2 0.5004882812 0.5004882812 0.5869140625 0.3662109375
