1 0.3686523438 0.9594726562 0.2001953125 0.0810546875
0 0.0566406250 0.8701171875 0.0839843750 0.0468750000
1 0.0546875000 0.8261718750 0.0800781250 0.0390625000
0 0.0546875000 0.7802734375 0.0839843750 0.0429687500
0 0.0546875000 0.6611328125 0.0800781250 0.0410156250
1 0.2988281250 0.7944335938 0.1152343750 0.2275390625
2 0.5000000000 0.5000000000 0.2910156250 0.3007812500
0 0.3193359375 0.3149414062 0.0839843750 0.0419921875
0 0.3212890625 0.2602539062 0.0839843750 0.0361328125
0 0.3212890625 0.2255859375 0.0839843750 0.0429687500
0 0.3193359375 0.1835937500 0.0800781250 0.0488281250
0 0.4062500000 0.2236328125 0.0761718750 0.0390625000
0 0.4052734375 0.1821289062 0.0781250000 0.0380859375
0 0.4863281250 0.2236328125 0.0781250000 0.0351562500
0 0.4853515625 0.1831054688 0.0800781250 0.0439453125
0 0.5776367188 0.3085937500 0.0830078125 0.0507812500
1 0.1547851562 0.0288085938 0.0419921875 0.0576171875
1 0.1186523438 0.0297851562 0.0322265625 0.0595703125
0 0.0883789062 0.0302734375 0.0341796875 0.0605468750
0 0.0561523438 0.0322265625 0.0322265625 0.0644531250
0 0.0219726562 0.0312500000 0.0341796875 0.0625000000
1 0.2119140625 0.0297851562 0.0410156250 0.0595703125
0 0.2597656250 0.0297851562 0.0410156250 0.0595703125
1 0.2900390625 0.0976562500 0.0839843750 0.0449218750
3 0.8710937500 0.5458984375 0.2578125000 0.6445312500
2 0.1220703125 0.4238281250 0.2441406250 0.4062500000
