0 0.9765625000 0.2333984375 0.0468750000 0.0781250000
1 0.7299804688 0.3041992188 0.1240234375 0.0693359375
1 0.6381835938 0.2441406250 0.0400390625 0.0742187500
0 0.6445312500 0.0493164062 0.0781250000 0.0380859375
1 0.6435546875 0.0893554688 0.0839843750 0.0419921875
0 0.3974609375 0.3437500000 0.0781250000 0.0410156250
0 0.2641601562 0.4497070312 0.0732421875 0.0361328125
1 0.2998046875 0.4116210938 0.0781250000 0.0380859375
1 0.2255859375 0.4121093750 0.0800781250 0.0410156250
0 0.2675781250 0.5068359375 0.0800781250 0.0390625000
1 0.2685546875 0.5786132812 0.0859375000 0.0361328125
1 0.2656250000 0.6147460938 0.0839843750 0.0380859375
2 0.5000000000 0.5004882812 0.2265625000 0.2275390625
0 0.7939453125 0.4125976562 0.0781250000 0.0400390625
0 0.7939453125 0.4526367188 0.0820312500 0.0341796875
0 0.7929687500 0.4912109375 0.0839843750 0.0371093750
0 0.7949218750 0.5288085938 0.0839843750 0.0400390625
0 0.7958984375 0.5703125000 0.0820312500 0.0410156250
0 0.7939453125 0.6118164062 0.0859375000 0.0478515625
0 0.9741210938 0.7265625000 0.0341796875 0.0820312500
0 0.9418945312 0.7270507812 0.0322265625 0.0888671875
0 0.9077148438 0.7270507812 0.0341796875 0.0849609375
0 0.8774414062 0.7270507812 0.0322265625 0.0849609375
0 0.8408203125 0.7270507812 0.0468750000 0.0849609375
1 0.1147460938 0.3374023438 0.0771484375 0.1396484375
1 0.1464843750 0.5795898438 0.0527343750 0.0791015625
1 0.1464843750 0.5029296875 0.0488281250 0.0761718750
1 0.0219726562 0.5600585938 0.0439453125 0.1279296875
1 0.1201171875 0.7446289062 0.0683593750 0.1357421875
1 0.2631835938 0.7446289062 0.0751953125 0.1357421875
0 0.0209960938 0.3686523438 0.0419921875 0.0361328125
0 0.0249023438 0.4028320312 0.0498046875 0.0302734375
0 0.0239257812 0.4340820312 0.0478515625 0.0380859375
0 0.0249023438 0.4726562500 0.0498046875 0.0371093750
1 0.6147460938 0.9360351562 0.1298828125 0.1279296875
1 0.6162109375 0.7563476562 0.1230468750 0.2314453125
