0 0.7612304688 0.4023437500 0.0673828125 0.0292968750
0 0.6811523438 0.4052734375 0.0693359375 0.0410156250
0 0.5800781250 0.5000000000 0.0488281250 0.0839843750
2 0.5004882812 0.5000000000 0.0947265625 0.0839843750
0 0.4160156250 0.4697265625 0.0488281250 0.0781250000
1 0.1684570312 0.5405273438 0.1240234375 0.0693359375
1 0.0766601562 0.4804687500 0.0400390625 0.0742187500
0 0.0830078125 0.2856445312 0.0781250000 0.0380859375
1 0.0820312500 0.3256835938 0.0839843750 0.0419921875
0 0.2324218750 0.6489257812 0.0781250000 0.0400390625
0 0.2324218750 0.6889648438 0.0820312500 0.0341796875
0 0.2314453125 0.7275390625 0.0839843750 0.0371093750
0 0.2333984375 0.7651367188 0.0839843750 0.0400390625
0 0.2343750000 0.8066406250 0.0820312500 0.0410156250
0 0.2324218750 0.8481445312 0.0859375000 0.0478515625
2 0.4536132812 0.7387695312 0.3251953125 0.3251953125
1 0.4790039062 0.9609375000 0.0419921875 0.0781250000
1 0.4428710938 0.9604492188 0.0322265625 0.0791015625
0 0.4125976562 0.9609375000 0.0341796875 0.0781250000
0 0.3803710938 0.9594726562 0.0322265625 0.0810546875
0 0.3461914062 0.9604492188 0.0341796875 0.0791015625
0 0.3159179688 0.9604492188 0.0322265625 0.0791015625
0 0.2792968750 0.9604492188 0.0468750000 0.0791015625
1 0.5361328125 0.9619140625 0.0410156250 0.0761718750
0 0.5839843750 0.9604492188 0.0410156250 0.0791015625
1 0.0581054688 0.9384765625 0.1162109375 0.1230468750
3 0.9194335938 0.3134765625 0.1220703125 0.1269531250
