0 0.7924804688 0.7246093750 0.0673828125 0.0292968750
0 0.7124023438 0.7275390625 0.0693359375 0.0410156250
0 0.6113281250 0.8222656250 0.0488281250 0.0839843750
2 0.5317382812 0.8222656250 0.0947265625 0.0839843750
0 0.4472656250 0.7919921875 0.0488281250 0.0781250000
1 0.1997070312 0.8627929688 0.1240234375 0.0693359375
1 0.1079101562 0.8027343750 0.0400390625 0.0742187500
0 0.1142578125 0.6079101562 0.0781250000 0.0380859375
1 0.1132812500 0.6479492188 0.0839843750 0.0419921875
0 0.2636718750 0.9711914062 0.0781250000 0.0400390625
3 0.9448242188 0.6357421875 0.1103515625 0.1269531250
