1 0.9687500000 0.8627929688 0.0625000000 0.0693359375
1 0.9077148438 0.8027343750 0.0400390625 0.0742187500
0 0.9140625000 0.6079101562 0.0781250000 0.0380859375
1 0.9130859375 0.6479492188 0.0839843750 0.0419921875
0 0.6669921875 0.9023437500 0.0781250000 0.0410156250
1 0.5693359375 0.9702148438 0.0781250000 0.0380859375
1 0.4951171875 0.9707031250 0.0800781250 0.0410156250
1 0.3842773438 0.8959960938 0.0771484375 0.1396484375
0 0.2744140625 0.9272460938 0.0742187500 0.0361328125
0 0.2753906250 0.9614257812 0.0878906250 0.0302734375
0 0.2744140625 0.9868164062 0.0859375000 0.0263671875
