1 0.9687500000 0.0629882812 0.0625000000 0.0693359375
1 0.9077148438 0.0200195312 0.0400390625 0.0400390625
0 0.6669921875 0.1025390625 0.0781250000 0.0410156250
0 0.5336914062 0.2084960938 0.0732421875 0.0361328125
1 0.5693359375 0.1704101562 0.0781250000 0.0380859375
1 0.4951171875 0.1708984375 0.0800781250 0.0410156250
0 0.5371093750 0.2656250000 0.0800781250 0.0390625000
1 0.5380859375 0.3374023438 0.0859375000 0.0361328125
1 0.5351562500 0.3735351562 0.0839843750 0.0380859375
2 0.7695312500 0.2592773438 0.2265625000 0.2275390625
1 0.3842773438 0.0961914062 0.0771484375 0.1396484375
1 0.4160156250 0.3383789062 0.0527343750 0.0791015625
1 0.4160156250 0.2617187500 0.0488281250 0.0761718750
1 0.2744140625 0.3188476562 0.0781250000 0.1279296875
1 0.3896484375 0.5034179688 0.0683593750 0.1357421875
1 0.5327148438 0.5034179688 0.0751953125 0.1357421875
0 0.2744140625 0.1274414062 0.0742187500 0.0361328125
0 0.2753906250 0.1616210938 0.0878906250 0.0302734375
0 0.2744140625 0.1928710938 0.0859375000 0.0380859375
0 0.2744140625 0.2314453125 0.0898437500 0.0371093750
1 0.8798828125 0.9306640625 0.1210937500 0.1386718750
1 0.8842773438 0.7456054688 0.1298828125 0.2294921875
1 0.8857421875 0.5151367188 0.1230468750 0.2314453125
2 0.0878906250 0.3081054688 0.1757812500 0.2392578125
2 0.3642578125 0.8154296875 0.7285156250 0.3691406250
