2 0.1293945312 0.8828125000 0.1455078125 0.1503906250
0 0.0390625000 0.7902832031 0.0419921875 0.0209960938
0 0.0400390625 0.7629394531 0.0419921875 0.0180664062
0 0.0400390625 0.7456054688 0.0419921875 0.0214843750
0 0.0390625000 0.7246093750 0.0400390625 0.0244140625
0 0.0825195312 0.7446289062 0.0380859375 0.0195312500
0 0.0820312500 0.7238769531 0.0390625000 0.0190429688
0 0.1225585938 0.7446289062 0.0390625000 0.0175781250
0 0.1220703125 0.7243652344 0.0400390625 0.0219726562
0 0.1682128906 0.7871093750 0.0415039062 0.0253906250
0 0.0979003906 0.3623046875 0.0336914062 0.0146484375
0 0.0578613281 0.3637695312 0.0346679688 0.0205078125
0 0.0097656250 0.4111328125 0.0195312500 0.0419921875
0 0.0097656250 0.6420898438 0.0195312500 0.0410156250
1 0.0244140625 0.6816406250 0.0419921875 0.0224609375
3 0.2690429688 0.5336914062 0.4296875000 0.3369140625
3 0.3784179688 0.8723144531 0.2558593750 0.2553710938
3 0.1770019531 0.3178710938 0.0610351562 0.0634765625
