0 0.0419921875 0.9584960938 0.0839843750 0.0361328125
0 0.0419921875 0.9238281250 0.0839843750 0.0429687500
0 0.0400390625 0.8818359375 0.0800781250 0.0488281250
0 0.1269531250 0.9218750000 0.0761718750 0.0390625000
0 0.1259765625 0.8803710938 0.0781250000 0.0380859375
0 0.2070312500 0.9218750000 0.0781250000 0.0351562500
0 0.2060546875 0.8813476562 0.0800781250 0.0439453125
0 0.1577148438 0.1572265625 0.0673828125 0.0292968750
0 0.0776367188 0.1601562500 0.0693359375 0.0410156250
1 0.0263671875 0.7958984375 0.0527343750 0.0449218750
3 0.5000000000 0.5000000000 0.8593750000 0.6738281250
3 0.3159179688 0.0683593750 0.1220703125 0.1269531250
