3 0.4775390625 0.5236816406 0.1982421875 0.2143554688
0 0.6123046875 0.5639648438 0.0361328125 0.0195312500
3 0.6435546875 0.3369140625 0.1562500000 0.1425781250
0 0.6501464844 0.5329589844 0.0639648438 0.0356445312
0 0.6491699219 0.4960937500 0.0639648438 0.0341796875
1 0.6469726562 0.4584960938 0.0361328125 0.0166015625
0 0.6437988281 0.4301757812 0.0874023438 0.0380859375
2 0.7512207031 0.5571289062 0.0942382812 0.1406250000
0 0.6901855469 0.5761718750 0.0239257812 0.0400390625
3 0.4750976562 0.8395996094 0.2021484375 0.2153320312
1 0.9716796875 0.6035156250 0.0419921875 0.0214843750
2 0.9487304688 0.5554199219 0.0791015625 0.0649414062
1 0.8542480469 0.5349121094 0.0688476562 0.0356445312
1 0.8542480469 0.5712890625 0.0668945312 0.0400390625
1 0.8530273438 0.6040039062 0.0419921875 0.0205078125
0 0.7001953125 0.6413574219 0.0429687500 0.0219726562
1 0.6960449219 0.8994140625 0.0678710938 0.0380859375
1 0.8469238281 0.9003906250 0.0708007812 0.0400390625
1 0.9575195312 0.9008789062 0.0703125000 0.0410156250
2 0.8862304688 0.7492675781 0.2275390625 0.1831054688
