0 0.5156250000 0.9462890625 0.0839843750 0.0468750000
1 0.5136718750 0.9023437500 0.0800781250 0.0390625000
0 0.5136718750 0.8564453125 0.0839843750 0.0429687500
0 0.4360351562 0.8276367188 0.0771484375 0.0419921875
0 0.4145507812 0.7539062500 0.0419921875 0.0820312500
0 0.4555664062 0.7519531250 0.0341796875 0.0781250000
0 0.5136718750 0.7373046875 0.0800781250 0.0410156250
1 0.7578125000 0.8706054688 0.1152343750 0.2275390625
2 0.9067382812 0.5761718750 0.1865234375 0.3007812500
0 0.7783203125 0.3911132812 0.0839843750 0.0419921875
0 0.7802734375 0.3364257812 0.0839843750 0.0361328125
0 0.7802734375 0.3017578125 0.0839843750 0.0429687500
0 0.7783203125 0.2597656250 0.0800781250 0.0488281250
0 0.8652343750 0.2998046875 0.0761718750 0.0390625000
0 0.8642578125 0.2583007812 0.0781250000 0.0380859375
0 0.9453125000 0.2998046875 0.0781250000 0.0351562500
0 0.9443359375 0.2592773438 0.0800781250 0.0439453125
1 0.6137695312 0.0942382812 0.0419921875 0.0791015625
1 0.5776367188 0.0947265625 0.0322265625 0.0820312500
0 0.5473632812 0.0957031250 0.0341796875 0.0820312500
0 0.5151367188 0.0961914062 0.0322265625 0.0888671875
0 0.4809570312 0.0961914062 0.0341796875 0.0849609375
0 0.4506835938 0.0961914062 0.0322265625 0.0849609375
0 0.4140625000 0.0961914062 0.0468750000 0.0849609375
1 0.6708984375 0.0961914062 0.0410156250 0.0791015625
0 0.7187500000 0.0947265625 0.0410156250 0.0820312500
1 0.7490234375 0.1738281250 0.0839843750 0.0449218750
2 0.5004882812 0.5000000000 0.4052734375 0.4062500000
1 0.1835937500 0.5898437500 0.1210937500 0.2363281250
1 0.1879882812 0.3559570312 0.1298828125 0.2294921875
1 0.1894531250 0.1254882812 0.1230468750 0.2314453125
1 0.2817382812 0.7963867188 0.2001953125 0.1044921875
