3 0.1767578125 0.2475585938 0.3535156250 0.4287109375
0 0.4248046875 0.3281250000 0.0722656250 0.0390625000
0 0.5004882812 0.2661132812 0.1279296875 0.0712890625
0 0.4985351562 0.1923828125 0.1279296875 0.0683593750
1 0.4941406250 0.1171875000 0.0722656250 0.0332031250
0 0.4877929688 0.0605468750 0.1748046875 0.0761718750
2 0.7026367188 0.3144531250 0.1884765625 0.2812500000
0 0.5805664062 0.3525390625 0.0478515625 0.0800781250
3 0.1762695312 0.8320312500 0.3525390625 0.3359375000
1 0.9086914062 0.2700195312 0.1376953125 0.0712890625
1 0.9086914062 0.3427734375 0.1337890625 0.0800781250
1 0.9062500000 0.4082031250 0.0839843750 0.0410156250
0 0.6005859375 0.4829101562 0.0859375000 0.0439453125
1 0.5922851562 0.9804687500 0.1357421875 0.0390625000
