1 0.1499023438 0.4770507812 0.0712890625 0.1357421875
2 0.8940429688 0.8398437500 0.1357421875 0.1328125000
1 0.7646484375 0.9013671875 0.0761718750 0.0449218750
0 0.6909179688 0.9003906250 0.0732421875 0.0507812500
0 0.6162109375 0.9003906250 0.0781250000 0.0429687500
0 0.7617187500 0.8481445312 0.0859375000 0.0419921875
0 0.7617187500 0.8105468750 0.0781250000 0.0429687500
1 0.6503906250 0.6801757812 0.0800781250 0.1337890625
1 0.6484375000 0.5302734375 0.0722656250 0.1347656250
2 0.5073242188 0.7309570312 0.1376953125 0.1318359375
0 0.4228515625 0.8505859375 0.0488281250 0.0839843750
2 0.5004882812 0.5004882812 0.1337890625 0.1357421875
1 0.8559570312 0.4790039062 0.2001953125 0.1025390625
0 0.5439453125 0.3789062500 0.0839843750 0.0468750000
1 0.5419921875 0.3349609375 0.0800781250 0.0390625000
0 0.5419921875 0.2890625000 0.0839843750 0.0429687500
0 0.4643554688 0.2602539062 0.0771484375 0.0419921875
0 0.4428710938 0.1865234375 0.0419921875 0.0820312500
0 0.4838867188 0.1845703125 0.0341796875 0.0781250000
0 0.5419921875 0.1699218750 0.0800781250 0.0410156250
1 0.7861328125 0.3032226562 0.1152343750 0.2275390625
1 0.2119140625 0.0703125000 0.1210937500 0.1406250000
1 0.3100585938 0.2290039062 0.2001953125 0.1044921875
