0 0.0634765625 0.9692382812 0.0800781250 0.0439453125
0 0.1259765625 0.9609375000 0.0429687500 0.0781250000
0 0.1665039062 0.9609375000 0.0400390625 0.0781250000
0 0.2080078125 0.7226562500 0.0781250000 0.0429687500
0 0.2089843750 0.7705078125 0.0761718750 0.0429687500
0 0.2060546875 0.8212890625 0.0820312500 0.0449218750
0 0.2060546875 0.8671875000 0.0820312500 0.0488281250
0 0.2875976562 0.7216796875 0.0673828125 0.0449218750
0 0.2827148438 0.7714843750 0.0771484375 0.0449218750
0 0.2846679688 0.8203125000 0.0810546875 0.0429687500
0 0.2866210938 0.8681640625 0.0771484375 0.0546875000
1 0.4467773438 0.7768554688 0.1142578125 0.2294921875
1 0.6376953125 0.7197265625 0.2226562500 0.1152343750
1 0.6577148438 0.8813476562 0.2001953125 0.0986328125
1 0.8178710938 0.6342773438 0.0712890625 0.1357421875
1 0.8798828125 0.1796875000 0.1210937500 0.2363281250
2 0.3642578125 0.2807617188 0.7285156250 0.5615234375
1 0.9389648438 0.3862304688 0.1220703125 0.1044921875
