0 0.0810546875 0.4521484375 0.0507812500 0.0839843750
0 0.2792968750 0.4521484375 0.0410156250 0.0800781250
2 0.5000000000 0.5000000000 0.2109375000 0.1347656250
1 0.6298828125 0.5292968750 0.0468750000 0.0761718750
1 0.6308593750 0.4501953125 0.0449218750 0.0800781250
0 0.6044921875 0.3930664062 0.0839843750 0.0439453125
0 0.6064453125 0.3515625000 0.0800781250 0.0488281250
1 0.6918945312 0.5009765625 0.0751953125 0.1367187500
2 0.4702148438 0.2900390625 0.1357421875 0.1328125000
1 0.3408203125 0.3515625000 0.0761718750 0.0449218750
0 0.2670898438 0.3505859375 0.0732421875 0.0507812500
0 0.1923828125 0.3505859375 0.0781250000 0.0429687500
0 0.3378906250 0.2983398438 0.0859375000 0.0419921875
0 0.3378906250 0.2607421875 0.0781250000 0.0429687500
1 0.2265625000 0.1303710938 0.0800781250 0.1337890625
2 0.0834960938 0.1811523438 0.1376953125 0.1318359375
