1 0.0395507812 0.5200195312 0.0791015625 0.2021484375
0 0.4619140625 0.8515625000 0.0820312500 0.0390625000
2 0.5000000000 0.5004882812 0.1386718750 0.1416015625
1 0.6420898438 0.5273437500 0.0732421875 0.1347656250
2 0.6689453125 0.7304687500 0.2792968750 0.2011718750
1 0.8603515625 0.6479492188 0.0820312500 0.0458984375
0 0.8603515625 0.6958007812 0.0820312500 0.0380859375
0 0.9658203125 0.5805664062 0.0683593750 0.0439453125
1 0.7734375000 0.0644531250 0.0820312500 0.1289062500
2 0.3491210938 0.1567382812 0.5908203125 0.3134765625
