1 0.0134277344 0.3171386719 0.0268554688 0.0678710938
0 0.0507812500 0.6086425781 0.0244140625 0.0424804688
0 0.1164550781 0.5805664062 0.0239257812 0.0419921875
0 0.1865234375 0.5795898438 0.0253906250 0.0419921875
0 0.2856445312 0.5795898438 0.0205078125 0.0400390625
2 0.3959960938 0.6035156250 0.1054687500 0.0673828125
1 0.4609375000 0.6181640625 0.0234375000 0.0380859375
1 0.4614257812 0.5786132812 0.0224609375 0.0400390625
0 0.4482421875 0.5500488281 0.0419921875 0.0219726562
0 0.4492187500 0.5292968750 0.0400390625 0.0244140625
1 0.4919433594 0.6040039062 0.0375976562 0.0683593750
3 0.6325683594 0.4338378906 0.3071289062 0.2163085938
2 0.3811035156 0.4985351562 0.0678710938 0.0664062500
1 0.3164062500 0.5292968750 0.0380859375 0.0224609375
0 0.2795410156 0.5288085938 0.0366210938 0.0253906250
0 0.2421875000 0.5288085938 0.0390625000 0.0214843750
0 0.3149414062 0.5026855469 0.0429687500 0.0209960938
0 0.3149414062 0.4838867188 0.0390625000 0.0214843750
1 0.2592773438 0.4187011719 0.0400390625 0.0668945312
1 0.2583007812 0.3437500000 0.0361328125 0.0673828125
2 0.1877441406 0.4440917969 0.0688476562 0.0659179688
0 0.1455078125 0.5039062500 0.0244140625 0.0419921875
2 0.1843261719 0.3288574219 0.0668945312 0.0678710938
1 0.3620605469 0.3181152344 0.1000976562 0.0512695312
0 0.2060546875 0.2680664062 0.0419921875 0.0234375000
1 0.2050781250 0.2460937500 0.0400390625 0.0195312500
0 0.2050781250 0.2231445312 0.0419921875 0.0214843750
0 0.1662597656 0.2087402344 0.0385742188 0.0209960938
0 0.1555175781 0.1718750000 0.0209960938 0.0410156250
0 0.1760253906 0.1708984375 0.0170898438 0.0390625000
0 0.2050781250 0.1635742188 0.0400390625 0.0205078125
1 0.3271484375 0.2302246094 0.0576171875 0.1137695312
2 0.4277343750 0.0830078125 0.1455078125 0.1503906250
3 0.6767578125 0.1335449219 0.2558593750 0.2670898438
2 0.1984863281 0.0732421875 0.2026367188 0.1464843750
1 0.0400390625 0.0898437500 0.0605468750 0.1181640625
1 0.0891113281 0.1931152344 0.1000976562 0.0522460938
