0 0.1113281250 0.6621093750 0.0507812500 0.0839843750
0 0.3095703125 0.6621093750 0.0410156250 0.0800781250
2 0.5302734375 0.7099609375 0.2109375000 0.1347656250
1 0.6601562500 0.7392578125 0.0468750000 0.0761718750
1 0.6611328125 0.6601562500 0.0449218750 0.0800781250
0 0.6347656250 0.6030273438 0.0839843750 0.0439453125
0 0.6367187500 0.5615234375 0.0800781250 0.0488281250
1 0.7221679688 0.7109375000 0.0751953125 0.1367187500
2 0.5004882812 0.5000000000 0.1357421875 0.1328125000
1 0.3710937500 0.5615234375 0.0761718750 0.0449218750
0 0.2973632812 0.5605468750 0.0732421875 0.0507812500
0 0.2226562500 0.5605468750 0.0781250000 0.0429687500
0 0.3681640625 0.5083007812 0.0859375000 0.0419921875
0 0.3681640625 0.4707031250 0.0781250000 0.0429687500
1 0.2568359375 0.3403320312 0.0800781250 0.1337890625
1 0.2548828125 0.1904296875 0.0722656250 0.1347656250
2 0.1137695312 0.3911132812 0.1376953125 0.1318359375
0 0.0292968750 0.5107421875 0.0488281250 0.0839843750
2 0.1069335938 0.1606445312 0.1337890625 0.1357421875
1 0.4624023438 0.1391601562 0.2001953125 0.1025390625
0 0.1503906250 0.0390625000 0.0839843750 0.0468750000
