1 0.9711914062 0.3632812500 0.0576171875 0.0410156250
1 0.8715820312 0.2885742188 0.0771484375 0.1396484375
1 0.9033203125 0.5307617188 0.0527343750 0.0791015625
1 0.9033203125 0.4541015625 0.0488281250 0.0761718750
1 0.7617187500 0.5112304688 0.0781250000 0.1279296875
1 0.8769531250 0.6958007812 0.0683593750 0.1357421875
0 0.7617187500 0.3198242188 0.0742187500 0.0361328125
0 0.7626953125 0.3540039062 0.0878906250 0.0302734375
0 0.7617187500 0.3852539062 0.0859375000 0.0380859375
0 0.7617187500 0.4238281250 0.0898437500 0.0371093750
2 0.5004882812 0.5004882812 0.3251953125 0.2392578125
0 0.3085937500 0.0986328125 0.0449218750 0.0839843750
1 0.3066406250 0.0327148438 0.0449218750 0.0654296875
0 0.2719726562 0.5380859375 0.0380859375 0.0820312500
1 0.2275390625 0.5380859375 0.0449218750 0.0859375000
0 0.1381835938 0.5976562500 0.0869140625 0.0468750000
1 0.1372070312 0.5166015625 0.0830078125 0.0468750000
0 0.1376953125 0.4726562500 0.0839843750 0.0468750000
1 0.0366210938 0.5996093750 0.0732421875 0.0429687500
