1 0.0134277344 0.1848144531 0.0268554688 0.0678710938
0 0.0507812500 0.4763183594 0.0244140625 0.0424804688
0 0.1164550781 0.4482421875 0.0239257812 0.0419921875
0 0.1865234375 0.4472656250 0.0253906250 0.0419921875
0 0.2856445312 0.4472656250 0.0205078125 0.0400390625
2 0.3959960938 0.4711914062 0.1054687500 0.0673828125
1 0.4609375000 0.4858398438 0.0234375000 0.0380859375
1 0.4614257812 0.4462890625 0.0224609375 0.0400390625
0 0.4482421875 0.4177246094 0.0419921875 0.0219726562
0 0.4492187500 0.3969726562 0.0400390625 0.0244140625
1 0.4919433594 0.4716796875 0.0375976562 0.0683593750
3 0.6325683594 0.3015136719 0.3071289062 0.2163085938
2 0.3811035156 0.3662109375 0.0678710938 0.0664062500
1 0.3164062500 0.3969726562 0.0380859375 0.0224609375
0 0.2795410156 0.3964843750 0.0366210938 0.0253906250
0 0.2421875000 0.3964843750 0.0390625000 0.0214843750
0 0.3149414062 0.3703613281 0.0429687500 0.0209960938
0 0.3149414062 0.3515625000 0.0390625000 0.0214843750
1 0.2592773438 0.2863769531 0.0400390625 0.0668945312
1 0.2583007812 0.2114257812 0.0361328125 0.0673828125
2 0.1877441406 0.3117675781 0.0688476562 0.0659179688
0 0.1455078125 0.3715820312 0.0244140625 0.0419921875
2 0.1843261719 0.1965332031 0.0668945312 0.0678710938
1 0.3620605469 0.1857910156 0.1000976562 0.0512695312
0 0.2060546875 0.1357421875 0.0419921875 0.0234375000
1 0.2050781250 0.1137695312 0.0400390625 0.0195312500
0 0.2050781250 0.0908203125 0.0419921875 0.0214843750
0 0.1662597656 0.0764160156 0.0385742188 0.0209960938
0 0.1555175781 0.0395507812 0.0209960938 0.0410156250
0 0.1760253906 0.0385742188 0.0170898438 0.0390625000
0 0.2050781250 0.0312500000 0.0400390625 0.0205078125
1 0.3271484375 0.0979003906 0.0576171875 0.1137695312
1 0.0891113281 0.0607910156 0.1000976562 0.0522460938
