3 0.4750976562 0.0737304688 0.2021484375 0.1474609375
1 0.7604980469 0.4543457031 0.0493164062 0.1010742188
0 0.9765625000 0.6201171875 0.0410156250 0.0195312500
2 0.9804687500 0.4445800781 0.0390625000 0.0708007812
1 0.6960449219 0.0996093750 0.0678710938 0.0380859375
1 0.8469238281 0.1005859375 0.0708007812 0.0400390625
1 0.9575195312 0.1010742188 0.0703125000 0.0410156250
3 0.5385742188 0.3593750000 0.2978515625 0.3271484375
3 0.6994628906 0.5952148438 0.3520507812 0.1064453125
2 0.8862304688 0.2573242188 0.2275390625 0.1875000000
