2 0.1049804688 0.5039062500 0.1884765625 0.2812500000
0 0.8232421875 0.0957031250 0.0449218750 0.0839843750
1 0.8212890625 0.0312500000 0.0449218750 0.0625000000
0 0.7866210938 0.5351562500 0.0380859375 0.0820312500
1 0.7421875000 0.5351562500 0.0449218750 0.0859375000
0 0.6528320312 0.5947265625 0.0869140625 0.0468750000
1 0.6518554688 0.5136718750 0.0830078125 0.0468750000
0 0.6523437500 0.4697265625 0.0839843750 0.0468750000
1 0.5458984375 0.5966796875 0.0839843750 0.0429687500
2 0.5000000000 0.5004882812 0.1582031250 0.1298828125
1 0.3110351562 0.4594726562 0.1376953125 0.0712890625
1 0.3110351562 0.5322265625 0.1337890625 0.0800781250
1 0.3085937500 0.5976562500 0.0839843750 0.0410156250
0 0.0229492188 0.6723632812 0.0458984375 0.0439453125
2 0.4409179688 0.8525390625 0.5869140625 0.2949218750
