0 0.2226562500 0.5136718750 0.0722656250 0.0390625000
3 0.2851562500 0.1010742188 0.3125000000 0.2021484375
0 0.2983398438 0.4516601562 0.1279296875 0.0712890625
0 0.2963867188 0.3779296875 0.1279296875 0.0683593750
1 0.2919921875 0.3027343750 0.0722656250 0.0332031250
0 0.2856445312 0.2460937500 0.1748046875 0.0761718750
2 0.5004882812 0.5000000000 0.1884765625 0.2812500000
0 0.3784179688 0.5380859375 0.0478515625 0.0800781250
1 0.9414062500 0.5927734375 0.0839843750 0.0429687500
2 0.8955078125 0.4965820312 0.1582031250 0.1298828125
1 0.7065429688 0.4555664062 0.1376953125 0.0712890625
1 0.7065429688 0.5283203125 0.1337890625 0.0800781250
1 0.7041015625 0.5937500000 0.0839843750 0.0410156250
0 0.3984375000 0.6684570312 0.0859375000 0.0439453125
2 0.7714843750 0.8505859375 0.4570312500 0.2988281250
