0 0.1767578125 0.4877929688 0.0410156250 0.0195312500
2 0.1958007812 0.3122558594 0.0693359375 0.0708007812
1 0.2668457031 0.3256835938 0.0366210938 0.0673828125
2 0.2802734375 0.4272460938 0.1396484375 0.1005859375
1 0.3759765625 0.3859863281 0.0410156250 0.0229492188
0 0.3759765625 0.4099121094 0.0410156250 0.0190429688
0 0.4316406250 0.3522949219 0.0400390625 0.0219726562
0 0.4628906250 0.3496093750 0.0214843750 0.0419921875
0 0.4831542969 0.3496093750 0.0200195312 0.0419921875
0 0.5039062500 0.2290039062 0.0390625000 0.0214843750
0 0.5043945312 0.2529296875 0.0380859375 0.0214843750
0 0.5029296875 0.2783203125 0.0410156250 0.0224609375
0 0.5029296875 0.3012695312 0.0410156250 0.0244140625
0 0.5437011719 0.2285156250 0.0336914062 0.0224609375
0 0.5412597656 0.2534179688 0.0385742188 0.0224609375
0 0.5422363281 0.2778320312 0.0405273438 0.0214843750
0 0.5432128906 0.3017578125 0.0385742188 0.0273437500
1 0.6232910156 0.2561035156 0.0571289062 0.1147460938
1 0.7187500000 0.2275390625 0.1113281250 0.0576171875
1 0.7287597656 0.3083496094 0.1000976562 0.0493164062
1 0.8088378906 0.1848144531 0.0356445312 0.0678710938
0 0.8505859375 0.4763183594 0.0244140625 0.0424804688
0 0.9162597656 0.4482421875 0.0239257812 0.0419921875
0 0.9863281250 0.4472656250 0.0253906250 0.0419921875
2 0.9765625000 0.3117675781 0.0468750000 0.0659179688
0 0.9453125000 0.3715820312 0.0244140625 0.0419921875
2 0.9753417969 0.1965332031 0.0493164062 0.0678710938
0 0.9660644531 0.0764160156 0.0385742188 0.0209960938
0 0.9553222656 0.0395507812 0.0209960938 0.0410156250
0 0.9758300781 0.0385742188 0.0170898438 0.0390625000
1 0.3325195312 0.0903320312 0.0410156250 0.0722656250
1 0.8889160156 0.0607910156 0.1000976562 0.0522460938
2 0.1340332031 0.1250000000 0.2680664062 0.1875000000
