0 0.9553222656 0.9716796875 0.0209960938 0.0410156250
0 0.9758300781 0.9707031250 0.0170898438 0.0390625000
1 0.8996582031 0.4313964844 0.0620117188 0.0346679688
1 0.8537597656 0.4013671875 0.0200195312 0.0371093750
0 0.8569335938 0.3039550781 0.0390625000 0.0190429688
1 0.8564453125 0.3239746094 0.0419921875 0.0209960938
0 0.7333984375 0.4511718750 0.0390625000 0.0205078125
0 0.6667480469 0.5041503906 0.0366210938 0.0180664062
1 0.6845703125 0.4851074219 0.0390625000 0.0190429688
1 0.6474609375 0.4853515625 0.0400390625 0.0205078125
0 0.6684570312 0.5327148438 0.0400390625 0.0195312500
1 0.6689453125 0.5686035156 0.0429687500 0.0180664062
1 0.6674804688 0.5866699219 0.0419921875 0.0190429688
2 0.7846679688 0.5295410156 0.1132812500 0.1137695312
0 0.9316406250 0.4855957031 0.0390625000 0.0200195312
0 0.9316406250 0.5056152344 0.0410156250 0.0170898438
0 0.9311523438 0.5249023438 0.0419921875 0.0185546875
0 0.9321289062 0.5437011719 0.0419921875 0.0200195312
0 0.9326171875 0.5644531250 0.0410156250 0.0205078125
0 0.9316406250 0.5852050781 0.0429687500 0.0239257812
0 0.9885253906 0.6428222656 0.0170898438 0.0424804688
0 0.9733886719 0.6428222656 0.0161132812 0.0424804688
0 0.9550781250 0.6428222656 0.0234375000 0.0424804688
1 0.5920410156 0.4479980469 0.0385742188 0.0698242188
1 0.6079101562 0.5690917969 0.0263671875 0.0395507812
1 0.6079101562 0.5307617188 0.0244140625 0.0380859375
1 0.5371093750 0.5593261719 0.0390625000 0.0639648438
1 0.5947265625 0.6516113281 0.0341796875 0.0678710938
1 0.6662597656 0.6516113281 0.0375976562 0.0678710938
0 0.5371093750 0.4636230469 0.0371093750 0.0180664062
0 0.5375976562 0.4807128906 0.0439453125 0.0151367188
0 0.5371093750 0.4963378906 0.0429687500 0.0190429688
0 0.5371093750 0.5156250000 0.0449218750 0.0185546875
2 0.9484863281 0.8447265625 0.1030273438 0.2031250000
1 0.8398437500 0.8896484375 0.0605468750 0.1181640625
1 0.8420410156 0.7727050781 0.0649414062 0.1147460938
1 0.8427734375 0.6574707031 0.0615234375 0.1157226562
2 0.4064941406 0.5539550781 0.1625976562 0.1196289062
0 0.3105468750 0.3530273438 0.0224609375 0.0419921875
1 0.3095703125 0.3154296875 0.0224609375 0.0419921875
0 0.2922363281 0.5727539062 0.0190429688 0.0410156250
1 0.2700195312 0.5727539062 0.0224609375 0.0429687500
0 0.2253417969 0.6025390625 0.0434570312 0.0234375000
1 0.2248535156 0.5620117188 0.0415039062 0.0234375000
0 0.2250976562 0.5400390625 0.0419921875 0.0234375000
1 0.1718750000 0.6035156250 0.0419921875 0.0214843750
2 0.1489257812 0.5554199219 0.0791015625 0.0649414062
1 0.0544433594 0.5349121094 0.0688476562 0.0356445312
1 0.0544433594 0.5712890625 0.0668945312 0.0400390625
1 0.0532226562 0.6040039062 0.0419921875 0.0205078125
1 0.0471191406 0.9003906250 0.0708007812 0.0400390625
1 0.1577148438 0.9008789062 0.0703125000 0.0410156250
1 0.3320312500 0.8730468750 0.0400390625 0.0683593750
2 0.5810546875 0.8576660156 0.3662109375 0.2846679688
1 0.8889160156 0.9833984375 0.1000976562 0.0332031250
2 0.1330566406 0.7492675781 0.2661132812 0.1831054688
