0 0.1015625000 0.4174804688 0.0488281250 0.0849609375
0 0.2329101562 0.3613281250 0.0478515625 0.0839843750
0 0.3730468750 0.3593750000 0.0507812500 0.0839843750
0 0.5712890625 0.3593750000 0.0410156250 0.0800781250
2 0.7919921875 0.4072265625 0.2109375000 0.1347656250
1 0.9218750000 0.4365234375 0.0468750000 0.0761718750
1 0.9228515625 0.3574218750 0.0449218750 0.0800781250
0 0.8964843750 0.3002929688 0.0839843750 0.0439453125
0 0.8984375000 0.2587890625 0.0800781250 0.0488281250
1 0.9731445312 0.4082031250 0.0537109375 0.1367187500
2 0.7622070312 0.1972656250 0.1357421875 0.1328125000
1 0.6328125000 0.2587890625 0.0761718750 0.0449218750
0 0.5590820312 0.2578125000 0.0732421875 0.0507812500
0 0.4843750000 0.2578125000 0.0781250000 0.0429687500
0 0.6298828125 0.2055664062 0.0859375000 0.0419921875
0 0.6298828125 0.1679687500 0.0781250000 0.0429687500
1 0.5185546875 0.0522460938 0.0800781250 0.1044921875
2 0.3754882812 0.0883789062 0.1376953125 0.1318359375
0 0.2910156250 0.2080078125 0.0488281250 0.0839843750
