2 0.0976562500 0.6035156250 0.1054687500 0.0673828125
1 0.1625976562 0.6181640625 0.0234375000 0.0380859375
1 0.1630859375 0.5786132812 0.0224609375 0.0400390625
0 0.1499023438 0.5500488281 0.0419921875 0.0219726562
0 0.1508789062 0.5292968750 0.0400390625 0.0244140625
1 0.1936035156 0.6040039062 0.0375976562 0.0683593750
3 0.3342285156 0.4338378906 0.3071289062 0.2163085938
2 0.0827636719 0.4985351562 0.0678710938 0.0664062500
1 0.0185546875 0.5292968750 0.0371093750 0.0224609375
0 0.0190429688 0.5026855469 0.0380859375 0.0209960938
0 0.0180664062 0.4838867188 0.0361328125 0.0214843750
1 0.0637207031 0.3181152344 0.1000976562 0.0512695312
1 0.0288085938 0.2302246094 0.0576171875 0.1137695312
2 0.1293945312 0.0830078125 0.1455078125 0.1503906250
3 0.3784179688 0.1335449219 0.2558593750 0.2670898438
