0 0.6923828125 0.9653320312 0.0839843750 0.0361328125
0 0.6923828125 0.9306640625 0.0839843750 0.0429687500
0 0.6904296875 0.8886718750 0.0800781250 0.0488281250
0 0.7773437500 0.9287109375 0.0761718750 0.0390625000
0 0.7763671875 0.8872070312 0.0781250000 0.0380859375
0 0.8574218750 0.9287109375 0.0781250000 0.0351562500
0 0.8564453125 0.8881835938 0.0800781250 0.0439453125
0 0.8081054688 0.1640625000 0.0673828125 0.0292968750
0 0.7280273438 0.1669921875 0.0693359375 0.0410156250
0 0.6269531250 0.2617187500 0.0488281250 0.0839843750
2 0.5473632812 0.2617187500 0.0947265625 0.0839843750
0 0.4628906250 0.2314453125 0.0488281250 0.0781250000
1 0.2153320312 0.3022460938 0.1240234375 0.0693359375
1 0.1235351562 0.2421875000 0.0400390625 0.0742187500
0 0.1298828125 0.0473632812 0.0781250000 0.0380859375
1 0.1289062500 0.0874023438 0.0839843750 0.0419921875
0 0.2792968750 0.4106445312 0.0781250000 0.0400390625
0 0.2792968750 0.4506835938 0.0820312500 0.0341796875
0 0.2783203125 0.4892578125 0.0839843750 0.0371093750
0 0.2802734375 0.5268554688 0.0839843750 0.0400390625
0 0.2812500000 0.5683593750 0.0820312500 0.0410156250
0 0.2792968750 0.6098632812 0.0859375000 0.0478515625
2 0.5004882812 0.5004882812 0.3251953125 0.3251953125
1 0.5258789062 0.7231445312 0.0419921875 0.0791015625
1 0.4897460938 0.7236328125 0.0322265625 0.0820312500
0 0.4594726562 0.7246093750 0.0341796875 0.0820312500
0 0.4272460938 0.7250976562 0.0322265625 0.0888671875
0 0.3930664062 0.7250976562 0.0341796875 0.0849609375
0 0.3627929688 0.7250976562 0.0322265625 0.0849609375
0 0.3261718750 0.7250976562 0.0468750000 0.0849609375
1 0.5830078125 0.7250976562 0.0410156250 0.0791015625
0 0.6308593750 0.7236328125 0.0410156250 0.0820312500
1 0.6611328125 0.8027343750 0.0839843750 0.0449218750
1 0.1000976562 0.9350585938 0.1298828125 0.1298828125
1 0.1015625000 0.7543945312 0.1230468750 0.2314453125
3 0.9526367188 0.0751953125 0.0947265625 0.1269531250
