3 0.1831054688 0.8295898438 0.3662109375 0.3408203125
0 0.4375000000 0.9541015625 0.0722656250 0.0390625000
3 0.5000000000 0.5000000000 0.3125000000 0.2851562500
0 0.5131835938 0.8920898438 0.1279296875 0.0712890625
0 0.5112304688 0.8183593750 0.1279296875 0.0683593750
1 0.5068359375 0.7431640625 0.0722656250 0.0332031250
0 0.5004882812 0.6865234375 0.1748046875 0.0761718750
2 0.7153320312 0.8999023438 0.1884765625 0.2001953125
0 0.5932617188 0.9692382812 0.0478515625 0.0615234375
1 0.9213867188 0.8959960938 0.1376953125 0.0712890625
1 0.9213867188 0.9643554688 0.1337890625 0.0712890625
