0 0.2929687500 0.6210937500 0.0820312500 0.0390625000
2 0.3310546875 0.2700195312 0.1386718750 0.1416015625
1 0.4731445312 0.2968750000 0.0732421875 0.1347656250
2 0.5000000000 0.5000000000 0.2792968750 0.2011718750
1 0.6914062500 0.4174804688 0.0820312500 0.0458984375
0 0.6914062500 0.4653320312 0.0820312500 0.0380859375
0 0.8027343750 0.3500976562 0.0800781250 0.0439453125
0 0.8652343750 0.3447265625 0.0429687500 0.0839843750
0 0.9057617188 0.3447265625 0.0400390625 0.0839843750
0 0.9472656250 0.1035156250 0.0781250000 0.0429687500
0 0.9482421875 0.1513671875 0.0761718750 0.0429687500
0 0.9453125000 0.2021484375 0.0820312500 0.0449218750
0 0.9453125000 0.2480468750 0.0820312500 0.0488281250
