0 0.1555175781 0.9716796875 0.0209960938 0.0410156250
0 0.1760253906 0.9707031250 0.0170898438 0.0390625000
0 0.2050781250 0.9633789062 0.0400390625 0.0205078125
2 0.4277343750 0.8828125000 0.1455078125 0.1503906250
0 0.3374023438 0.7902832031 0.0419921875 0.0209960938
0 0.3383789062 0.7629394531 0.0419921875 0.0180664062
0 0.3383789062 0.7456054688 0.0419921875 0.0214843750
0 0.3374023438 0.7246093750 0.0400390625 0.0244140625
0 0.3808593750 0.7446289062 0.0380859375 0.0195312500
0 0.3803710938 0.7238769531 0.0390625000 0.0190429688
0 0.4208984375 0.7446289062 0.0390625000 0.0175781250
0 0.4204101562 0.7243652344 0.0400390625 0.0219726562
0 0.4665527344 0.7871093750 0.0415039062 0.0253906250
0 0.3962402344 0.3623046875 0.0336914062 0.0146484375
0 0.3562011719 0.3637695312 0.0346679688 0.0205078125
0 0.3056640625 0.4111328125 0.0244140625 0.0419921875
2 0.2658691406 0.4111328125 0.0473632812 0.0419921875
0 0.2236328125 0.3959960938 0.0244140625 0.0390625000
1 0.0998535156 0.4313964844 0.0620117188 0.0346679688
1 0.0539550781 0.4013671875 0.0200195312 0.0371093750
0 0.0571289062 0.3039550781 0.0390625000 0.0190429688
1 0.0566406250 0.3239746094 0.0419921875 0.0209960938
0 0.1318359375 0.4855957031 0.0390625000 0.0200195312
0 0.1318359375 0.5056152344 0.0410156250 0.0170898438
0 0.1313476562 0.5249023438 0.0419921875 0.0185546875
0 0.1323242188 0.5437011719 0.0419921875 0.0200195312
0 0.1328125000 0.5644531250 0.0410156250 0.0205078125
0 0.1318359375 0.5852050781 0.0429687500 0.0239257812
2 0.2424316406 0.5305175781 0.1625976562 0.1625976562
1 0.2551269531 0.6418457031 0.0209960938 0.0395507812
1 0.2370605469 0.6420898438 0.0161132812 0.0410156250
0 0.2219238281 0.6425781250 0.0170898438 0.0410156250
0 0.2058105469 0.6428222656 0.0161132812 0.0444335938
0 0.1887207031 0.6428222656 0.0170898438 0.0424804688
0 0.1735839844 0.6428222656 0.0161132812 0.0424804688
0 0.1552734375 0.6428222656 0.0234375000 0.0424804688
1 0.2836914062 0.6428222656 0.0205078125 0.0395507812
0 0.3076171875 0.6420898438 0.0205078125 0.0410156250
1 0.3227539062 0.6816406250 0.0419921875 0.0224609375
3 0.5673828125 0.5336914062 0.4296875000 0.3369140625
3 0.6767578125 0.8723144531 0.2558593750 0.2553710938
2 0.1984863281 0.8447265625 0.2026367188 0.2031250000
1 0.0400390625 0.8896484375 0.0605468750 0.1181640625
1 0.0422363281 0.7727050781 0.0649414062 0.1147460938
1 0.0429687500 0.6574707031 0.0615234375 0.1157226562
1 0.0891113281 0.9833984375 0.1000976562 0.0332031250
3 0.4753417969 0.3178710938 0.0610351562 0.0634765625
